NEW
19514897
17
16272469
294
18464147
415
15197179
479
18021634
499
18130598
533
13955186
572
14579494
700
7459221
709
6677293
747
21057006
750
41522043
777
16250137
854
18754874
885
16210652
921
14579476
1008
9001623
1173
35497190
1522
NEW
16250137
20
14579493
144
14579494
161
41522043
238
17791429
241
7461171
257
18752426
265
21057006
292
6677293
295
16253106
321
7770986
390
14579088
411
18021634
422
14579476
469
49650310
486
13955186
686
15197179
698
16210652
844
35497190
983
18754874
999
9001623
1287
NEW
18130267
16
16253106
92
7770986
161
18021634
193
49650310
257
13955186
457
15197179
469
14579493
608
16210652
615
17791429
705
7461171
721
21057006
756
6677293
759
18754874
770
14579476
933
9001623
1058
35497190
1447
NEW
18752428
17
18130267
1
16253106
93
7770986
162
18021634
194
49650310
258
13955186
458
15197179
470
14579493
609
16210652
616
17791429
706
7461171
722
21057006
757
6677293
760
18754874
771
14579476
934
9001623
1059
35497190
1448
NEW
18752426
19
16253106
57
7770986
126
18021634
158
18130598
192
18464147
212
49650310
222
13955186
422
15197179
434
19514897
465
14579493
573
16210652
580
17791429
670
7461171
686
21057006
721
6677293
724
18754874
735
14579476
898
9001623
1023
35497190
1412
NEW
18130598
10
18021634
220
13955186
484
15197179
496
16210652
642
21057006
783
6677293
786
18754874
797
14579476
960
9001623
1085
35497190
1474
NEW
14579088
19
18021634
676
16210652
679
18464147
730
49650310
740
16253106
803
7770986
872
13955186
940
15197179
952
19514897
983
7459221
1077
14579493
1091
17791429
1188
7461171
1204
21057006
1239
6677293
1242
18754874
1253
14579476
1416
9001623
1541
35497190
1930
NEW
18464147
23
16253106
91
16272469
137
7770986
160
18021634
192
18130598
226
15197179
240
19514897
250
49650310
256
13955186
307
14579493
379
14579494
396
7459221
444
41522043
473
17791429
476
7461171
492
21057006
527
6677293
530
16250137
550
16210652
614
18754874
620
14579476
704
9001623
908
35497190
1218
NEW
41522043
19
21057006
54
6677293
57
16250137
97
17791429
99
14579493
150
14579494
167
7461171
199
14579476
411
16253106
425
7770986
494
18021634
526
15197179
583
19514897
589
49650310
590
13955186
790
35497190
925
16210652
948
18754874
1103
9001623
1391
NEW
14579494
22
14579088
250
14579476
350
14579493
699
41522043
729
17791429
732
7461171
748
21057006
783
6677293
786
18021634
794
16210652
797
16250137
806
18464147
848
49650310
858
16253106
921
7770986
990
35497190
1032
13955186
1058
15197179
1070
19514897
1101
7459221
1195
18754874
1371
9001623
1659
NEW
15197179
23
19514897
100
16272469
201
14579493
215
14579494
232
16253106
305
41522043
309
17791429
312
18464147
322
7461171
328
21057006
363
6677293
366
7770986
374
16250137
386
18021634
406
18130598
440
49650310
470
13955186
479
14579476
540
7459221
616
16210652
828
18754874
1016
35497190
1054
9001623
1080
NEW
16272469
23
16253106
104
19514897
129
18464147
137
7770986
173
15197179
201
18021634
205
18130598
239
49650310
269
13955186
294
14579493
392
14579494
409
7459221
431
6677293
469
21057006
472
41522043
486
17791429
489
7461171
505
16250137
563
18754874
607
16210652
627
14579476
717
9001623
895
35497190
1231
NEW
16211076
17
18130598
8
16253106
127
7770986
196
18021634
228
49650310
292
13955186
492
15197179
504
14579493
643
16210652
650
17791429
740
7461171
756
21057006
791
6677293
794
18754874
805
14579476
968
9001623
1093
35497190
1482
NEW
16253106
20
7770986
69
16211076
127
18130598
135
15197179
277
18021634
355
19514897
377
14579493
416
14579494
433
41522043
510
17791429
513
16210652
523
7461171
529
21057006
564
6677293
567
16250137
587
13955186
619
14579476
741
18754874
932
9001623
1220
35497190
1255
NEW
14579493
17
14579494
17
14579476
367
17791429
749
7461171
765
21057006
800
6677293
803
18021634
811
16210652
814
49650310
875
16253106
938
7770986
1007
35497190
1049
13955186
1075
15197179
1087
7459221
1212
18754874
1388
9001623
1676
NEW
49650310
19
16272469
129
18464147
142
13955186
199
16253106
233
19514897
242
7770986
302
15197179
314
18021634
334
7459221
336
18754874
512
14579494
535
6677293
582
21057006
585
41522043
612
16250137
689
16210652
756
9001623
800
14579476
843
35497190
1357
NEW
7770986
20
18021634
451
16210652
454
18464147
505
49650310
515
16253106
578
16272469
645
16211076
705
13955186
715
15197179
727
19514897
758
7459221
852
14579493
866
17791429
963
7461171
979
21057006
1014
6677293
1017
18754874
1028
14579476
1191
9001623
1316
35497190
1705
NEW
17791429
17
21057006
110
6677293
113
41522043
154
16250137
251
14579493
304
7461171
353
14579476
565
16253106
579
15197179
639
19514897
645
7770986
648
18021634
680
49650310
744
16272469
746
16210652
1102
18754874
1198
35497190
2216
NEW
7461171
22
14579088
268
14579476
368
14579493
717
14579494
734
41522043
747
17791429
750
21057006
801
6677293
804
18021634
812
16210652
815
16250137
824
18464147
866
49650310
876
16253106
939
7770986
1008
35497190
1050
13955186
1076
15197179
1088
19514897
1119
7459221
1213
18754874
1389
9001623
1677
NEW
6677293
15
21057006
3
41522043
57
17791429
113
16250137
154
14579493
207
7461171
256
14579476
468
16253106
482
15197179
526
19514897
532
7770986
551
16211076
609
16272469
633
49650310
647
18754874
1085
NEW
21057006
19
6677293
3
41522043
54
17791429
110
16250137
151
14579493
204
7461171
253
14579476
465
16253106
479
15197179
529
19514897
535
7770986
548
18021634
580
16272469
636
49650310
644
13955186
844
35497190
979
16210652
1002
18754874
1088
9001623
1445
NEW
18021634
15
7459221
390
18464147
540
49650310
550
16253106
613
7770986
682
13955186
750
15197179
762
19514897
793
16210652
843
14579493
901
17791429
998
7461171
1014
6677293
1052
18754874
1063
14579476
1226
NEW
13955186
18
18464147
124
49650310
134
16253106
197
7770986
266
18021634
298
15197179
346
19514897
377
7459221
471
14579493
485
17791429
582
7461171
598
21057006
633
6677293
636
18754874
647
16210652
720
14579476
810
9001623
935
35497190
1324
NEW
16210652
14
7459221
305
18464147
455
49650310
465
16253106
528
7770986
597
13955186
665
15197179
677
19514897
708
14579493
816
17791429
913
7461171
929
6677293
967
18754874
978
14579476
1141
NEW
14579476
20
14579493
381
14579494
398
41522043
411
17791429
414
14579088
427
7461171
430
21057006
465
6677293
468
16250137
488
16253106
656
35497190
681
7770986
725
18021634
757
49650310
821
16210652
974
13955186
1021
15197179
1033
7459221
1147
18754874
1334
9001623
1622
NEW
7459221
14
18464147
467
49650310
477
16253106
540
7770986
609
13955186
677
15197179
689
19514897
720
16210652
798
14579493
828
17791429
925
7461171
941
6677293
979
18754874
990
14579476
1153
NEW
18754874
20
16272469
473
15197179
576
19514897
582
6677293
583
21057006
586
18464147
594
41522043
640
18021634
678
17791429
696
18130598
712
16250137
737
13955186
751
14579493
791
14579494
808
9001623
824
7459221
888
7461171
904
16210652
1100
14579476
1116
35497190
1630
NEW
35497190
18
14579476
987
14579493
1014
14579494
1031
41522043
1044
17791429
1047
7461171
1063
21057006
1098
6677293
1101
16250137
1121
16253106
1289
7770986
1358
18021634
1390
49650310
1454
13955186
1654
15197179
1666
16210652
1812
9001623
2255
18754874
2766
NEW
9001623
19
18754874
421
16272469
703
18464147
718
16253106
809
19514897
816
13955186
875
7770986
878
15197179
888
18021634
910
49650310
993
7459221
1012
14579494
1109
6677293
1156
21057006
1159
41522043
1186
16250137
1263
16210652
1332
14579476
1417
35497190
1931
NEW
15178444
22
14579088
464
14579476
486
14579493
868
14579494
885
41522043
898
17791429
901
7461171
917
21057006
952
6677293
955
16250137
975
18021634
1008
16210652
1011
18464147
1062
49650310
1072
35497190
1083
16253106
1135
7770986
1204
13955186
1272
15197179
1284
19514897
1315
7459221
1409
18754874
1585
