19514897	16250137	57	224	40	12		252319	57	557	501	12		116307
19514897	18130267	57	224	35	8		76508	57	557	450	8		74377
19514897	18752428	57	224	35	8		94945	57	557	450	8		115232
19514897	18752426	57	224	35	8		114717	57	557	450	8		124804
19514897	18130598	57	224	35	8		314138	57	557	450	8		127046
19514897	14579088	57	224	45	8		87443	57	557	557	8		136062
19514897	18464147	57	224	45	8		77736	57	557	557	8		194717
19514897	41522043	57	224	40	12		83767	57	557	501	12		76375
19514897	14579494	57	224	45	11		71972	57	557	557	11		60541
19514897	15197179	57	224	45	10		75237	57	557	557	10		92971
19514897	16272469	57	224	40	8		64746	57	557	506	8		71562
19514897	16211076	57	224	35	8		70151	57	557	450	8		72124
19514897	16253106	57	224	45	9		73376	57	557	557	9		74889
19514897	14579493	57	224	45	11		74100	57	557	557	11		73822
19514897	49650310	57	224	45	8		76780	57	557	557	8		76198
19514897	7770986	57	224	45	8		72381	57	557	557	8		74376
19514897	17791429	57	224	40	9		75527	57	557	506	9		75808
19514897	7461171	57	224	45	11		73209	57	557	557	11		76096
19514897	6677293	57	224	45	10		72324	57	557	557	10		76698
19514897	21057006	57	224	35	11		69516	57	557	444	11		73968
19514897	18021634	57	224	41	12		73144	57	557	500	12		75948
19514897	13955186	57	224	40	10		73864	57	557	500	10		77819
19514897	16210652	57	224	42	10		76287	57	557	500	10		79204
19514897	14579476	57	224	40	12		69888	57	557	500	12		69185
19514897	7459221	57	224	32	8		64605	57	557	387	8		65610
19514897	18754874	57	224	40	11		66902	57	557	500	11		68957
19514897	35497190	57	224	37	12		66474	57	557	444	12		64005
19514897	9001623	57	224	35	9		67455	57	557	455	9		67545
19514897	15178444	57	224	35	9		61158	57	557	455	9		64708
16250137	19514897	51	247	81	12		63777	51	500	500	12		64133
16250137	18130267	51	247	64	14		59359	51	500	402	14		61579
16250137	18752428	51	247	64	14		59301	51	500	402	14		61169
16250137	18752426	51	247	64	14		58872	51	500	402	14		62350
16250137	18130598	51	247	64	14		61178	51	500	402	14		62864
16250137	14579088	51	247	81	14		60973	51	500	500	14		64032
16250137	18464147	51	247	81	12		59395	51	500	500	12		62454
16250137	41522043	51	247	70	13		61702	51	500	449	13		64484
16250137	14579494	51	247	81	13		59511	51	500	500	13		63286
16250137	15197179	51	247	81	13		60840	51	500	500	13		66954
16250137	16272469	51	247	75	12		58935	51	500	453	12		65304
16250137	16211076	51	247	64	14		60666	51	500	402	14		60800
16250137	16253106	51	247	81	12		61936	51	500	500	12		63831
16250137	14579493	51	247	81	13		66524	51	500	500	13		63302
16250137	49650310	51	247	81	12		59768	51	500	500	12		64130
16250137	7770986	51	247	81	14		61033	51	500	500	14		64457
16250137	17791429	51	247	67	12		61816	51	500	455	12		67542
16250137	7461171	51	247	81	13		60616	51	500	500	13		62978
16250137	6677293	51	247	81	12		60318	51	500	500	12		63497
16250137	21057006	51	247	65	13		60793	51	500	398	13		63462
16250137	18021634	51	247	73	12		62237	51	500	449	12		65318
16250137	13955186	51	247	71	15		62063	51	500	449	15		65777
16250137	16210652	51	247	77	14		60210	51	500	449	14		62790
16250137	14579476	51	247	75	13		75031	51	500	449	13		79070
16250137	7459221	51	247	59	16		69896	51	500	347	16		63274
16250137	18754874	51	247	70	12		60680	51	500	449	12		64962
16250137	35497190	51	247	64	14		62271	51	500	398	14		62047
16250137	9001623	51	247	61	13		62454	51	500	408	13		60690
16250137	15178444	51	247	61	13		61306	51	500	408	13		62548
18130267	19514897	8	79	26	6		58199	8	79	79	6		62466
18130267	16250137	8	79	23	6		58113	8	79	71	6		59612
18130267	18752428	8	79	21	5		57428	8	79	63	5		57107
18130267	18752426	8	79	21	5		59812	8	79	63	5		59565
18130267	18130598	8	79	21	5		60471	8	79	63	5		62492
18130267	14579088	8	79	26	5		56683	8	79	79	5		60376
18130267	18464147	8	79	26	6		58248	8	79	79	6		59237
18130267	41522043	8	79	23	8		58719	8	79	71	8		60220
18130267	14579494	8	79	26	8		54474	8	79	79	8		59632
18130267	15197179	8	79	26	6		58330	8	79	79	6		60242
18130267	16272469	8	79	24	6		58345	8	79	71	6		57861
18130267	16211076	8	79	21	5		57214	8	79	63	5		60191
18130267	16253106	8	79	26	5		58915	8	79	79	5		61655
18130267	14579493	8	79	26	8		60734	8	79	79	8		61231
18130267	49650310	8	79	26	4		61589	8	79	79	4		59698
18130267	7770986	8	79	26	5		58268	8	79	79	5		66184
18130267	17791429	8	79	23	6		57574	8	79	72	6		60899
18130267	7461171	8	79	26	8		58349	8	79	79	8		58913
18130267	6677293	8	79	26	6		57627	8	79	79	6		63707
18130267	21057006	8	79	20	6		64066	8	79	63	6		59695
18130267	18021634	8	79	24	8		60359	8	79	71	8		119219
18130267	13955186	8	79	23	6		59995	8	79	71	6		59757
18130267	16210652	8	79	25	6		59623	8	79	71	6		66863
18130267	14579476	8	79	23	8		58543	8	79	71	8		59424
18130267	7459221	8	79	17	5		56701	8	79	55	5		58785
18130267	18754874	8	79	23	7		58536	8	79	71	7		58796
18130267	35497190	8	79	20	10		57721	8	79	63	10		62247
18130267	9001623	8	79	21	6		64825	8	79	64	6		58657
18130267	15178444	8	79	21	7		54881	8	79	64	7		56514
18752428	19514897	8	79	26	6		57196	8	79	79	6		61145
18752428	16250137	8	79	23	6		56247	8	79	71	6		60097
18752428	18130267	8	79	21	5		55636	8	79	63	5		59325
18752428	18752426	8	79	21	5		57075	8	79	63	5		58365
18752428	18130598	8	79	21	5		58197	8	79	63	5		59201
18752428	14579088	8	79	26	5		58488	8	79	79	5		57072
18752428	18464147	8	79	26	6		56330	8	79	79	6		57431
18752428	41522043	8	79	23	8		58092	8	79	71	8		60915
18752428	14579494	8	79	26	8		58642	8	79	79	8		58790
18752428	15197179	8	79	26	6		56909	8	79	79	6		61816
18752428	16272469	8	79	24	6		55021	8	79	71	6		59684
18752428	16211076	8	79	21	5		55470	8	79	63	5		60435
18752428	16253106	8	79	26	5		56430	8	79	79	5		60699
18752428	14579493	8	79	26	8		58507	8	79	79	8		62756
18752428	49650310	8	79	26	4		57325	8	79	79	4		58786
18752428	7770986	8	79	26	5		57476	8	79	79	5		71844
18752428	17791429	8	79	23	6		58211	8	79	72	6		59307
18752428	7461171	8	79	26	8		58264	8	79	79	8		59703
18752428	6677293	8	79	26	6		58371	8	79	79	6		59457
18752428	21057006	8	79	20	6		59932	8	79	63	6		68019
18752428	18021634	8	79	24	8		98515	8	79	71	8		80151
18752428	13955186	8	79	23	6		60832	8	79	71	6		59883
18752428	16210652	8	79	25	6		58144	8	79	71	6		60274
18752428	14579476	8	79	23	8		57846	8	79	71	8		60262
18752428	7459221	8	79	17	5		55334	8	79	55	5		58979
18752428	18754874	8	79	23	7		60228	8	79	71	7		67628
18752428	35497190	8	79	20	10		57527	8	79	63	10		61397
18752428	9001623	8	79	21	6		58066	8	79	64	6		59779
18752428	15178444	8	79	21	7		55397	8	79	64	7		60640
18752426	19514897	31	174	46	7		60352	31	301	301	7		66395
18752426	16250137	31	174	41	10		88511	31	301	271	10		59129
18752426	18130267	31	174	36	7		56602	31	301	245	7		57628
18752426	18752428	31	174	36	7		56744	31	301	245	7		58489
18752426	18130598	31	174	36	7		58554	31	301	245	7		60724
18752426	14579088	31	174	46	7		67991	31	301	301	7		59617
18752426	18464147	31	174	46	7		57597	31	301	301	7		58672
18752426	41522043	31	174	41	13		57487	31	301	271	13		70195
18752426	14579494	31	174	46	10		56843	31	301	301	10		59311
18752426	15197179	31	174	46	9		96711	31	301	301	9		130324
18752426	16272469	31	174	41	7		85275	31	301	275	7		71212
18752426	16211076	31	174	36	7		58240	31	301	245	7		57989
18752426	16253106	31	174	46	8		59158	31	301	301	8		61156
18752426	14579493	31	174	46	10		59475	31	301	301	10		66716
18752426	49650310	31	174	46	6		71803	31	301	301	6		85807
18752426	7770986	31	174	46	7		86246	31	301	301	7		66873
18752426	17791429	31	174	41	10		62209	31	301	273	10		64377
18752426	7461171	31	174	46	10		75116	31	301	301	10		73786
18752426	6677293	31	174	46	11		66066	31	301	301	11		66191
18752426	21057006	31	174	35	10		73590	31	301	240	10		64760
18752426	18021634	31	174	43	13		65074	31	301	270	13		63514
18752426	13955186	31	174	41	9		75139	31	301	270	9		82382
18752426	16210652	31	174	43	10		66961	31	301	270	10		66607
18752426	14579476	31	174	41	11		59618	31	301	270	11		77126
18752426	7459221	31	174	31	7		69577	31	301	209	7		64594
18752426	18754874	31	174	41	9		88224	31	301	270	9		63425
18752426	35497190	31	174	37	11		60483	31	301	240	11		65312
18752426	9001623	31	174	36	6		94738	31	301	247	6		106383
18752426	15178444	31	174	36	9		79494	31	301	247	9		65355
18130598	19514897	25	118	43	9		73048	25	245	245	9		70502
18130598	16250137	25	118	37	10		59809	25	245	220	10		65152
18130598	18130267	25	118	34	8		94384	25	245	197	8		139901
18130598	18752428	25	118	34	8		61042	25	245	197	8		60270
18130598	18752426	25	118	34	8		67163	25	245	197	8		64055
18130598	14579088	25	118	43	8		134303	25	245	245	8		74091
18130598	18464147	25	118	43	9		63354	25	245	245	9		75938
18130598	41522043	25	118	37	10		74835	25	245	220	10		75203
18130598	14579494	25	118	43	10		69977	25	245	245	10		81639
18130598	15197179	25	118	43	10		80047	25	245	245	10		101203
18130598	16272469	25	118	40	9		72869	25	245	222	9		64524
18130598	16211076	25	118	34	8		78834	25	245	197	8		65431
18130598	16253106	25	118	43	8		81726	25	245	245	8		96196
18130598	14579493	25	118	43	10		73806	25	245	245	10		73833
18130598	49650310	25	118	43	7		113060	25	245	245	7		79002
18130598	7770986	25	118	43	8		61190	25	245	245	8		65728
18130598	17791429	25	118	37	8		61502	25	245	223	8		68546
18130598	7461171	25	118	43	10		84724	25	245	245	10		76552
18130598	6677293	25	118	43	8		64142	25	245	245	8		60715
18130598	21057006	25	118	33	9		70313	25	245	195	9		62785
18130598	18021634	25	118	39	10		61686	25	245	220	10		67242
18130598	13955186	25	118	37	9		62430	25	245	220	9		63300
18130598	16210652	25	118	41	9		59791	25	245	220	9		65552
18130598	14579476	25	118	39	10		61556	25	245	220	10		62236
18130598	7459221	25	118	30	8		59572	25	245	170	8		63538
18130598	18754874	25	118	38	10		62735	25	245	220	10		82864
18130598	35497190	25	118	34	11		61904	25	245	195	11		64540
18130598	9001623	25	118	34	12		60566	25	245	200	12		60183
18130598	15178444	25	118	34	9		58322	25	245	200	9		60715
14579088	19514897	35	197	72	16		61609	35	342	342	16		61213
14579088	16250137	35	197	63	12		58985	35	342	307	12		74137
14579088	18130267	35	197	55	13		60368	35	342	276	13		60168
14579088	18752428	35	197	55	13		59471	35	342	276	13		60380
14579088	18752426	35	197	55	13		58770	35	342	276	13		60150
14579088	18130598	35	197	55	13		66941	35	342	276	13		61294
14579088	18464147	35	197	72	16		65285	35	342	342	16		60776
14579088	41522043	35	197	63	11		59808	35	342	307	11		62944
14579088	14579494	35	197	72	13		59005	35	342	342	13		62669
14579088	15197179	35	197	72	11		69637	35	342	342	11		62903
14579088	16272469	35	197	64	15		64484	35	342	311	15		60406
14579088	16211076	35	197	55	13		57017	35	342	276	13		62496
14579088	16253106	35	197	72	12		60722	35	342	342	12		66004
14579088	14579493	35	197	72	13		62201	35	342	342	13		63318
14579088	49650310	35	197	72	12		60230	35	342	342	12		64961
14579088	7770986	35	197	72	13		60062	35	342	342	13		62625
14579088	17791429	35	197	62	11		60248	35	342	311	11		63661
14579088	7461171	35	197	72	13		68555	35	342	342	13		62812
14579088	6677293	35	197	72	11		59444	35	342	342	11		65655
14579088	21057006	35	197	58	13		59210	35	342	272	13		62627
14579088	18021634	35	197	66	13		60831	35	342	307	13		72380
14579088	13955186	35	197	61	12		61186	35	342	307	12		59821
14579088	16210652	35	197	69	16		60381	35	342	307	16		65364
14579088	14579476	35	197	67	13		61963	35	342	307	13		62049
14579088	7459221	35	197	51	13		58421	35	342	237	13		58670
14579088	18754874	35	197	64	13		58602	35	342	307	13		67498
14579088	35497190	35	197	56	16		60451	35	342	272	16		62019
14579088	9001623	35	197	54	15		61503	35	342	280	15		62204
14579088	15178444	35	197	54	12		57186	35	342	280	12		59284
18464147	19514897	56	225	43	7		59916	56	547	547	7		62999
18464147	16250137	56	225	38	11		60792	56	547	492	11		67609
18464147	18130267	56	225	34	7		59596	56	547	442	7		63667
18464147	18752428	56	225	34	7		69153	56	547	442	7		61610
18464147	18752426	56	225	34	7		58432	56	547	442	7		59800
18464147	18130598	56	225	34	7		59694	56	547	442	7		64579
18464147	14579088	56	225	43	7		62793	56	547	547	7		70327
18464147	41522043	56	225	38	11		58249	56	547	492	11		61049
18464147	14579494	56	225	43	9		58998	56	547	547	9		67217
18464147	15197179	56	225	43	9		60329	56	547	547	9		62427
18464147	16272469	56	225	39	7		60678	56	547	497	7		63214
18464147	16211076	56	225	34	7		59240	56	547	442	7		62658
18464147	16253106	56	225	43	8		63184	56	547	547	8		62719
18464147	14579493	56	225	43	9		61529	56	547	547	9		63432
18464147	49650310	56	225	43	6		60913	56	547	547	6		64144
18464147	7770986	56	225	43	7		61747	56	547	547	7		66161
18464147	17791429	56	225	38	8		58871	56	547	497	8		70193
18464147	7461171	56	225	43	9		60932	56	547	547	9		63651
18464147	6677293	56	225	43	9		61111	56	547	547	9		71827
18464147	21057006	56	225	34	10		67114	56	547	436	10		63811
18464147	18021634	56	225	40	10		60555	56	547	491	10		65713
18464147	13955186	56	225	38	9		88413	56	547	491	9		70596
18464147	16210652	56	225	40	10		61962	56	547	491	10		64734
18464147	14579476	56	225	37	11		62027	56	547	491	11		76248
18464147	7459221	56	225	31	7		59495	56	547	380	7		61188
18464147	18754874	56	225	38	10		62593	56	547	491	10		65896
18464147	35497190	56	225	35	11		61772	56	547	436	11		61873
18464147	9001623	56	225	34	7		65059	56	547	447	7		72659
18464147	15178444	56	225	34	7		59464	56	547	447	7		61760
41522043	19514897	35	207	70	13		61249	35	342	342	13		63440
41522043	16250137	35	207	61	12		88564	35	342	307	12		108852
41522043	18130267	35	207	51	12		61724	35	342	276	12		58938
41522043	18752428	35	207	51	12		56341	35	342	276	12		58662
41522043	18752426	35	207	51	12		58250	35	342	276	12		60040
41522043	18130598	35	207	51	12		60319	35	342	276	12		61246
41522043	14579088	35	207	70	12		58603	35	342	342	12		59298
41522043	18464147	35	207	70	14		57719	35	342	342	14		60303
41522043	14579494	35	207	70	14		59481	35	342	342	14		59376
41522043	15197179	35	207	70	14		59572	35	342	342	14		61643
41522043	16272469	35	207	60	13		56735	35	342	311	13		60758
41522043	16211076	35	207	51	12		56865	35	342	276	12		59617
41522043	16253106	35	207	70	13		58777	35	342	342	13		61635
41522043	14579493	35	207	70	14		60622	35	342	342	14		63994
41522043	49650310	35	207	70	11		60768	35	342	342	11		61571
41522043	7770986	35	207	70	12		61342	35	342	342	12		64411
41522043	17791429	35	207	62	11		59393	35	342	311	11		61389
41522043	7461171	35	207	70	14		60245	35	342	342	14		60685
41522043	6677293	35	207	70	11		60835	35	342	342	11		61533
41522043	21057006	35	207	55	12		59206	35	342	272	12		61151
41522043	18021634	35	207	65	12		65230	35	342	307	12		62419
41522043	13955186	35	207	61	14		61427	35	342	307	14		61160
41522043	16210652	35	207	67	14		59559	35	342	307	14		64910
41522043	14579476	35	207	63	13		60708	35	342	307	13		61637
41522043	7459221	35	207	48	12		57494	35	342	237	12		69627
41522043	18754874	35	207	64	12		60063	35	342	307	12		61002
41522043	35497190	35	207	54	15		60949	35	342	272	15		62547
41522043	9001623	35	207	52	14		60293	35	342	280	14		61423
41522043	15178444	35	207	52	13		57651	35	342	280	13		59005
14579494	19514897	43	147	53	9		58789	43	421	421	9		85939
14579494	16250137	43	147	47	11		109300	43	421	378	11		105228
14579494	18130267	43	147	43	9		58077	43	421	339	9		60355
14579494	18752428	43	147	43	9		56968	43	421	339	9		59497
14579494	18752426	43	147	43	9		58118	43	421	339	9		63409
14579494	18130598	43	147	43	9		68753	43	421	339	9		61880
14579494	14579088	43	147	53	9		69788	43	421	421	9		74173
14579494	18464147	43	147	53	10		71019	43	421	421	10		61365
14579494	41522043	43	147	47	13		58709	43	421	378	13		60936
14579494	15197179	43	147	53	10		60902	43	421	421	10		61984
14579494	16272469	43	147	49	10		59243	43	421	382	10		62105
14579494	16211076	43	147	43	9		65342	43	421	339	9		61279
14579494	16253106	43	147	53	9		61269	43	421	421	9		64754
14579494	14579493	43	147	53	11		62926	43	421	421	11		63321
14579494	49650310	43	147	53	10		59762	43	421	421	10		62587
14579494	7770986	43	147	53	9		68647	43	421	421	9		62370
14579494	17791429	43	147	46	9		58680	43	421	383	9		62764
14579494	7461171	43	147	53	11		99764	43	421	421	11		63308
14579494	6677293	43	147	53	12		61381	43	421	421	12		62208
14579494	21057006	43	147	41	10		59216	43	421	335	10		61817
14579494	18021634	43	147	49	9		60388	43	421	378	9		63690
14579494	13955186	43	147	47	11		66030	43	421	378	11		62763
14579494	16210652	43	147	51	11		59833	43	421	378	11		62063
14579494	14579476	43	147	47	11		59134	43	421	378	11		63332
14579494	7459221	43	147	36	10		132990	43	421	292	10		154454
14579494	18754874	43	147	46	10		59407	43	421	378	10		62077
14579494	35497190	43	147	42	12		59284	43	421	335	12		62266
14579494	9001623	43	147	42	9		59894	43	421	344	9		82253
14579494	15178444	43	147	42	10		64030	43	421	344	10		59758
15197179	19514897	81	252	48	9		61095	81	793	793	9		73008
15197179	16250137	81	252	43	12		60739	81	793	713	12		61723
15197179	18130267	81	252	38	9		58929	81	793	639	9		62779
15197179	18752428	81	252	38	9		60381	81	793	639	9		61621
15197179	18752426	81	252	38	9		57972	81	793	639	9		61633
15197179	18130598	81	252	38	9		60208	81	793	639	9		72749
15197179	14579088	81	252	48	9		60692	81	793	793	9		63493
15197179	18464147	81	252	48	9		59591	81	793	793	9		60702
15197179	41522043	81	252	43	13		59519	81	793	713	13		68178
15197179	14579494	81	252	48	12		59383	81	793	793	12		63959
15197179	16272469	81	252	43	9		58670	81	793	719	9		62047
15197179	16211076	81	252	38	9		59285	81	793	639	9		61557
15197179	16253106	81	252	48	10		63935	81	793	793	10		63127
15197179	14579493	81	252	48	12		61796	81	793	793	12		66079
15197179	49650310	81	252	48	8		61638	81	793	793	8		65847
15197179	7770986	81	252	48	9		60833	81	793	793	9		66155
15197179	17791429	81	252	43	10		60450	81	793	721	10		65656
15197179	7461171	81	252	48	12		61509	81	793	793	12		62611
15197179	6677293	81	252	48	11		62345	81	793	793	11		74429
15197179	21057006	81	252	37	12		61818	81	793	632	12		64786
15197179	18021634	81	252	43	12		64036	81	793	712	12		66773
15197179	13955186	81	252	43	11		61224	81	793	712	11		65374
15197179	16210652	81	252	45	11		65377	81	793	712	11		65399
15197179	14579476	81	252	43	13		62242	81	793	712	13		66530
15197179	7459221	81	252	33	9		61136	81	793	551	9		62034
15197179	18754874	81	252	43	11		60951	81	793	712	11		74384
15197179	35497190	81	252	39	13		62258	81	793	632	13		63117
15197179	9001623	81	252	38	8		76639	81	793	647	8		69324
15197179	15178444	81	252	38	10		60586	81	793	647	10		63770
16272469	19514897	49	234	48	7		58522	49	477	477	7		62563
16272469	16250137	49	234	42	11		59916	49	477	429	11		59691
16272469	18130267	49	234	37	7		56752	49	477	387	7		60322
16272469	18752428	49	234	37	7		58879	49	477	387	7		60911
16272469	18752426	49	234	37	7		59121	49	477	387	7		60598
16272469	18130598	49	234	37	7		58573	49	477	387	7		60627
16272469	14579088	49	234	48	7		63506	49	477	477	7		60413
16272469	18464147	49	234	48	7		58038	49	477	477	7		61620
16272469	41522043	49	234	42	12		59385	49	477	429	12		59917
16272469	14579494	49	234	48	11		66451	49	477	477	11		60552
16272469	15197179	49	234	48	9		58492	49	477	477	9		60797
16272469	16211076	49	234	37	7		57842	49	477	387	7		60418
16272469	16253106	49	234	48	8		64155	49	477	477	8		61919
16272469	14579493	49	234	48	11		59610	49	477	477	11		61507
16272469	49650310	49	234	48	9		60319	49	477	477	9		61843
16272469	7770986	49	234	48	7		60147	49	477	477	7		60851
16272469	17791429	49	234	42	9		58616	49	477	433	9		62691
16272469	7461171	49	234	48	11		58317	49	477	477	11		64915
16272469	6677293	49	234	48	10		60940	49	477	477	10		69997
16272469	21057006	49	234	37	10		101463	49	477	380	10		242947
16272469	18021634	49	234	45	13		141754	49	477	428	13		63312
16272469	13955186	49	234	42	9		83871	49	477	428	9		95974
16272469	16210652	49	234	45	11		89258	49	477	428	11		66792
16272469	14579476	49	234	43	12		58996	49	477	428	12		60482
16272469	7459221	49	234	34	7		57245	49	477	331	7		60690
16272469	18754874	49	234	42	10		60250	49	477	428	10		61273
16272469	35497190	49	234	39	12		59138	49	477	380	12		61574
16272469	9001623	49	234	37	9		58919	49	477	391	9		62653
16272469	15178444	49	234	37	9		56525	49	477	391	9		60182
16211076	19514897	5	47	25	7		57852	5	47	47	7		59502
16211076	16250137	5	47	22	10		67462	5	47	43	10		58769
16211076	18130267	5	47	20	7		56358	5	47	40	7		57926
16211076	18752428	5	47	20	7		56538	5	47	40	7		58661
16211076	18752426	5	47	20	7		56902	5	47	40	7		63330
16211076	18130598	5	47	20	7		59193	5	47	40	7		60117
16211076	14579088	5	47	25	7		55922	5	47	47	7		60631
16211076	18464147	5	47	25	7		56211	5	47	47	7		57712
16211076	41522043	5	47	22	9		55162	5	47	43	9		57897
16211076	14579494	5	47	25	9		55918	5	47	47	9		58445
16211076	15197179	5	47	25	9		56835	5	47	47	9		58573
16211076	16272469	5	47	23	7		54997	5	47	44	7		57597
16211076	16253106	5	47	25	8		60338	5	47	47	8		58250
16211076	14579493	5	47	25	9		57407	5	47	47	9		59577
16211076	49650310	5	47	25	6		58563	5	47	47	6		61200
16211076	7770986	5	47	25	7		57569	5	47	47	7		59231
16211076	17791429	5	47	22	6		58189	5	47	42	6		60214
16211076	7461171	5	47	25	9		58589	5	47	47	9		58247
16211076	6677293	5	47	25	7		58313	5	47	47	7		62300
16211076	21057006	5	47	20	10		68191	5	47	38	10		59518
16211076	18021634	5	47	22	9		59638	5	47	42	9		61611
16211076	13955186	5	47	22	9		58145	5	47	42	9		59973
16211076	16210652	5	47	23	8		60350	5	47	42	8		59865
16211076	14579476	5	47	23	9		58872	5	47	42	9		68225
16211076	7459221	5	47	18	7		56557	5	47	33	7		58229
16211076	18754874	5	47	22	9		57997	5	47	42	9		63172
16211076	35497190	5	47	20	9		59027	5	47	38	9		62126
16211076	9001623	5	47	20	6		56194	5	47	39	6		61365
16211076	15178444	5	47	20	7		55083	5	47	39	7		59400
16253106	19514897	81	263	49	7		60765	81	793	793	7		63230
16253106	16250137	81	263	43	10		59020	81	793	713	10		65563
16253106	18130267	81	263	39	7		59827	81	793	639	7		63650
16253106	18752428	81	263	39	7		60022	81	793	639	7		61642
16253106	18752426	81	263	39	7		60446	81	793	639	7		62656
16253106	18130598	81	263	39	7		60947	81	793	639	7		76310
16253106	14579088	81	263	49	7		61078	81	793	793	7		63702
16253106	18464147	81	263	49	7		60489	81	793	793	7		63817
16253106	41522043	81	263	43	12		61144	81	793	713	12		65757
16253106	14579494	81	263	49	9		60702	81	793	793	9		63656
16253106	15197179	81	263	49	9		62106	81	793	793	9		66924
16253106	16272469	81	263	45	7		59716	81	793	719	7		61698
16253106	16211076	81	263	39	7		61787	81	793	639	7		61627
16253106	14579493	81	263	49	9		64197	81	793	793	9		64992
16253106	49650310	81	263	49	7		63873	81	793	793	7		65544
16253106	7770986	81	263	49	7		64845	81	793	793	7		66704
16253106	17791429	81	263	43	9		60836	81	793	721	9		63732
16253106	7461171	81	263	49	9		60479	81	793	793	9		61551
16253106	6677293	81	263	49	10		63691	81	793	793	10		64498
16253106	21057006	81	263	38	10		61707	81	793	632	10		64788
16253106	18021634	81	263	46	13		62839	81	793	712	13		65814
16253106	13955186	81	263	43	9		64625	81	793	712	9		65916
16253106	16210652	81	263	45	11		61658	81	793	712	11		65904
16253106	14579476	81	263	44	10		61645	81	793	712	10		68000
16253106	7459221	81	263	34	7		60100	81	793	551	7		64004
16253106	18754874	81	263	43	9		62541	81	793	712	9		64658
16253106	35497190	81	263	39	10		62546	81	793	632	10		63379
16253106	9001623	81	263	39	9		60009	81	793	647	9		63756
16253106	15178444	81	263	39	10		59202	81	793	647	10		62796
14579493	19514897	68	247	81	11		62126	68	668	668	11		64273
14579493	16250137	68	247	70	13		60239	68	668	600	13		62037
14579493	18130267	68	247	64	14		58887	68	668	536	14		61129
14579493	18752428	68	247	64	14		56931	68	668	536	14		60476
14579493	18752426	68	247	64	14		58950	68	668	536	14		62280
14579493	18130598	68	247	64	14		63112	68	668	536	14		62392
14579493	14579088	68	247	81	14		58771	68	668	668	14		63573
14579493	18464147	68	247	81	12		59943	68	668	668	12		63527
14579493	41522043	68	247	70	13		58977	68	668	600	13		63228
14579493	14579494	68	247	81	13		60269	68	668	668	13		64898
14579493	15197179	68	247	81	12		60389	68	668	668	12		63525
14579493	16272469	68	247	75	11		59549	68	668	604	11		62289
14579493	16211076	68	247	64	14		61085	68	668	536	14		61815
14579493	16253106	68	247	81	13		60335	68	668	668	13		64036
14579493	49650310	68	247	81	12		62538	68	668	668	12		63857
14579493	7770986	68	247	81	14		63698	68	668	668	14		63620
14579493	17791429	68	247	68	12		64857	68	668	608	12		63631
14579493	7461171	68	247	81	13		60470	68	668	668	13		63109
14579493	6677293	68	247	81	11		61832	68	668	668	11		63359
14579493	21057006	68	247	65	13		61872	68	668	532	13		64139
14579493	18021634	68	247	73	12		63539	68	668	600	12		63758
14579493	13955186	68	247	71	16		60804	68	668	600	16		65127
14579493	16210652	68	247	77	14		64290	68	668	600	14		63253
14579493	14579476	68	247	74	13		61499	68	668	600	13		64886
14579493	7459221	68	247	59	17		60716	68	668	464	17		59710
14579493	18754874	68	247	70	12		61681	68	668	600	12		72903
14579493	35497190	68	247	64	14		59297	68	668	532	14		62665
14579493	9001623	68	247	62	11		59966	68	668	544	11		62339
14579493	15178444	68	247	62	14		58275	68	668	544	14		59679
49650310	19514897	76	245	62	12		61232	76	746	746	12		66315
49650310	16250137	76	245	54	13		61916	76	746	670	13		66525
49650310	18130267	76	245	49	11		71163	76	746	599	11		70471
49650310	18752428	76	245	49	11		59483	76	746	599	11		64356
49650310	18752426	76	245	49	11		102799	76	746	599	11		219697
49650310	18130598	76	245	49	11		61118	76	746	599	11		64653
49650310	14579088	76	245	62	11		60933	76	746	746	11		69846
49650310	18464147	76	245	62	12		61035	76	746	746	12		63286
49650310	41522043	76	245	54	15		60727	76	746	670	15		71128
49650310	14579494	76	245	62	14		84463	76	746	746	14		73170
49650310	15197179	76	245	62	13		72301	76	746	746	13		72287
49650310	16272469	76	245	57	12		59969	76	746	675	12		76156
49650310	16211076	76	245	49	11		71714	76	746	599	11		67318
49650310	16253106	76	245	62	11		67904	76	746	746	11		67813
49650310	14579493	76	245	62	14		63848	76	746	746	14		64244
49650310	7770986	76	245	62	11		64058	76	746	746	11		69493
49650310	17791429	76	245	54	11		66664	76	746	679	11		63828
49650310	7461171	76	245	62	14		63606	76	746	746	14		84283
49650310	6677293	76	245	62	12		65144	76	746	746	12		79679
49650310	21057006	76	245	48	13		64798	76	746	594	13		67533
49650310	18021634	76	245	57	11		83905	76	746	670	11		66237
49650310	13955186	76	245	54	12		62360	76	746	670	12		67776
49650310	16210652	76	245	59	11		64184	76	746	670	11		66196
49650310	14579476	76	245	55	15		62732	76	746	670	15		72743
49650310	7459221	76	245	42	10		62088	76	746	518	10		95464
49650310	18754874	76	245	56	11		68705	76	746	670	11		64659
49650310	35497190	76	245	48	17		62102	76	746	594	17		73575
49650310	9001623	76	245	49	13		61162	76	746	608	13		64618
49650310	15178444	76	245	49	13		60231	76	746	608	13		68293
7770986	19514897	76	365	98	16		69956	76	746	746	16		64155
7770986	16250137	76	365	85	14		59663	76	746	670	14		61637
7770986	18130267	76	365	77	15		60989	76	746	599	15		67940
7770986	18752428	76	365	77	15		78598	76	746	599	15		60951
7770986	18752426	76	365	77	15		58869	76	746	599	15		64219
7770986	18130598	76	365	77	15		61635	76	746	599	15		64655
7770986	14579088	76	365	98	15		69176	76	746	746	15		67937
7770986	18464147	76	365	98	18		60221	76	746	746	18		63031
7770986	41522043	76	365	85	16		60553	76	746	670	16		63485
7770986	14579494	76	365	98	17		63549	76	746	746	17		61500
7770986	15197179	76	365	98	15		60274	76	746	746	15		69110
7770986	16272469	76	365	90	18		61141	76	746	675	18		72193
7770986	16211076	76	365	77	15		58686	76	746	599	15		69090
7770986	16253106	76	365	98	15		62371	76	746	746	15		66391
7770986	14579493	76	365	98	17		59910	76	746	746	17		63393
7770986	49650310	76	365	98	14		74179	76	746	746	14		63838
7770986	17791429	76	365	86	12		61224	76	746	679	12		65430
7770986	7461171	76	365	98	17		77589	76	746	746	17		90237
7770986	6677293	76	365	98	14		59975	76	746	746	14		64548
7770986	21057006	76	365	77	15		61399	76	746	594	15		63117
7770986	18021634	76	365	90	17		63964	76	746	670	17		64906
7770986	13955186	76	365	86	18		63007	76	746	670	18		64420
7770986	16210652	76	365	92	19		62126	76	746	670	19		64164
7770986	14579476	76	365	87	15		73381	76	746	670	15		69116
7770986	7459221	76	365	67	16		58209	76	746	518	16		62266
7770986	18754874	76	365	88	15		61655	76	746	670	15		65551
7770986	35497190	76	365	75	14		62036	76	746	594	14		79191
7770986	9001623	76	365	78	17		61817	76	746	608	17		136851
7770986	15178444	76	365	78	15		64300	76	746	608	15		62783
17791429	19514897	76	225	79	11		68577	76	746	746	11		80861
17791429	16250137	76	225	69	13		74699	76	746	670	13		72395
17791429	18130267	76	225	63	15		60382	76	746	599	15		62757
17791429	18752428	76	225	63	15		58756	76	746	599	15		62025
17791429	18752426	76	225	63	15		61156	76	746	599	15		62659
17791429	18130598	76	225	63	15		59907	76	746	599	15		65118
17791429	14579088	76	225	79	15		80818	76	746	746	15		91621
17791429	18464147	76	225	79	11		60165	76	746	746	11		63358
17791429	41522043	76	225	69	14		60196	76	746	670	14		61881
17791429	14579494	76	225	79	15		59936	76	746	746	15		62293
17791429	15197179	76	225	79	12		62713	76	746	746	12		64273
17791429	16272469	76	225	73	11		74664	76	746	675	11		67930
17791429	16211076	76	225	63	15		62359	76	746	599	15		63723
17791429	16253106	76	225	79	12		61249	76	746	746	12		64661
17791429	14579493	76	225	79	15		61878	76	746	746	15		67160
17791429	49650310	76	225	79	11		63790	76	746	746	11		64910
17791429	7770986	76	225	79	15		61336	76	746	746	15		63605
17791429	7461171	76	225	79	15		60908	76	746	746	15		79138
17791429	6677293	76	225	79	13		94977	76	746	746	13		76496
17791429	21057006	76	225	60	13		61114	76	746	594	13		64656
17791429	18021634	76	225	71	12		62985	76	746	670	12		66655
17791429	13955186	76	225	71	17		66085	76	746	670	17		65371
17791429	16210652	76	225	76	11		63030	76	746	670	11		66123
17791429	14579476	76	225	71	13		61283	76	746	670	13		66490
17791429	7459221	76	225	53	18		61378	76	746	518	18		63274
17791429	18754874	76	225	71	12		60989	76	746	670	12		63908
17791429	35497190	76	225	62	15		62815	76	746	594	15		63354
17791429	9001623	76	225	61	11		61596	76	746	608	11		65788
17791429	15178444	76	225	61	14		60714	76	746	608	14		61796
7461171	19514897	76	316	86	13		61366	76	746	746	13		66263
7461171	16250137	76	316	74	13		59914	76	746	670	13		64139
7461171	18130267	76	316	68	12		60045	76	746	599	12		64456
7461171	18752428	76	316	68	12		59944	76	746	599	12		63810
7461171	18752426	76	316	68	12		58224	76	746	599	12		62548
7461171	18130598	76	316	68	12		63063	76	746	599	12		63655
7461171	14579088	76	316	86	12		59783	76	746	746	12		61587
7461171	18464147	76	316	86	12		61267	76	746	746	12		71493
7461171	41522043	76	316	74	13		58783	76	746	670	13		64472
7461171	14579494	76	316	86	11		60405	76	746	746	11		62913
7461171	15197179	76	316	86	11		63553	76	746	746	11		63957
7461171	16272469	76	316	80	13		59862	76	746	675	13		61410
7461171	16211076	76	316	68	12		60530	76	746	599	12		62367
7461171	16253106	76	316	86	11		61987	76	746	746	11		65266
7461171	14579493	76	316	86	11		62476	76	746	746	11		66360
7461171	49650310	76	316	86	13		61830	76	746	746	13		64009
7461171	7770986	76	316	86	12		61647	76	746	746	12		62592
7461171	17791429	76	316	73	12		61976	76	746	679	12		70015
7461171	6677293	76	316	86	12		61904	76	746	746	12		64780
7461171	21057006	76	316	67	12		59879	76	746	594	12		65816
7461171	18021634	76	316	79	11		66113	76	746	670	11		65357
7461171	13955186	76	316	75	14		64361	76	746	670	14		65509
7461171	16210652	76	316	80	17		63528	76	746	670	17		67956
7461171	14579476	76	316	80	14		87360	76	746	670	14		86776
7461171	7459221	76	316	61	13		116514	76	746	518	13		98266
7461171	18754874	76	316	74	13		61600	76	746	670	13		65322
7461171	35497190	76	316	68	12		61188	76	746	594	12		65340
7461171	9001623	76	316	67	17		61183	76	746	608	17		64077
7461171	15178444	76	316	67	10		58933	76	746	608	10		62168
6677293	19514897	81	214	64	11		74220	81	793	793	11		65192
6677293	16250137	81	214	56	14		64923	81	793	713	14		69124
6677293	18130267	81	214	50	10		59503	81	793	639	10		63857
6677293	18752428	81	214	50	10		61262	81	793	639	10		62965
6677293	18752426	81	214	50	10		60808	81	793	639	10		66517
6677293	18130598	81	214	50	10		61871	81	793	639	10		65319
6677293	14579088	81	214	64	10		62299	81	793	793	10		65841
6677293	18464147	81	214	64	11		73535	81	793	793	11		63344
6677293	41522043	81	214	56	14		59893	81	793	713	14		64288
6677293	14579494	81	214	64	13		62090	81	793	793	13		63645
6677293	15197179	81	214	64	13		64157	81	793	793	13		67690
6677293	16272469	81	214	58	11		61668	81	793	719	11		62618
6677293	16211076	81	214	50	10		59395	81	793	639	10		63323
6677293	16253106	81	214	64	9		66465	81	793	793	9		69090
6677293	14579493	81	214	64	13		62791	81	793	793	13		68184
6677293	49650310	81	214	64	10		63540	81	793	793	10		69426
6677293	7770986	81	214	64	10		63163	81	793	793	10		68471
6677293	17791429	81	214	55	10		67457	81	793	721	10		68891
6677293	7461171	81	214	64	13		62611	81	793	793	13		64482
6677293	21057006	81	214	51	14		64840	81	793	632	14		65553
6677293	18021634	81	214	57	11		61523	81	793	712	11		67959
6677293	13955186	81	214	58	11		62875	81	793	712	11		66447
6677293	16210652	81	214	60	10		64000	81	793	712	10		66598
6677293	14579476	81	214	58	12		62794	81	793	712	12		72009
6677293	7459221	81	214	46	12		60859	81	793	551	12		63479
6677293	18754874	81	214	56	12		76321	81	793	712	12		66064
6677293	35497190	81	214	51	14		62311	81	793	632	14		65983
6677293	9001623	81	214	49	10		67930	81	793	647	10		64122
6677293	15178444	81	214	49	11		59854	81	793	647	11		67282
21057006	19514897	81	214	64	11		61036	81	793	793	11		63408
21057006	16250137	81	214	56	14		57719	81	793	713	14		62154
21057006	18130267	81	214	50	10		59724	81	793	639	10		66538
21057006	18752428	81	214	50	10		60329	81	793	639	10		62080
21057006	18752426	81	214	50	10		59470	81	793	639	10		61479
21057006	18130598	81	214	50	10		58591	81	793	639	10		67454
21057006	14579088	81	214	64	10		63750	81	793	793	10		74800
21057006	18464147	81	214	64	11		59772	81	793	793	11		63203
21057006	41522043	81	214	56	14		60729	81	793	713	14		64946
21057006	14579494	81	214	64	13		60351	81	793	793	13		64764
21057006	15197179	81	214	64	13		61418	81	793	793	13		63176
21057006	16272469	81	214	58	11		57865	81	793	719	11		65590
21057006	16211076	81	214	50	10		57507	81	793	639	10		64146
21057006	16253106	81	214	64	9		62682	81	793	793	9		64634
21057006	14579493	81	214	64	13		61215	81	793	793	13		65260
21057006	49650310	81	214	64	10		60863	81	793	793	10		64571
21057006	7770986	81	214	64	10		59996	81	793	793	10		64240
21057006	17791429	81	214	55	10		60512	81	793	721	10		63393
21057006	7461171	81	214	64	13		63211	81	793	793	13		63534
21057006	6677293	81	214	64	11		61670	81	793	793	11		64213
21057006	18021634	81	214	57	11		63758	81	793	712	11		65007
21057006	13955186	81	214	58	11		61839	81	793	712	11		65577
21057006	16210652	81	214	60	10		61517	81	793	712	10		63236
21057006	14579476	81	214	58	12		61548	81	793	712	12		66407
21057006	7459221	81	214	46	12		58761	81	793	551	12		62956
21057006	18754874	81	214	56	12		60223	81	793	712	12		63694
21057006	35497190	81	214	51	14		63808	81	793	632	14		63851
21057006	9001623	81	214	49	10		61032	81	793	647	10		64846
21057006	15178444	81	214	49	11		61587	81	793	647	11		62240
18021634	19514897	81	315	55	7		61622	81	793	793	7		64020
18021634	16250137	81	315	47	10		60868	81	793	713	10		65003
18021634	18130267	81	315	42	7		61278	81	793	639	7		63983
18021634	18752428	81	315	42	7		59914	81	793	639	7		62503
18021634	18752426	81	315	42	7		61279	81	793	639	7		62420
18021634	18130598	81	315	42	7		63034	81	793	639	7		65451
18021634	14579088	81	315	55	7		62409	81	793	793	7		64310
18021634	18464147	81	315	55	7		60257	81	793	793	7		63979
18021634	41522043	81	315	47	11		62155	81	793	713	11		63764
18021634	14579494	81	315	55	9		60170	81	793	793	9		63621
18021634	15197179	81	315	55	9		72234	81	793	793	9		62792
18021634	16272469	81	315	50	7		58887	81	793	719	7		59770
18021634	16211076	81	315	42	7		60512	81	793	639	7		66786
18021634	16253106	81	315	55	8		62325	81	793	793	8		65347
18021634	14579493	81	315	55	9		62671	81	793	793	9		65325
18021634	49650310	81	315	55	7		65163	81	793	793	7		65533
18021634	7770986	81	315	55	7		61994	81	793	793	7		66327
18021634	17791429	81	315	49	8		63867	81	793	721	8		64982
18021634	7461171	81	315	55	9		62884	81	793	793	9		63907
18021634	6677293	81	315	55	9		61167	81	793	793	9		76533
18021634	21057006	81	315	43	10		62059	81	793	632	10		65649
18021634	13955186	81	315	49	9		62306	81	793	712	9		66045
18021634	16210652	81	315	50	13		64092	81	793	712	13		65656
18021634	14579476	81	315	48	11		61549	81	793	712	11		65025
18021634	7459221	81	315	38	7		60660	81	793	551	7		62324
18021634	18754874	81	315	49	9		63879	81	793	712	9		63967
18021634	35497190	81	315	42	11		62397	81	793	632	11		66487
18021634	9001623	81	315	44	7		61665	81	793	647	7		66105
18021634	15178444	81	315	44	9		68380	81	793	647	9		63130
13955186	19514897	81	243	52	12		61835	81	793	793	12		64441
13955186	16250137	81	243	45	14		59210	81	793	713	14		64220
13955186	18130267	81	243	41	9		57839	81	793	639	9		64619
13955186	18752428	81	243	41	9		59720	81	793	639	9		60939
13955186	18752426	81	243	41	9		59343	81	793	639	9		62380
13955186	18130598	81	243	41	9		60708	81	793	639	9		62430
13955186	14579088	81	243	52	9		59931	81	793	793	9		65098
13955186	18464147	81	243	52	12		60200	81	793	793	12		63815
13955186	41522043	81	243	45	12		60721	81	793	713	12		62586
13955186	14579494	81	243	52	11		59769	81	793	793	11		61740
13955186	15197179	81	243	52	15		61912	81	793	793	15		63766
13955186	16272469	81	243	48	12		61008	81	793	719	12		61221
13955186	16211076	81	243	41	9		58736	81	793	639	9		61821
13955186	16253106	81	243	52	10		60809	81	793	793	10		73963
13955186	14579493	81	243	52	11		61843	81	793	793	11		65753
13955186	49650310	81	243	52	9		63231	81	793	793	9		64177
13955186	7770986	81	243	52	9		61914	81	793	793	9		63804
13955186	17791429	81	243	45	9		70027	81	793	721	9		63734
13955186	7461171	81	243	52	11		60683	81	793	793	11		63245
13955186	6677293	81	243	52	10		62834	81	793	793	10		64040
13955186	21057006	81	243	40	12		61941	81	793	632	12		64591
13955186	18021634	81	243	47	14		61273	81	793	712	14		65609
13955186	16210652	81	243	49	12		61371	81	793	712	12		65446
13955186	14579476	81	243	47	12		62545	81	793	712	12		63091
13955186	7459221	81	243	37	9		61420	81	793	551	9		61740
13955186	18754874	81	243	46	15		69203	81	793	712	15		72105
13955186	35497190	81	243	42	13		69606	81	793	632	13		67831
13955186	9001623	81	243	41	13		60046	81	793	647	13		65855
13955186	15178444	81	243	41	9		59461	81	793	647	9		61695
16210652	19514897	81	243	46	8		61994	81	793	793	8		68366
16210652	16250137	81	243	40	11		63139	81	793	713	11		66140
16210652	18130267	81	243	36	8		64325	81	793	639	8		66367
16210652	18752428	81	243	36	8		61255	81	793	639	8		64895
16210652	18752426	81	243	36	8		59744	81	793	639	8		64288
16210652	18130598	81	243	36	8		63344	81	793	639	8		63764
16210652	14579088	81	243	46	8		60954	81	793	793	8		62064
16210652	18464147	81	243	46	8		60810	81	793	793	8		65512
16210652	41522043	81	243	40	13		63466	81	793	713	13		62169
16210652	14579494	81	243	46	11		61343	81	793	793	11		64055
16210652	15197179	81	243	46	10		62147	81	793	793	10		65173
16210652	16272469	81	243	42	8		61553	81	793	719	8		61990
16210652	16211076	81	243	36	8		59060	81	793	639	8		63066
16210652	16253106	81	243	46	9		63853	81	793	793	9		78583
16210652	14579493	81	243	46	11		62432	81	793	793	11		66039
16210652	49650310	81	243	46	8		63229	81	793	793	8		65121
16210652	7770986	81	243	46	8		63219	81	793	793	8		67979
16210652	17791429	81	243	41	10		63812	81	793	721	10		62848
16210652	7461171	81	243	46	11		63060	81	793	793	11		64665
16210652	6677293	81	243	46	11		63472	81	793	793	11		64830
16210652	21057006	81	243	34	11		60380	81	793	632	11		65713
16210652	18021634	81	243	42	12		64149	81	793	712	12		67143
16210652	13955186	81	243	41	10		61697	81	793	712	10		66382
16210652	14579476	81	243	41	13		60931	81	793	712	13		66979
16210652	7459221	81	243	31	8		63072	81	793	551	8		64057
16210652	18754874	81	243	41	10		62257	81	793	712	10		68319
16210652	35497190	81	243	37	14		64531	81	793	632	14		64833
16210652	9001623	81	243	37	11		63039	81	793	647	11		64656
16210652	15178444	81	243	37	9		59105	81	793	647	9		69794
14579476	19514897	81	234	71	10		60101	81	793	793	10		63957
14579476	16250137	81	234	64	14		60339	81	793	713	14		63534
14579476	18130267	81	234	56	12		60364	81	793	639	12		61514
14579476	18752428	81	234	56	12		60658	81	793	639	12		61757
14579476	18752426	81	234	56	12		60639	81	793	639	12		61404
14579476	18130598	81	234	56	12		60795	81	793	639	12		63354
14579476	14579088	81	234	71	12		61816	81	793	793	12		62602
14579476	18464147	81	234	71	11		58783	81	793	793	11		63864
14579476	41522043	81	234	64	12		65186	81	793	713	12		65539
14579476	14579494	81	234	71	12		85268	81	793	793	12		61545
14579476	15197179	81	234	71	13		61826	81	793	793	13		64842
14579476	16272469	81	234	63	10		98531	81	793	719	10		120599
14579476	16211076	81	234	56	12		60884	81	793	639	12		73842
14579476	16253106	81	234	71	12		139924	81	793	793	12		117400
14579476	14579493	81	234	71	12		61412	81	793	793	12		64866
14579476	49650310	81	234	71	11		63181	81	793	793	11		69840
14579476	7770986	81	234	71	12		59533	81	793	793	12		64702
14579476	17791429	81	234	60	10		74697	81	793	721	10		73360
14579476	7461171	81	234	71	12		71959	81	793	793	12		69462
14579476	6677293	81	234	71	10		73857	81	793	793	10		69013
14579476	21057006	81	234	59	15		87633	81	793	632	15		68653
14579476	18021634	81	234	63	14		63671	81	793	712	14		71530
14579476	13955186	81	234	64	13		78345	81	793	712	13		68786
14579476	16210652	81	234	67	13		66975	81	793	712	13		69158
14579476	7459221	81	234	53	14		72135	81	793	551	14		97622
14579476	18754874	81	234	62	13		74747	81	793	712	13		66373
14579476	35497190	81	234	58	13		64723	81	793	632	13		73638
14579476	9001623	81	234	52	11		65102	81	793	647	11		69388
14579476	15178444	81	234	52	10		60624	81	793	647	10		73031
7459221	19514897	34	176	59	10		79091	34	333	333	10		76294
7459221	16250137	34	176	51	11		58643	34	333	299	11		62381
7459221	18130267	34	176	46	9		72895	34	333	268	9		59840
7459221	18752428	34	176	46	9		58038	34	333	268	9		61732
7459221	18752426	34	176	46	9		75359	34	333	268	9		60988
7459221	18130598	34	176	46	9		57853	34	333	268	9		61255
7459221	14579088	34	176	59	9		57298	34	333	333	9		61294
7459221	18464147	34	176	59	10		60397	34	333	333	10		62566
7459221	41522043	34	176	51	14		60426	34	333	299	14		61762
7459221	14579494	34	176	59	12		59821	34	333	333	12		77156
7459221	15197179	34	176	59	11		60869	34	333	333	11		60984
7459221	16272469	34	176	54	10		59782	34	333	302	10		60720
7459221	16211076	34	176	46	9		57908	34	333	268	9		74871
7459221	16253106	34	176	59	9		104750	34	333	333	9		84496
7459221	14579493	34	176	59	12		74683	34	333	333	12		131393
7459221	49650310	34	176	59	8		61432	34	333	333	8		64332
7459221	7770986	34	176	59	9		69969	34	333	333	9		76128
7459221	17791429	34	176	51	12		93803	34	333	303	12		60829
7459221	7461171	34	176	59	12		60799	34	333	333	12		62846
7459221	6677293	34	176	59	10		61173	34	333	333	10		63554
7459221	21057006	34	176	45	11		60141	34	333	265	11		64187
7459221	18021634	34	176	54	11		62002	34	333	299	11		70755
7459221	13955186	34	176	51	11		61235	34	333	299	11		63428
7459221	16210652	34	176	57	10		61944	34	333	299	10		62749
7459221	14579476	34	176	53	13		61647	34	333	299	13		63734
7459221	18754874	34	176	53	11		61321	34	333	299	11		66876
7459221	35497190	34	176	46	13		61360	34	333	265	13		98526
7459221	9001623	34	176	46	13		59435	34	333	272	13		64177
7459221	15178444	34	176	46	13		58055	34	333	272	13		62480
18754874	19514897	81	214	47	8		62559	81	793	793	8		64512
18754874	16250137	81	214	42	12		60895	81	793	713	12		64156
18754874	18130267	81	214	37	8		73294	81	793	639	8		67016
18754874	18752428	81	214	37	8		65906	81	793	639	8		64957
18754874	18752426	81	214	37	8		61206	81	793	639	8		64885
18754874	18130598	81	214	37	8		73723	81	793	639	8		68132
18754874	14579088	81	214	47	8		65615	81	793	793	8		65968
18754874	18464147	81	214	47	8		63427	81	793	793	8		70574
18754874	41522043	81	214	42	12		85220	81	793	713	12		92096
18754874	14579494	81	214	47	12		109417	81	793	793	12		68414
18754874	15197179	81	214	47	11		63892	81	793	793	11		66534
18754874	16272469	81	214	42	8		64181	81	793	719	8		67448
18754874	16211076	81	214	37	8		73994	81	793	639	8		71810
18754874	16253106	81	214	47	10		70131	81	793	793	10		78554
18754874	14579493	81	214	47	12		62344	81	793	793	12		68579
18754874	49650310	81	214	47	8		63787	81	793	793	8		64388
18754874	7770986	81	214	47	8		67647	81	793	793	8		67024
18754874	17791429	81	214	42	9		62842	81	793	721	9		70074
18754874	7461171	81	214	47	12		60829	81	793	793	12		70466
18754874	6677293	81	214	47	10		65365	81	793	793	10		65675
18754874	21057006	81	214	37	11		62496	81	793	632	11		68297
18754874	18021634	81	214	43	10		64599	81	793	712	10		71709
18754874	13955186	81	214	42	10		62513	81	793	712	10		68520
18754874	16210652	81	214	44	10		63130	81	793	712	10		68497
18754874	14579476	81	214	42	12		60836	81	793	712	12		70638
18754874	7459221	81	214	32	8		59243	81	793	551	8		89660
18754874	35497190	81	214	37	12		63268	81	793	632	12		70987
18754874	9001623	81	214	37	9		88718	81	793	647	9		95022
18754874	15178444	81	214	37	10		78697	81	793	647	10		72882
35497190	19514897	81	243	63	10		93524	81	793	793	10		96142
35497190	16250137	81	243	57	14		62990	81	793	713	14		72826
35497190	18130267	81	243	50	10		62160	81	793	639	10		62045
35497190	18752428	81	243	50	10		60146	81	793	639	10		70329
35497190	18752426	81	243	50	10		57956	81	793	639	10		62938
35497190	18130598	81	243	50	10		63393	81	793	639	10		65385
35497190	14579088	81	243	63	10		61752	81	793	793	10		65913
35497190	18464147	81	243	63	11		60627	81	793	793	11		62814
35497190	41522043	81	243	57	13		60843	81	793	713	13		62343
35497190	14579494	81	243	63	12		64408	81	793	793	12		66573
35497190	15197179	81	243	63	12		62426	81	793	793	12		68054
35497190	16272469	81	243	56	10		65193	81	793	719	10		62259
35497190	16211076	81	243	50	10		59106	81	793	639	10		62981
35497190	16253106	81	243	63	10		73664	81	793	793	10		63531
35497190	14579493	81	243	63	12		63189	81	793	793	12		66583
35497190	49650310	81	243	63	9		63231	81	793	793	9		66116
35497190	7770986	81	243	63	10		62924	81	793	793	10		75648
35497190	17791429	81	243	55	10		85324	81	793	721	10		65822
35497190	7461171	81	243	63	12		62596	81	793	793	12		64536
35497190	6677293	81	243	63	11		61720	81	793	793	11		80590
35497190	21057006	81	243	51	13		61328	81	793	632	13		64555
35497190	18021634	81	243	57	13		61418	81	793	712	13		65921
35497190	13955186	81	243	56	12		62470	81	793	712	12		70086
35497190	16210652	81	243	59	12		64755	81	793	712	12		67020
35497190	14579476	81	243	57	12		63075	81	793	712	12		68445
35497190	7459221	81	243	45	10		59606	81	793	551	10		71138
35497190	18754874	81	243	56	13		68031	81	793	712	13		73833
35497190	9001623	81	243	48	9		62155	81	793	647	9		64271
35497190	15178444	81	243	48	10		58499	81	793	647	10		63478
9001623	19514897	81	233	53	12		62860	81	793	793	12		68144
9001623	16250137	81	233	46	14		81779	81	793	713	14		125381
9001623	18130267	81	233	42	9		60145	81	793	639	9		62302
9001623	18752428	81	233	42	9		59046	81	793	639	9		64121
9001623	18752426	81	233	42	9		59852	81	793	639	9		62940
9001623	18130598	81	233	42	9		59998	81	793	639	9		65013
9001623	14579088	81	233	53	9		59740	81	793	793	9		62539
9001623	18464147	81	233	53	12		60473	81	793	793	12		80753
9001623	41522043	81	233	46	12		63768	81	793	713	12		63360
9001623	14579494	81	233	53	12		59108	81	793	793	12		63152
9001623	15197179	81	233	53	15		60443	81	793	793	15		62505
9001623	16272469	81	233	49	12		59234	81	793	719	12		65253
9001623	16211076	81	233	42	9		59623	81	793	639	9		61931
9001623	16253106	81	233	53	10		60823	81	793	793	10		64123
9001623	14579493	81	233	53	12		60914	81	793	793	12		67160
9001623	49650310	81	233	53	9		62486	81	793	793	9		67400
9001623	7770986	81	233	53	9		59933	81	793	793	9		63352
9001623	17791429	81	233	46	9		60501	81	793	721	9		67340
9001623	7461171	81	233	53	12		60626	81	793	793	12		63418
9001623	6677293	81	233	53	10		62297	81	793	793	10		63903
9001623	21057006	81	233	41	12		59480	81	793	632	12		70976
9001623	18021634	81	233	48	14		61892	81	793	712	14		64041
9001623	13955186	81	233	46	11		62219	81	793	712	11		64980
9001623	16210652	81	233	50	12		62825	81	793	712	12		63666
9001623	14579476	81	233	48	12		61860	81	793	712	12		63876
9001623	7459221	81	233	37	9		59415	81	793	551	9		61224
9001623	18754874	81	233	47	15		68378	81	793	712	15		64929
9001623	35497190	81	233	42	13		61126	81	793	632	13		64034
9001623	15178444	81	233	42	10		57988	81	793	647	10		63197
15178444	19514897	52	226	67	9		59415	52	509	509	9		62110
15178444	16250137	52	226	59	13		57776	52	509	457	13		59244
15178444	18130267	52	226	53	12		58850	52	509	410	12		60849
15178444	18752428	52	226	53	12		61592	52	509	410	12		83923
15178444	18752426	52	226	53	12		58476	52	509	410	12		67504
15178444	18130598	52	226	53	12		59699	52	509	410	12		60857
15178444	14579088	52	226	67	12		58341	52	509	509	12		61952
15178444	18464147	52	226	67	11		60088	52	509	509	11		60428
15178444	41522043	52	226	59	13		57673	52	509	457	13		59774
15178444	14579494	52	226	67	11		56871	52	509	509	11		62690
15178444	15197179	52	226	67	10		59136	52	509	509	10		61724
15178444	16272469	52	226	61	9		58483	52	509	462	9		59244
15178444	16211076	52	226	53	12		58776	52	509	410	12		58974
15178444	16253106	52	226	67	10		60072	52	509	509	10		62248
15178444	14579493	52	226	67	11		62231	52	509	509	11		62727
15178444	49650310	52	226	67	10		60043	52	509	509	10		61875
15178444	7770986	52	226	67	12		61192	52	509	509	12		62859
15178444	17791429	52	226	58	12		59652	52	509	463	12		61129
15178444	7461171	52	226	67	11		61623	52	509	509	11		61199
15178444	6677293	52	226	67	11		61943	52	509	509	11		62094
15178444	21057006	52	226	52	11		61216	52	509	405	11		63802
15178444	18021634	52	226	61	11		61084	52	509	457	11		63155
15178444	13955186	52	226	59	13		61899	52	509	457	13		62691
15178444	16210652	52	226	64	12		60208	52	509	457	12		60801
15178444	14579476	52	226	61	13		60300	52	509	457	13		63295
15178444	7459221	52	226	46	12		58205	52	509	353	12		59864
15178444	18754874	52	226	59	11		61917	52	509	457	11		62787
15178444	35497190	52	226	53	12		59307	52	509	405	12		61493
15178444	9001623	52	226	52	9		58059	52	509	416	9		61142
