14579493	800	0.192074899491506	0
18752426	921	0.07766197525686729	1
21057006	948	0.10814387145537636	2
15197179	1354	0.1359519177621991	3
14579493	800	0.192074899491506	4
18752426	921	0.07766197525686729	5
21057006	948	0.10814387145537636	6
15197179	1354	0.1359519177621991	7
14579493	800	0.192074899491506	8
18752426	921	0.07766197525686729	9
21057006	948	0.10814387145537636	10
15197179	1354	0.1359519177621991	11
14579493	800	0.192074899491506	12
18752426	921	0.07766197525686729	13
21057006	948	0.10814387145537636	14
15197179	1354	0.1359519177621991	15
14579493	800	0.192074899491506	16
18752426	921	0.07766197525686729	17
21057006	948	0.10814387145537636	18
15197179	1354	0.1359519177621991	19
14579493	800	0.192074899491506	20
18752426	921	0.07766197525686729	21
21057006	948	0.10814387145537636	22
15197179	1354	0.1359519177621991	23
14579493	800	0.192074899491506	24
18752426	921	0.07766197525686729	25
21057006	948	0.10814387145537636	26
15197179	1354	0.1359519177621991	27
14579493	800	0.192074899491506	28
18752426	921	0.07766197525686729	29
21057006	948	0.10814387145537636	30
15197179	1354	0.1359519177621991	31
14579493	800	0.192074899491506	32
18752426	921	0.07766197525686729	33
21057006	948	0.10814387145537636	34
15197179	1354	0.1359519177621991	35
14579493	800	0.192074899491506	36
18752426	921	0.07766197525686729	37
21057006	948	0.10814387145537636	38
15197179	1354	0.1359519177621991	39
14579493	800	0.192074899491506	40
18752426	921	0.07766197525686729	41
21057006	948	0.10814387145537636	42
15197179	1354	0.1359519177621991	43
14579493	800	0.192074899491506	44
18752426	921	0.07766197525686729	45
21057006	948	0.10814387145537636	46
15197179	1354	0.1359519177621991	47
14579493	800	0.192074899491506	48
18752426	921	0.07766197525686729	49
21057006	948	0.10814387145537636	50
15197179	1354	0.1359519177621991	51
14579493	800	0.192074899491506	52
18752426	921	0.07766197525686729	53
21057006	948	0.10814387145537636	54
15197179	1354	0.1359519177621991	55
14579493	800	0.192074899491506	56
18752426	921	0.07766197525686729	57
21057006	948	0.10814387145537636	58
15197179	1354	0.1359519177621991	59
14579493	800	0.192074899491506	60
18752426	921	0.07766197525686729	61
21057006	948	0.10814387145537636	62
15197179	1354	0.1359519177621991	63
14579493	800	0.192074899491506	64
18752426	921	0.07766197525686729	65
21057006	948	0.10814387145537636	66
15197179	1354	0.1359519177621991	67
14579493	800	0.192074899491506	68
18752426	921	0.07766197525686729	69
21057006	948	0.10814387145537636	70
15197179	1354	0.1359519177621991	71
14579493	800	0.192074899491506	72
18752426	921	0.07766197525686729	73
21057006	948	0.10814387145537636	74
15197179	1354	0.1359519177621991	75
14579493	800	0.192074899491506	76
18752426	921	0.07766197525686729	77
21057006	948	0.10814387145537636	78
15197179	1354	0.1359519177621991	79
14579493	800	0.192074899491506	80
18752426	921	0.07766197525686729	81
21057006	948	0.10814387145537636	82
15197179	1354	0.1359519177621991	83
14579493	800	0.192074899491506	84
18752426	921	0.07766197525686729	85
21057006	948	0.10814387145537636	86
15197179	1354	0.1359519177621991	87
14579493	800	0.192074899491506	88
18752426	921	0.07766197525686729	89
21057006	948	0.10814387145537636	90
15197179	1354	0.1359519177621991	91
14579493	800	0.192074899491506	92
18752426	921	0.07766197525686729	93
21057006	948	0.10814387145537636	94
15197179	1354	0.1359519177621991	95
14579493	800	0.192074899491506	96
18752426	921	0.07766197525686729	97
21057006	948	0.10814387145537636	98
15197179	1354	0.1359519177621991	99
14579493	800	0.192074899491506	100
18752426	921	0.07766197525686729	101
21057006	948	0.10814387145537636	102
15197179	1354	0.1359519177621991	103
14579493	800	0.192074899491506	104
18752426	921	0.07766197525686729	105
21057006	948	0.10814387145537636	106
15197179	1354	0.1359519177621991	107
14579493	800	0.192074899491506	108
18752426	921	0.07766197525686729	109
21057006	948	0.10814387145537636	110
15197179	1354	0.1359519177621991	111
14579493	800	0.192074899491506	112
18752426	921	0.07766197525686729	113
21057006	948	0.10814387145537636	114
15197179	1354	0.1359519177621991	115
14579493	800	0.192074899491506	116
18752426	921	0.07766197525686729	117
21057006	948	0.10814387145537636	118
15197179	1354	0.1359519177621991	119
14579493	800	0.192074899491506	120
18752426	921	0.07766197525686729	121
21057006	948	0.10814387145537636	122
15197179	1354	0.1359519177621991	123
14579493	800	0.192074899491506	124
18752426	921	0.07766197525686729	125
21057006	948	0.10814387145537636	126
15197179	1354	0.1359519177621991	127
14579493	800	0.192074899491506	128
18752426	921	0.07766197525686729	129
21057006	948	0.10814387145537636	130
15197179	1354	0.1359519177621991	131
14579493	800	0.192074899491506	132
18752426	921	0.07766197525686729	133
21057006	948	0.10814387145537636	134
15197179	1354	0.1359519177621991	135
14579493	800	0.192074899491506	136
18752426	921	0.07766197525686729	137
21057006	948	0.10814387145537636	138
15197179	1354	0.1359519177621991	139
14579493	800	0.192074899491506	140
18752426	921	0.07766197525686729	141
21057006	948	0.10814387145537636	142
15197179	1354	0.1359519177621991	143
14579493	800	0.192074899491506	144
18752426	921	0.07766197525686729	145
21057006	948	0.10814387145537636	146
15197179	1354	0.1359519177621991	147
14579493	800	0.192074899491506	148
18752426	921	0.07766197525686729	149
21057006	948	0.10814387145537636	150
15197179	1354	0.1359519177621991	151
14579493	800	0.192074899491506	152
18752426	921	0.07766197525686729	153
21057006	948	0.10814387145537636	154
15197179	1354	0.1359519177621991	155
14579493	800	0.192074899491506	156
18752426	921	0.07766197525686729	157
21057006	948	0.10814387145537636	158
15197179	1354	0.1359519177621991	159
14579493	800	0.192074899491506	160
18752426	921	0.07766197525686729	161
21057006	948	0.10814387145537636	162
15197179	1354	0.1359519177621991	163
14579493	800	0.192074899491506	164
18752426	921	0.07766197525686729	165
21057006	948	0.10814387145537636	166
15197179	1354	0.1359519177621991	167
14579493	800	0.192074899491506	168
18752426	921	0.07766197525686729	169
21057006	948	0.10814387145537636	170
15197179	1354	0.1359519177621991	171
14579493	800	0.192074899491506	172
18752426	921	0.07766197525686729	173
21057006	948	0.10814387145537636	174
15197179	1354	0.1359519177621991	175
14579493	800	0.192074899491506	176
18752426	921	0.07766197525686729	177
21057006	948	0.10814387145537636	178
15197179	1354	0.1359519177621991	179
14579493	800	0.192074899491506	180
18752426	921	0.07766197525686729	181
21057006	948	0.10814387145537636	182
15197179	1354	0.1359519177621991	183
14579493	800	0.192074899491506	184
18752426	921	0.07766197525686729	185
21057006	948	0.10814387145537636	186
15197179	1354	0.1359519177621991	187
14579493	800	0.192074899491506	188
18752426	921	0.07766197525686729	189
21057006	948	0.10814387145537636	190
15197179	1354	0.1359519177621991	191
14579493	800	0.192074899491506	192
18752426	921	0.07766197525686729	193
21057006	948	0.10814387145537636	194
15197179	1354	0.1359519177621991	195
14579493	800	0.192074899491506	196
18752426	921	0.07766197525686729	197
21057006	948	0.10814387145537636	198
15197179	1354	0.1359519177621991	199
14579493	800	0.192074899491506	200
18752426	921	0.07766197525686729	201
21057006	948	0.10814387145537636	202
15197179	1354	0.1359519177621991	203
14579493	800	0.192074899491506	204
18752426	921	0.07766197525686729	205
21057006	948	0.10814387145537636	206
15197179	1354	0.1359519177621991	207
14579493	800	0.192074899491506	208
18752426	921	0.07766197525686729	209
21057006	948	0.10814387145537636	210
15197179	1354	0.1359519177621991	211
14579493	800	0.192074899491506	212
18752426	921	0.07766197525686729	213
21057006	948	0.10814387145537636	214
15197179	1354	0.1359519177621991	215
14579493	800	0.192074899491506	216
18752426	921	0.07766197525686729	217
21057006	948	0.10814387145537636	218
15197179	1354	0.1359519177621991	219
14579493	800	0.192074899491506	220
18752426	921	0.07766197525686729	221
21057006	948	0.10814387145537636	222
15197179	1354	0.1359519177621991	223
14579493	800	0.192074899491506	224
18752426	921	0.07766197525686729	225
21057006	948	0.10814387145537636	226
15197179	1354	0.1359519177621991	227
14579493	800	0.192074899491506	228
18752426	921	0.07766197525686729	229
21057006	948	0.10814387145537636	230
15197179	1354	0.1359519177621991	231
14579493	800	0.192074899491506	232
18752426	921	0.07766197525686729	233
21057006	948	0.10814387145537636	234
15197179	1354	0.1359519177621991	235
14579493	800	0.192074899491506	236
18752426	921	0.07766197525686729	237
21057006	948	0.10814387145537636	238
15197179	1354	0.1359519177621991	239
14579493	800	0.192074899491506	240
18752426	921	0.07766197525686729	241
21057006	948	0.10814387145537636	242
15197179	1354	0.1359519177621991	243
14579493	800	0.192074899491506	244
18752426	921	0.07766197525686729	245
21057006	948	0.10814387145537636	246
15197179	1354	0.1359519177621991	247
14579493	800	0.192074899491506	248
18752426	921	0.07766197525686729	249
21057006	948	0.10814387145537636	250
15197179	1354	0.1359519177621991	251
14579493	800	0.192074899491506	252
18752426	921	0.07766197525686729	253
21057006	948	0.10814387145537636	254
15197179	1354	0.1359519177621991	255
14579493	800	0.192074899491506	256
18752426	921	0.07766197525686729	257
21057006	948	0.10814387145537636	258
15197179	1354	0.1359519177621991	259
14579493	800	0.192074899491506	260
18752426	921	0.07766197525686729	261
21057006	948	0.10814387145537636	262
15197179	1354	0.1359519177621991	263
14579493	800	0.192074899491506	264
18752426	921	0.07766197525686729	265
21057006	948	0.10814387145537636	266
15197179	1354	0.1359519177621991	267
14579493	800	0.192074899491506	268
18752426	921	0.07766197525686729	269
21057006	948	0.10814387145537636	270
15197179	1354	0.1359519177621991	271
14579493	800	0.192074899491506	272
18752426	921	0.07766197525686729	273
21057006	948	0.10814387145537636	274
15197179	1354	0.1359519177621991	275
14579493	800	0.192074899491506	276
18752426	921	0.07766197525686729	277
21057006	948	0.10814387145537636	278
15197179	1354	0.1359519177621991	279
14579493	800	0.192074899491506	280
18752426	921	0.07766197525686729	281
21057006	948	0.10814387145537636	282
15197179	1354	0.1359519177621991	283
14579493	800	0.192074899491506	284
18752426	921	0.07766197525686729	285
21057006	948	0.10814387145537636	286
15197179	1354	0.1359519177621991	287
14579493	800	0.192074899491506	288
18752426	921	0.07766197525686729	289
21057006	948	0.10814387145537636	290
15197179	1354	0.1359519177621991	291
14579493	800	0.192074899491506	292
18752426	921	0.07766197525686729	293
21057006	948	0.10814387145537636	294
15197179	1354	0.1359519177621991	295
14579493	800	0.192074899491506	296
18752426	921	0.07766197525686729	297
21057006	948	0.10814387145537636	298
15197179	1354	0.1359519177621991	299
14579493	800	0.192074899491506	300
18752426	921	0.07766197525686729	301
21057006	948	0.10814387145537636	302
15197179	1354	0.1359519177621991	303
14579493	800	0.192074899491506	304
18752426	921	0.07766197525686729	305
21057006	948	0.10814387145537636	306
15197179	1354	0.1359519177621991	307
14579493	800	0.192074899491506	308
18752426	921	0.07766197525686729	309
21057006	948	0.10814387145537636	310
15197179	1354	0.1359519177621991	311
14579493	800	0.192074899491506	312
18752426	921	0.07766197525686729	313
21057006	948	0.10814387145537636	314
15197179	1354	0.1359519177621991	315
14579493	800	0.192074899491506	316
18752426	921	0.07766197525686729	317
21057006	948	0.10814387145537636	318
15197179	1354	0.1359519177621991	319
14579493	800	0.192074899491506	320
18752426	921	0.07766197525686729	321
21057006	948	0.10814387145537636	322
15197179	1354	0.1359519177621991	323
14579493	800	0.192074899491506	324
18752426	921	0.07766197525686729	325
21057006	948	0.10814387145537636	326
15197179	1354	0.1359519177621991	327
14579493	800	0.192074899491506	328
18752426	921	0.07766197525686729	329
21057006	948	0.10814387145537636	330
15197179	1354	0.1359519177621991	331
14579493	800	0.192074899491506	332
18752426	921	0.07766197525686729	333
21057006	948	0.10814387145537636	334
15197179	1354	0.1359519177621991	335
14579493	800	0.192074899491506	336
18752426	921	0.07766197525686729	337
21057006	948	0.10814387145537636	338
15197179	1354	0.1359519177621991	339
14579493	800	0.192074899491506	340
18752426	921	0.07766197525686729	341
21057006	948	0.10814387145537636	342
15197179	1354	0.1359519177621991	343
14579493	800	0.192074899491506	344
18752426	921	0.07766197525686729	345
21057006	948	0.10814387145537636	346
15197179	1354	0.1359519177621991	347
14579493	800	0.192074899491506	348
18752426	921	0.07766197525686729	349
21057006	948	0.10814387145537636	350
15197179	1354	0.1359519177621991	351
14579493	800	0.192074899491506	352
18752426	921	0.07766197525686729	353
21057006	948	0.10814387145537636	354
15197179	1354	0.1359519177621991	355
14579493	800	0.192074899491506	356
18752426	921	0.07766197525686729	357
21057006	948	0.10814387145537636	358
15197179	1354	0.1359519177621991	359
14579493	800	0.192074899491506	360
18752426	921	0.07766197525686729	361
21057006	948	0.10814387145537636	362
15197179	1354	0.1359519177621991	363
14579493	800	0.192074899491506	364
18752426	921	0.07766197525686729	365
21057006	948	0.10814387145537636	366
15197179	1354	0.1359519177621991	367
14579493	800	0.192074899491506	368
18752426	921	0.07766197525686729	369
21057006	948	0.10814387145537636	370
15197179	1354	0.1359519177621991	371
14579493	800	0.192074899491506	372
18752426	921	0.07766197525686729	373
21057006	948	0.10814387145537636	374
15197179	1354	0.1359519177621991	375
14579493	800	0.192074899491506	376
18752426	921	0.07766197525686729	377
21057006	948	0.10814387145537636	378
15197179	1354	0.1359519177621991	379
14579493	800	0.192074899491506	380
18752426	921	0.07766197525686729	381
21057006	948	0.10814387145537636	382
15197179	1354	0.1359519177621991	383
14579493	800	0.192074899491506	384
18752426	921	0.07766197525686729	385
21057006	948	0.10814387145537636	386
15197179	1354	0.1359519177621991	387
14579493	800	0.192074899491506	388
18752426	921	0.07766197525686729	389
21057006	948	0.10814387145537636	390
15197179	1354	0.1359519177621991	391
14579493	800	0.192074899491506	392
18752426	921	0.07766197525686729	393
21057006	948	0.10814387145537636	394
15197179	1354	0.1359519177621991	395
14579493	800	0.192074899491506	396
18752426	921	0.07766197525686729	397
21057006	948	0.10814387145537636	398
15197179	1354	0.1359519177621991	399
14579493	800	0.192074899491506	400
18752426	921	0.07766197525686729	401
21057006	948	0.10814387145537636	402
15197179	1354	0.1359519177621991	403
14579493	800	0.192074899491506	404
18752426	921	0.07766197525686729	405
21057006	948	0.10814387145537636	406
15197179	1354	0.1359519177621991	407
14579493	800	0.192074899491506	408
18752426	921	0.07766197525686729	409
21057006	948	0.10814387145537636	410
15197179	1354	0.1359519177621991	411
14579493	800	0.192074899491506	412
18752426	921	0.07766197525686729	413
21057006	948	0.10814387145537636	414
15197179	1354	0.1359519177621991	415
14579493	800	0.192074899491506	416
18752426	921	0.07766197525686729	417
21057006	948	0.10814387145537636	418
15197179	1354	0.1359519177621991	419
14579493	800	0.192074899491506	420
18752426	921	0.07766197525686729	421
21057006	948	0.10814387145537636	422
15197179	1354	0.1359519177621991	423
14579493	800	0.192074899491506	424
18752426	921	0.07766197525686729	425
21057006	948	0.10814387145537636	426
15197179	1354	0.1359519177621991	427
14579493	800	0.192074899491506	428
18752426	921	0.07766197525686729	429
21057006	948	0.10814387145537636	430
15197179	1354	0.1359519177621991	431
14579493	800	0.192074899491506	432
18752426	921	0.07766197525686729	433
21057006	948	0.10814387145537636	434
15197179	1354	0.1359519177621991	435
14579493	800	0.192074899491506	436
18752426	921	0.07766197525686729	437
21057006	948	0.10814387145537636	438
15197179	1354	0.1359519177621991	439
14579493	800	0.192074899491506	440
18752426	921	0.07766197525686729	441
21057006	948	0.10814387145537636	442
15197179	1354	0.1359519177621991	443
14579493	800	0.192074899491506	444
18752426	921	0.07766197525686729	445
21057006	948	0.10814387145537636	446
15197179	1354	0.1359519177621991	447
14579493	800	0.192074899491506	448
18752426	921	0.07766197525686729	449
21057006	948	0.10814387145537636	450
15197179	1354	0.1359519177621991	451
14579493	800	0.192074899491506	452
18752426	921	0.07766197525686729	453
21057006	948	0.10814387145537636	454
15197179	1354	0.1359519177621991	455
14579493	800	0.192074899491506	456
18752426	921	0.07766197525686729	457
21057006	948	0.10814387145537636	458
15197179	1354	0.1359519177621991	459
14579493	800	0.192074899491506	460
18752426	921	0.07766197525686729	461
21057006	948	0.10814387145537636	462
15197179	1354	0.1359519177621991	463
14579493	800	0.192074899491506	464
18752426	921	0.07766197525686729	465
21057006	948	0.10814387145537636	466
15197179	1354	0.1359519177621991	467
14579493	800	0.192074899491506	468
18752426	921	0.07766197525686729	469
21057006	948	0.10814387145537636	470
15197179	1354	0.1359519177621991	471
14579493	800	0.192074899491506	472
18752426	921	0.07766197525686729	473
21057006	948	0.10814387145537636	474
15197179	1354	0.1359519177621991	475
14579493	800	0.192074899491506	476
18752426	921	0.07766197525686729	477
21057006	948	0.10814387145537636	478
15197179	1354	0.1359519177621991	479
14579493	800	0.192074899491506	480
18752426	921	0.07766197525686729	481
21057006	948	0.10814387145537636	482
15197179	1354	0.1359519177621991	483
14579493	800	0.192074899491506	484
18752426	921	0.07766197525686729	485
21057006	948	0.10814387145537636	486
15197179	1354	0.1359519177621991	487
14579493	800	0.192074899491506	488
18752426	921	0.07766197525686729	489
21057006	948	0.10814387145537636	490
15197179	1354	0.1359519177621991	491
14579493	800	0.192074899491506	492
18752426	921	0.07766197525686729	493
21057006	948	0.10814387145537636	494
15197179	1354	0.1359519177621991	495
14579493	800	0.192074899491506	496
18752426	921	0.07766197525686729	497
21057006	948	0.10814387145537636	498
15197179	1354	0.1359519177621991	499
14579493	800	0.192074899491506	500
18752426	921	0.07766197525686729	501
21057006	948	0.10814387145537636	502
15197179	1354	0.1359519177621991	503
14579493	800	0.192074899491506	504
18752426	921	0.07766197525686729	505
21057006	948	0.10814387145537636	506
15197179	1354	0.1359519177621991	507
14579493	800	0.192074899491506	508
18752426	921	0.07766197525686729	509
21057006	948	0.10814387145537636	510
15197179	1354	0.1359519177621991	511
14579493	800	0.192074899491506	512
18752426	921	0.07766197525686729	513
21057006	948	0.10814387145537636	514
15197179	1354	0.1359519177621991	515
14579493	800	0.192074899491506	516
18752426	921	0.07766197525686729	517
21057006	948	0.10814387145537636	518
15197179	1354	0.1359519177621991	519
14579493	800	0.192074899491506	520
18752426	921	0.07766197525686729	521
21057006	948	0.10814387145537636	522
15197179	1354	0.1359519177621991	523
14579493	800	0.192074899491506	524
18752426	921	0.07766197525686729	525
21057006	948	0.10814387145537636	526
15197179	1354	0.1359519177621991	527
14579493	800	0.192074899491506	528
18752426	921	0.07766197525686729	529
21057006	948	0.10814387145537636	530
15197179	1354	0.1359519177621991	531
14579493	800	0.192074899491506	532
18752426	921	0.07766197525686729	533
21057006	948	0.10814387145537636	534
15197179	1354	0.1359519177621991	535
14579493	800	0.192074899491506	536
18752426	921	0.07766197525686729	537
21057006	948	0.10814387145537636	538
15197179	1354	0.1359519177621991	539
14579493	800	0.192074899491506	540
18752426	921	0.07766197525686729	541
21057006	948	0.10814387145537636	542
15197179	1354	0.1359519177621991	543
14579493	800	0.192074899491506	544
18752426	921	0.07766197525686729	545
21057006	948	0.10814387145537636	546
15197179	1354	0.1359519177621991	547
14579493	800	0.192074899491506	548
18752426	921	0.07766197525686729	549
21057006	948	0.10814387145537636	550
15197179	1354	0.1359519177621991	551
14579493	800	0.192074899491506	552
18752426	921	0.07766197525686729	553
21057006	948	0.10814387145537636	554
15197179	1354	0.1359519177621991	555
14579493	800	0.192074899491506	556
18752426	921	0.07766197525686729	557
21057006	948	0.10814387145537636	558
15197179	1354	0.1359519177621991	559
14579493	800	0.192074899491506	560
18752426	921	0.07766197525686729	561
21057006	948	0.10814387145537636	562
15197179	1354	0.1359519177621991	563
14579493	800	0.192074899491506	564
18752426	921	0.07766197525686729	565
21057006	948	0.10814387145537636	566
15197179	1354	0.1359519177621991	567
14579493	800	0.192074899491506	568
18752426	921	0.07766197525686729	569
21057006	948	0.10814387145537636	570
15197179	1354	0.1359519177621991	571
14579493	800	0.192074899491506	572
18752426	921	0.07766197525686729	573
21057006	948	0.10814387145537636	574
15197179	1354	0.1359519177621991	575
14579493	800	0.192074899491506	576
18752426	921	0.07766197525686729	577
21057006	948	0.10814387145537636	578
15197179	1354	0.1359519177621991	579
14579493	800	0.192074899491506	580
18752426	921	0.07766197525686729	581
21057006	948	0.10814387145537636	582
15197179	1354	0.1359519177621991	583
14579493	800	0.192074899491506	584
18752426	921	0.07766197525686729	585
21057006	948	0.10814387145537636	586
15197179	1354	0.1359519177621991	587
14579493	800	0.192074899491506	588
18752426	921	0.07766197525686729	589
21057006	948	0.10814387145537636	590
15197179	1354	0.1359519177621991	591
14579493	800	0.192074899491506	592
18752426	921	0.07766197525686729	593
21057006	948	0.10814387145537636	594
15197179	1354	0.1359519177621991	595
14579493	800	0.192074899491506	596
18752426	921	0.07766197525686729	597
21057006	948	0.10814387145537636	598
15197179	1354	0.1359519177621991	599
14579493	800	0.192074899491506	600
18752426	921	0.07766197525686729	601
21057006	948	0.10814387145537636	602
15197179	1354	0.1359519177621991	603
14579493	800	0.192074899491506	604
18752426	921	0.07766197525686729	605
21057006	948	0.10814387145537636	606
15197179	1354	0.1359519177621991	607
14579493	800	0.192074899491506	608
18752426	921	0.07766197525686729	609
21057006	948	0.10814387145537636	610
15197179	1354	0.1359519177621991	611
14579493	800	0.192074899491506	612
18752426	921	0.07766197525686729	613
21057006	948	0.10814387145537636	614
15197179	1354	0.1359519177621991	615
14579493	800	0.192074899491506	616
18752426	921	0.07766197525686729	617
21057006	948	0.10814387145537636	618
15197179	1354	0.1359519177621991	619
14579493	800	0.192074899491506	620
18752426	921	0.07766197525686729	621
21057006	948	0.10814387145537636	622
15197179	1354	0.1359519177621991	623
14579493	800	0.192074899491506	624
18752426	921	0.07766197525686729	625
21057006	948	0.10814387145537636	626
15197179	1354	0.1359519177621991	627
14579493	800	0.192074899491506	628
18752426	921	0.07766197525686729	629
21057006	948	0.10814387145537636	630
15197179	1354	0.1359519177621991	631
14579493	800	0.192074899491506	632
18752426	921	0.07766197525686729	633
21057006	948	0.10814387145537636	634
15197179	1354	0.1359519177621991	635
14579493	800	0.192074899491506	636
18752426	921	0.07766197525686729	637
21057006	948	0.10814387145537636	638
15197179	1354	0.1359519177621991	639
14579493	800	0.192074899491506	640
18752426	921	0.07766197525686729	641
21057006	948	0.10814387145537636	642
15197179	1354	0.1359519177621991	643
14579493	800	0.192074899491506	644
18752426	921	0.07766197525686729	645
21057006	948	0.10814387145537636	646
15197179	1354	0.1359519177621991	647
14579493	800	0.192074899491506	648
18752426	921	0.07766197525686729	649
21057006	948	0.10814387145537636	650
15197179	1354	0.1359519177621991	651
14579493	800	0.192074899491506	652
18752426	921	0.07766197525686729	653
21057006	948	0.10814387145537636	654
15197179	1354	0.1359519177621991	655
14579493	800	0.192074899491506	656
18752426	921	0.07766197525686729	657
21057006	948	0.10814387145537636	658
15197179	1354	0.1359519177621991	659
14579493	800	0.192074899491506	660
18752426	921	0.07766197525686729	661
21057006	948	0.10814387145537636	662
15197179	1354	0.1359519177621991	663
14579493	800	0.192074899491506	664
18752426	921	0.07766197525686729	665
21057006	948	0.10814387145537636	666
15197179	1354	0.1359519177621991	667
14579493	800	0.192074899491506	668
18752426	921	0.07766197525686729	669
21057006	948	0.10814387145537636	670
15197179	1354	0.1359519177621991	671
14579493	800	0.192074899491506	672
18752426	921	0.07766197525686729	673
21057006	948	0.10814387145537636	674
15197179	1354	0.1359519177621991	675
14579493	800	0.192074899491506	676
18752426	921	0.07766197525686729	677
21057006	948	0.10814387145537636	678
15197179	1354	0.1359519177621991	679
