NEW
19514897
0
NEW
16250137
38
21056991
88
14579493
144
14579494
161
41522043
238
17791429
241
19227136
254
7461171
257
18752426
265
19214639
266
21057006
292
6902930
294
6677293
295
7751408
305
15197181
313
6902933
389
17915296
419
1940049
441
14579476
469
7365144
474
13227225
474
14607762
489
7816860
518
30241004
863
18129771
893
33070192
931
35497190
983
16347747
1018
14579063
1020
15357084
1094
18129756
1104
18678271
1287
15196980
1404
17950573
1430
13499757
1496
18282308
1824
13683935
1997
19309303
2027
18129738
2157
NEW
18130267
-1
NEW
18752428
0
NEW
18752426
8
16253106
57
7770986
126
18130744
146
18021634
158
18130746
165
18130742
185
13227229
674
15178444
956
NEW
18130598
-1
NEW
14579088
16
13227225
195
18021636
650
18130742
663
16210652
679
13227229
750
22337356
1340
15178444
1359
14723315
1616
33070192
1883
7810038
2029
14581567
2160
2074496
2907
18678271
2990
15357081
3462
7478255
4753
18022059
4857
NEW
18464147
39
16253106
91
16272469
137
7770986
160
18130744
180
18021634
192
18130746
199
18130742
219
21057029
238
15197179
240
19531567
248
21057015
257
19531571
264
21056991
281
18185281
285
12998942
338
14579493
379
41522043
473
17791429
476
19227136
489
7461171
492
19214639
501
6902930
529
7751408
540
16250137
550
6902933
624
14579476
704
13227229
708
7365144
709
14607762
724
21057002
761
15178444
990
30241004
1098
18129771
1128
35497190
1218
16347747
1253
15357084
1329
18129756
1339
15196980
1639
19309303
2262
NEW
41522043
26
21057006
54
6677293
57
16250137
97
17791429
99
14579493
150
17915296
181
21056991
192
19227136
196
7461171
199
1940049
203
19214639
208
6902930
236
7751408
247
6902933
331
14579476
411
7365144
416
14607762
431
30241004
805
18129771
835
35497190
925
16347747
960
15357084
1036
18129756
1046
15196980
1346
13683935
1939
19309303
1969
NEW
14579494
35
14579536
199
14579088
250
13227225
313
14579476
350
6902933
470
6902930
493
19214639
521
7751408
527
19227136
533
14607762
570
18678374
659
14579493
699
41522043
729
17791429
732
7365144
741
30241004
744
7461171
748
18021636
768
18130742
781
16210652
797
33070192
804
16250137
806
13227229
868
15357084
975
18129771
1026
35497190
1032
16347747
1316
22337356
1458
15178444
1477
18295122
1479
15197186
1515
15196980
1702
14723315
1734
7810038
2147
2074496
3025
NEW
19514975
8
19531571
105
18185281
126
13955186
151
19531567
154
5983027
168
5907297
226
7459221
288
7810038
1783
NEW
16253108
12
18464147
67
49650310
77
19531567
218
19531571
234
18185281
255
21057029
287
15197179
289
19227136
538
19214639
550
6902930
578
6902933
673
14579476
753
NEW
18021636
0
NEW
18130744
19
18130746
19
18130742
40
18021636
406
18021634
432
16210652
435
13227229
506
22337356
1096
15178444
1115
14723315
1372
33070192
1639
35450538
1711
7810038
1785
14581567
1916
2074496
2663
18678271
2746
15357081
3218
15357077
3243
7478255
4509
18022059
4613
NEW
19227136
36
19214639
11
6902930
40
6902933
135
14579493
166
14579494
183
7751408
192
41522043
196
17791429
199
21056991
208
7461171
215
14579476
215
14607762
235
21057006
250
6677293
253
7816860
264
7365144
268
15197181
271
16250137
273
17915296
377
18752426
385
1940049
399
13227225
496
30241004
609
18129771
639
35497190
729
14579063
766
16347747
812
33070192
818
15357084
840
18129756
850
18678271
1033
15196980
1198
17950573
1224
13499757
1290
18282308
1618
13683935
1791
NEW
19214639
37
19227136
11
6902930
29
6902933
123
14579493
178
7751408
180
14579494
195
14579476
203
41522043
208
17791429
211
21056991
220
14607762
223
7461171
227
7816860
252
21057006
262
6677293
265
7365144
280
15197181
283
16250137
285
14579536
289
17915296
389
18752426
397
1940049
411
13227225
508
30241004
597
18129771
627
35497190
717
14579063
754
33070192
806
16347747
824
15357084
828
18129756
838
18678271
1021
15196980
1210
17950573
1236
13499757
1302
18282308
1630
13683935
1803
NEW
18130746
18
18130742
20
18021636
386
18021634
412
16210652
415
13227229
486
22337356
1076
15178444
1095
14723315
1352
33070192
1619
35450538
1691
7810038
1765
14581567
1896
2074496
2643
18678271
2726
15357081
3198
15357077
3223
7478255
4489
18022059
4593
NEW
19531567
14
19531571
16
18185281
37
5907297
137
19514975
196
13955186
253
5983027
270
16253108
294
13710445
387
7459221
390
9001819
532
19588677
664
18752420
712
33070460
1123
7810038
1885
NEW
19531571
14
18185281
21
5907297
120
19514975
179
13955186
236
5983027
253
16253108
277
19531567
333
13710445
370
7459221
373
9001819
515
19588677
647
18752420
695
33070460
1106
7810038
1868
NEW
18185281
14
5907297
99
19514975
158
13955186
215
5983027
232
19531571
255
16253108
256
19531567
312
13710445
349
7459221
352
9001819
494
19588677
626
18752420
674
33070460
1085
7810038
1847
NEW
21049304
47
15197186
123
7751409
160
18295122
181
7365144
454
19227136
612
19214639
624
6902930
652
14579493
730
6902933
747
14579494
747
41522043
760
17791429
763
21056991
772
7461171
779
21057006
814
6677293
817
14579476
827
7751408
827
15197181
835
16250137
837
14607762
847
7816860
876
17915296
941
18752426
949
1940049
963
16347747
998
13227225
1060
18678374
1136
30241004
1221
9001725
1248
15196980
1384
17950573
1410
15357084
1452
33070192
1453
13499757
1476
18282308
1804
8472010
1930
13683935
1977
19309303
2007
8472009
2030
18129738
2137
8515734
2155
6834659
2210
33070146
2223
15394142
2227
18129756
2306
7478255
4226
NEW
19531582
8
9001729
231
9001725
285
16272469
308
18464147
323
19531567
421
19531571
437
18185281
458
19588677
653
NEW
14579536
33
14579088
206
13227225
269
14579476
295
6902933
415
6902930
438
19214639
466
7751408
472
19227136
478
14607762
515
18678374
604
14579493
644
41522043
674
17791429
677
7365144
686
30241004
689
18021636
724
18130742
737
33070192
749
16250137
751
16210652
753
13227229
824
15357084
920
18129771
971
35497190
977
16347747
1261
22337356
1414
18295122
1424
15178444
1433
15197186
1460
15196980
1647
14723315
1690
7810038
2103
2074496
2981
NEW
17915296
30
1940049
22
6677293
124
21057006
127
13303993
157
15197181
181
41522043
181
20805410
231
17791429
237
16250137
278
12998942
305
21056991
373
19227136
377
21057015
386
19214639
389
15197179
403
21057029
405
19514897
409
6902930
417
19514888
445
18295122
493
6902933
512
9001725
514
15197186
529
7461174
561
7751409
566
14579476
592
21049304
614
19524316
846
19524327
865
18754874
962
NEW
13227225
18
18021636
645
18130742
658
18021634
671
16210652
674
13227229
745
22337356
1335
15178444
1354
14723315
1611
33070192
1878
35450538
1950
7810038
2024
14581567
2155
2074496
2902
18678271
2985
15357081
3457
15357077
3482
7478255
4748
18022059
4852
NEW
7816860
35
18129771
463
35497190
469
7365144
511
18129756
590
19227136
675
19214639
687
6902930
715
16347747
753
14579493
793
6902933
810
19309303
814
41522043
823
17791429
826
21056991
835
7461171
842
18129738
853
7751408
890
14579476
890
16250137
900
14607762
910
17950573
911
18295122
916
33070146
939
15394142
943
15197186
952
15196980
1139
9001725
1523
8472010
1685
13683935
1732
8515734
1910
6834659
1965
9010922
2267
19579973
2481
19588677
2563
7478255
3477
NEW
18752420
4
13710445
39
7459221
370
14581567
3207
7478255
5800
NEW
20805410
9
1940049
80
17915296
102
13303993
189
6677293
225
21057006
228
12998942
337
9001725
546
15197186
561
19524316
878
NEW
19524327
13
18754874
97
9001725
229
8472009
470
19524316
561
15175195
626
15789905
701
12916234
721
9001729
756
9001727
837
19531582
907
8515734
938
19588677
944
6834659
993
NEW
19524316
3
19524327
19
18754874
117
9001729
775
NEW
15197179
43
21057029
2
21057015
17
12998942
98
19514897
100
21056991
117
19514888
136
14579493
215
14579494
232
13303993
246
41522043
309
17791429
312
19227136
325
7461171
328
19214639
337
21057006
363
6902930
365
6677293
366
7751408
376
15197181
384
17915296
384
16250137
386
1940049
406
6902933
460
14579476
540
13227225
545
7365144
545
14607762
560
7816860
589
30241004
934
18129771
964
33070192
1002
35497190
1054
16347747
1089
14579063
1091
15357084
1165
18129756
1175
18678271
1358
15196980
1475
17950573
1501
13499757
1567
18282308
1895
19309303
2098
18129738
2228
NEW
16272469
39
19514888
77
16253106
104
18464147
137
7770986
173
18130744
193
18021634
205
12998942
205
18130746
212
18130742
232
19531567
235
19531571
251
18185281
272
21056991
294
14579493
392
41522043
486
17791429
489
17915296
491
19227136
502
7461171
505
1940049
513
19214639
514
6902930
542
7751408
553
16250137
563
6902933
637
14579476
717
13227229
721
7365144
722
14607762
737
21057002
774
15178444
1003
30241004
1111
18129771
1141
35497190
1231
16347747
1266
15357084
1342
18129756
1352
15196980
1652
19309303
2275
NEW
16211076
0
NEW
16253106
45
7770986
69
18130744
89
18130746
108
18130742
128
21057029
275
15197179
277
21057015
294
21056991
318
12998942
375
14579493
416
18021636
494
41522043
510
17791429
513
16210652
523
19227136
526
7461171
529
19214639
538
6902930
566
7751408
577
16250137
587
13227229
617
17915296
661
6902933
661
21057002
670
1940049
683
14579476
741
7365144
746
14607762
761
22337356
892
15178444
899
18678374
1050
30241004
1135
14723315
1147
18129771
1165
33070192
1228
35497190
1255
16347747
1290
15357084
1366
18129756
1376
15196980
1676
7810038
1873
14581567
1876
19309303
2299
2074496
2751
7478255
4469
NEW
14579493
10
14579494
17
13227225
330
14579476
367
6902933
487
6902930
510
19214639
538
19227136
550
18130742
798
13227229
885
15178444
1494
NEW
49650310
9
19514975
48
16272469
129
19531567
140
18464147
142
19531571
156
18185281
177
9001729
401
9001725
455
19588677
823
NEW
7770986
20
18130744
19
18130746
38
18130742
59
18021636
425
18021634
451
16210652
454
13227229
525
22337356
1115
15178444
1134
14723315
1391
33070192
1658
35450538
1730
7810038
1804
14581567
1935
2074496
2682
18678271
2765
15357081
3237
15357077
3262
7478255
4528
18022059
4632
NEW
17791429
12
15197181
72
21057006
110
6677293
113
41522043
154
17915296
237
16250137
251
1940049
259
19227136
350
19214639
362
6902930
390
6902933
485
14579476
565
NEW
7461171
34
14579536
217
14579088
268
13227225
331
14579476
368
6902933
488
6902930
511
19214639
539
7751408
545
19227136
551
14607762
588
18678374
677
14579493
717
41522043
747
17791429
750
7365144
759
30241004
762
18021636
786
18130742
799
16210652
815
33070192
822
16250137
824
13227229
886
15357084
993
18129771
1044
35497190
1050
16347747
1334
22337356
1476
15178444
1495
18295122
1497
15197186
1533
15196980
1720
14723315
1752
7810038
2165
2074496
3043
NEW
6677293
19
21057006
3
41522043
57
15197181
57
17791429
113
17915296
124
1940049
146
16250137
154
21056991
249
19227136
253
19214639
265
13303993
280
6902930
293
20805410
354
6902933
388
12998942
428
14579476
468
9001725
637
15197186
652
19524316
969
NEW
15197181
12
21057006
54
6677293
57
17791429
72
41522043
98
17915296
181
16250137
195
1940049
203
19227136
294
19214639
306
6902930
334
6902933
429
14579476
509
NEW
6902930
37
19214639
29
19227136
40
6902933
95
7751408
152
14579476
175
14607762
195
14579493
206
14579494
223
7816860
224
41522043
236
17791429
239
21056991
248
7461171
255
14579536
261
21057006
290
6677293
293
7365144
308
15197181
311
16250137
313
17915296
417
18752426
425
1940049
439
13227225
536
30241004
569
18129771
599
35497190
689
14579063
726
33070192
778
15357084
800
18129756
810
16347747
852
18678271
993
15196980
1238
17950573
1264
13499757
1330
18282308
1658
13683935
1831
NEW
9001727
9
5907297
93
19514975
152
13955186
209
5983027
226
19531571
249
18185281
270
7459221
346
9001819
488
7810038
1841
NEW
7751408
29
14579536
109
14579476
172
6902933
292
6902930
315
19214639
343
19227136
355
13227225
378
14607762
392
18678374
481
14579493
521
41522043
551
17791429
554
7365144
563
21056991
563
30241004
566
7461171
570
33070192
626
16250137
628
15357084
797
18130742
846
18129771
848
35497190
854
13227229
933
16347747
1138
18295122
1301
15197186
1337
15196980
1524
15178444
1542
13683935
2117
NEW
5983027
5
5907297
58
19588677
585
9001963
737
19579973
770
20049451
839
NEW
17915327
0
NEW
6902933
29
7751408
57
14579536
166
14579476
229
6902930
372
19214639
400
19227136
412
13227225
435
14607762
449
18678374
538
14579493
578
41522043
608
17791429
611
7365144
620
21056991
620
30241004
623
7461171
627
33070192
683
16250137
685
15357084
854
18130742
903
18129771
905
35497190
911
13227229
990
16347747
1195
18295122
1358
15197186
1394
15196980
1581
15178444
1599
13683935
2174
NEW
17915328
-1
NEW
7751409
29
21049304
48
15197186
171
18295122
229
7365144
502
19227136
660
19214639
672
6902930
700
14579493
778
6902933
795
41522043
808
17791429
811
21056991
820
7461171
827
14579476
875
7751408
875
16250137
885
14607762
895
16347747
1046
18678374
1184
30241004
1269
9001725
1296
15196980
1432
15357084
1500
8472010
1978
13683935
2025
19309303
2055
8515734
2203
6834659
2258
7478255
4274
NEW
5907297
6
13710445
249
5983027
317
7459221
580
18752420
584
14581567
3417
7478255
6010
NEW
17916549
27
7365144
215
19227136
373
19214639
385
6902930
413
14579493
491
6902933
508
41522043
521
17791429
524
21056991
533
7461171
540
14579476
588
7751408
588
16250137
598
14607762
608
16347747
759
18678374
897
18295122
922
15197186
958
30241004
982
15196980
1145
15357084
1213
8472010
1691
13683935
1738
19309303
1768
8515734
1916
6834659
1971
7478255
3987
NEW
15197186
29
7751409
38
21049304
86
18295122
88
7365144
361
19227136
519
19214639
531
6902930
559
14579493
637
6902933
654
41522043
667
17791429
670
21056991
679
7461171
686
14579476
734
7751408
734
16250137
744
14607762
754
16347747
905
18678374
1043
30241004
1128
9001725
1155
15196980
1291
15357084
1359
8472010
1837
13683935
1884
19309303
1914
8515734
2062
6834659
2117
7478255
4133
NEW
9001729
14
9001727
82
19531582
152
5907297
175
15175195
220
19514975
234
13955186
291
5983027
308
19531571
331
18185281
352
7459221
428
9001725
436
9001819
570
19588677
804
7810038
1923
NEW
1940049
30
17915296
22
13303993
135
6677293
146
21057006
149
41522043
203
15197181
203
20805410
209
17791429
259
12998942
283
16250137
300
21057015
364
15197179
381
21057029
383
19514897
387
19227136
399
19214639
411
19514888
423
6902930
439
18295122
471
9001725
492
21056991
498
15197186
507
6902933
534
7461174
539
7751409
544
21049304
592
14579476
614
19524316
824
19524327
843
18754874
940
NEW
7461174
13
13303993
151
1940049
259
17915296
281
20805410
288
12998942
299
9001725
305
8472009
316
6677293
404
21057006
407
18295122
550
15197186
586
19524316
649
6834659
839
NEW
13227229
55
14579536
390
14579088
452
14579476
474
13227225
515
6902933
627
6902930
650
19214639
678
7751408
684
19227136
690
18678374
698
14607762
727
7816860
756
33070192
779
30241004
783
35450538
851
14579493
856
14579494
873
41522043
886
17791429
889
7365144
898
21056991
898
7461171
905
21057006
940
6677293
943
15197181
961
16250137
963
18021636
970
18130742
983
18021634
996
16210652
999
15357084
1014
18129771
1065
17915296
1067
35497190
1071
18752426
1075
1940049
1089
14581567
1185
14579063
1192
18129756
1192
18678271
1207
16347747
1355
14723315
1497
17950573
1513
18295122
1518
15197186
1554
7751409
1591
21049304
1639
22337356
1660
15178444
1679
15196980
1741
13499757
1833
18282308
2161
13683935
2334
7810038
2349
2074496
3227
NEW
14607762
8
7816860
29
19227136
704
19214639
716
6902930
744
6902933
839
21056991
864
14579476
919
6834659
1994
NEW
9001725
4
7461174
48
1940049
307
17915296
329
16272469
342
NEW
13710445
6
5983027
164
5907297
222
19514975
230
13955186
287
19531571
327
18185281
348
NEW
7365144
26
19227136
268
19214639
280
6902930
308
14579493
386
6902933
403
41522043
416
17791429
419
21056991
428
7461171
435
7751408
483
14579476
483
16250137
493
14607762
503
16347747
648
18678374
792
18295122
811
15197186
847
30241004
877
15196980
1034
15357084
1108
8472010
1580
13683935
1627
19309303
1657
8515734
1805
6834659
1860
7478255
3876
NEW
21057006
19
6677293
3
41522043
54
15197181
54
17791429
110
17915296
127
1940049
149
16250137
151
21056991
246
19227136
250
19214639
262
13303993
283
6902930
290
20805410
357
6902933
385
12998942
431
14579476
465
9001725
640
15197186
655
19524316
972
NEW
18021634
21
7459221
390
5983027
507
5907297
565
18752420
714
18021636
814
16210652
843
9001819
855
19588677
1038
33070460
1115
22337356
1478
7810038
1669
14723315
1754
8567404
2013
14581567
2298
2074496
2851
7787802
3039
14018640
3100
24529322
3478
6590008
3671
7478255
4891
18022059
4995
NEW
13955186
0
NEW
16210652
20
7459221
305
5983027
422
5907297
480
18752420
629
18021636
729
9001819
770
19588677
953
33070460
1030
22337356
1393
7810038
1584
14723315
1669
8567404
1928
14581567
2213
2074496
2766
7787802
2954
14018640
3015
24529322
3393
6590008
3586
7478255
4806
18022059
4910
NEW
14579476
48
6902933
152
6902930
175
19214639
203
7751408
209
19227136
215
14579536
221
14607762
252
7816860
281
18678374
308
14579493
381
30241004
393
14579494
398
41522043
411
17791429
414
7365144
423
21056991
423
14579088
427
7461171
430
21057006
465
6677293
468
15197181
486
16250137
488
13227225
490
17915296
592
18752426
600
1940049
614
15357084
624
18129771
656
35497190
681
33070192
738
14579063
783
35450538
810
18678271
817
18021636
945
16347747
967
16210652
974
13227229
1045
18295122
1130
14581567
1131
15197186
1166
7751409
1203
21049304
1251
15196980
1353
13499757
1445
14723315
1456
18282308
1773
8472010
1899
13683935
1946
NEW
7459221
20
18752420
321
5983027
434
9001819
462
5907297
492
19588677
645
33070460
732
18021636
769
16210652
798
7810038
1492
8567404
1836
22337356
2334
14723315
2610
2074496
2674
7787802
2862
14018640
2923
14581567
3154
24529322
3301
6590008
3494
7478255
5747
18022059
5851
NEW
18754874
23
9001725
132
7461174
179
8472009
373
13303993
378
1940049
438
17915296
460
19524316
464
16272469
473
8472010
473
19524327
483
15175195
529
15789905
604
12916234
624
20049317
632
9001729
659
13683935
663
9001727
740
19531582
810
9001623
824
8515734
841
19588677
847
6834659
896
9001819
912
NEW
35497190
22
30241004
371
18129756
617
15357084
666
7365144
732
18678374
804
33070192
848
19227136
896
19214639
908
6902930
936
17950573
938
14579476
987
14579493
1014
6902933
1031
41522043
1044
17791429
1047
21056991
1056
7461171
1063
7751408
1111
16250137
1121
18295122
1137
15197186
1173
14607762
1240
NEW
9001623
10
12916234
129
15789905
229
19524316
305
8515734
368
15175195
370
6834659
423
19588677
472
9001729
500
9001727
581
19531582
651
NEW
15178444
58
14579536
402
14579088
464
14579476
486
13227225
527
22337356
573
33070192
614
6902933
639
14723315
643
6902930
662
35450538
686
19214639
690
7751408
696
19227136
702
18678374
711
14607762
739
7816860
768
30241004
795
14579493
868
14579494
885
41522043
898
17791429
901
7365144
910
21056991
910
7461171
917
21057006
952
6677293
955
15197181
973
16250137
975
18021636
982
18130742
995
18021634
1008
16210652
1011
15357084
1026
18129771
1077
17915296
1079
13227229
1082
35497190
1083
18752426
1087
1940049
1101
14579063
1204
18129756
1204
18678271
1219
16347747
1367
17950573
1525
18295122
1530
14581567
1557
15197186
1566
7751409
1603
21049304
1651
15196980
1753
7810038
1764
13499757
1845
18282308
2173
13683935
2346
2074496
2642
33070460
3075
7478255
4150
18022059
4254
NEW
12916234
13
9001623
200
15789905
220
8515734
239
6834659
294
19524316
296
8472010
357
15175195
361
19588677
463
9001729
491
13683935
547
9001727
572
19531582
642
9001819
744
NEW
19588677
28
9001963
202
19579973
235
20049451
304
20049341
331
15789905
443
12916234
463
20049317
471
13710445
486
9010922
514
19524316
519
19524327
538
9001729
541
5983027
554
15175195
584
5907297
612
9001727
622
18754874
635
9001623
663
8567404
669
19531582
692
8515734
702
6834659
757
7459221
817
8472010
820
13683935
1311
15196980
2258
16347747
2431
19309303
3440
NEW
30241004
-1
NEW
35495295
0
NEW
35495294
5
15394142
79
33070146
83
14581567
2528
7478255
2575
15178444
2928
NEW
13499757
9
8472009
375
18282308
448
15196980
682
1940049
804
17915296
826
9001729
1093
19588677
1334
8515734
1421
6834659
1476
NEW
33070146
15
15394142
4
18129738
120
19309303
215
18129756
289
35495295
290
15357081
313
17950573
610
14581567
2491
7478255
2538
18022059
2642
14723315
2734
15178444
2891
22337356
3240
7810038
3961
2074496
4130
NEW
14579063
32
16347747
336
7365144
420
19227136
584
19214639
596
6902930
624
18295122
663
15197186
699
14579493
702
6902933
719
15196980
722
41522043
732
17791429
735
21056991
744
7461171
751
14579476
799
7751408
799
16250137
809
14607762
819
20805410
1040
9001725
1106
18678374
1108
30241004
1193
8472010
1268
13683935
1315
19309303
1345
15357084
1424
8515734
1493
6834659
1548
9010922
1850
19579973
2064
19588677
2146
7478255
3564
NEW
15394142
15
33070146
4
18129738
124
19309303
219
35495295
286
18129756
293
15357081
309
17950573
614
14581567
2487
7478255
2534
18022059
2638
14723315
2730
15178444
2887
22337356
3236
7810038
3957
2074496
4126
NEW
33070460
32
18752420
746
9001819
887
19588677
1070
20049451
1205
7459221
1208
19579973
1255
8567404
1354
7810038
1558
7787802
1631
18021636
1660
16210652
1689
13683935
1996
8515734
2111
6834659
2166
24529322
2224
22337356
2400
6590008
2417
14018640
2441
14723315
2676
2074496
2740
15178444
2928
15196980
2943
33070192
2943
13227229
2952
14581567
3220
18678271
4050
15357081
4522
15394142
4687
33070146
4691
35495295
4793
7478255
5813
18022059
5917
NEW
22337104
37
9001963
433
19588677
443
19579973
466
20049451
551
8567404
700
33070460
733
9010922
852
18752420
882
19524316
969
9001819
1023
7459221
1286
13683935
1342
8515734
1457
6834659
1512
7787802
1517
7810038
1636
8472010
1662
18021636
1738
16210652
1767
14018640
1880
24529322
2271
15196980
2289
16347747
2462
6590008
2464
22337356
2478
14723315
2754
2074496
2818
15178444
3006
33070192
3021
13227229
3030
14581567
3298
19309303
3471
18678271
4128
15357081
4600
35495295
4871
7478255
5891
18022059
5995
NEW
15357084
23
18678271
193
15357081
479
15394142
644
33070146
648
35495295
750
35450538
826
14579476
898
6902933
1051
6902930
1074
19214639
1102
14581567
1548
14723315
1791
15178444
1948
22337356
2297
7478255
2630
18022059
2734
7810038
3018
13227229
3179
18021636
3187
2074496
3187
18130742
3200
16210652
3216
33070460
4329
NEW
33070192
23
35450538
72
14581567
406
18678374
415
14579476
598
6902933
751
6902930
774
19214639
802
7751408
808
19227136
814
14579536
820
14607762
851
14579493
980
41522043
1010
17791429
1013
7365144
1022
21056991
1022
7461171
1029
15178444
1040
16250137
1087
13227225
1089
13227229
1891
7478255
3043
6590008
5597
NEW
18678271
29
15357084
384
18678374
521
33070192
565
15394142
612
33070146
616
15357081
643
14579476
704
35495295
718
6902933
857
6902930
880
14581567
887
19214639
908
7751408
914
19227136
920
14579536
926
14607762
957
14579493
1086
41522043
1116
17791429
1119
21056991
1128
7461171
1135
16250137
1193
13227225
1195
13227229
1750
22337356
2693
7478255
2868
18022059
2972
7810038
3414
2074496
3583
NEW
14723315
10
22337356
289
15178444
857
13227229
1033
18021636
1041
18130742
1054
16210652
1070
14581567
1273
18678374
1283
7478255
3866
6590008
5347
NEW
15357081
6
15357077
25
14581567
1621
15178444
2021
7478255
2703
13227229
3252
18130742
3273
NEW
15357077
23
18678271
242
15357081
528
15394142
693
33070146
697
35495295
799
35450538
875
14579476
947
6902933
1100
6902930
1123
19214639
1151
14581567
1597
14723315
1840
15178444
1997
22337356
2346
7478255
2679
18022059
2783
7810038
3067
13227229
3228
18021636
3236
2074496
3236
18130742
3249
16210652
3265
33070460
4378
NEW
17950573
28
19309303
719
7365144
887
15196980
1003
19227136
1051
19214639
1063
6902930
1091
18295122
1130
15197186
1166
14579493
1169
6902933
1186
41522043
1199
17791429
1202
21056991
1211
7461171
1218
7751408
1266
14579476
1266
16250137
1276
14607762
1286
1940049
1292
20805410
1321
9001725
1387
8472010
1549
13683935
1596
8515734
1774
6834659
1829
9010922
2131
19579973
2345
19588677
2427
NEW
35450538
27
33070192
72
14581567
335
18678271
640
14579476
670
14723315
812
6902933
823
6902930
846
19214639
874
19227136
886
22337356
938
15178444
969
21056991
1094
7810038
1659
15357081
1681
13227229
1820
18021636
1828
18130742
1841
16210652
1857
2074496
2579
33070460
2970
7478255
2972
18022059
3076
8567404
3868
7787802
4894
14018640
4955
24529322
5333
6590008
5526
NEW
13683935
13
8515734
224
6834659
279
9010922
581
8472010
722
19579973
795
19588677
877
9001729
1266
15196980
1349
16347747
1522
18295122
1783
15197186
1819
19309303
2531
7478255
4273
NEW
21057029
43
15197179
2
21057015
19
12998942
100
19514897
102
21056991
115
19514888
138
14579493
213
14579494
230
13303993
248
41522043
307
17791429
310
19227136
323
7461171
326
19214639
335
21057006
361
6902930
363
6677293
364
7751408
374
15197181
382
16250137
384
17915296
386
1940049
408
6902933
458
14579476
538
7365144
543
13227225
543
14607762
558
7816860
587
30241004
932
18129771
962
33070192
1000
35497190
1052
16347747
1087
14579063
1089
15357084
1163
18129756
1173
18678271
1356
15196980
1473
17950573
1499
13499757
1565
18282308
1893
19309303
2096
18129738
2226
NEW
21057015
30
15197179
17
21057029
19
12998942
81
19514897
83
19514888
119
21056991
134
13303993
229
14579493
232
41522043
326
17791429
329
19227136
342
7461171
345
19214639
354
17915296
367
6902930
382
1940049
389
7751408
393
16250137
403
6902933
477
14579476
557
7365144
562
14607762
577
30241004
951
18129771
981
35497190
1071
16347747
1106
15357084
1182
18129756
1192
15196980
1492
19309303
2115
NEW
19514888
26
21057029
187
15197179
189
21057015
206
21056991
230
12998942
287
14579493
328
41522043
422
17791429
425
19227136
438
7461171
441
19214639
450
6902930
478
7751408
489
16250137
499
6902933
573
14579476
653
7365144
658
14607762
673
30241004
1047
18129771
1077
35497190
1167
16347747
1202
15357084
1278
18129756
1288
15196980
1588
19309303
2211
NEW
21056991
38
14579493
98
14579494
115
18752426
177
41522043
192
17791429
195
19227136
208
7461171
211
19214639
220
21057006
246
6902930
248
6677293
249
7751408
259
15197181
267
16250137
269
6902933
343
17915296
373
1940049
395
14579476
423
7365144
428
13227225
428
14607762
443
7816860
472
30241004
817
18129771
847
33070192
885
35497190
937
16347747
972
14579063
974
15357084
1048
18129756
1058
18678271
1241
15196980
1358
17950573
1384
13499757
1450
18282308
1778
13683935
1951
19309303
1981
18129738
2111
NEW
12998942
41
21057015
81
15197179
98
21057029
100
19514897
104
19514888
140
13303993
148
16272469
205
21056991
215
6677293
310
14579493
313
21057006
313
17915296
332
41522043
407
17791429
410
1940049
412
19227136
423
7461171
426
19214639
435
20805410
441
9001725
458
6902930
463
8472009
469
7751408
474
16250137
484
6902933
558
14579476
638
7365144
643
14607762
658
18295122
703
15197186
739
19524316
802
8515734
937
6834659
992
30241004
1032
18129771
1062
35497190
1152
16347747
1187
15357084
1263
18129756
1273
15196980
1573
19309303
2196
NEW
18130742
17
18021636
366
18021634
392
16210652
395
13227229
466
22337356
1056
15178444
1075
14723315
1332
33070192
1599
35450538
1671
7810038
1745
14581567
1876
2074496
2623
18678271
2706
15357081
3178
15357077
3203
7478255
4469
18022059
4573
NEW
13303993
23
12998942
148
21057015
229
15197179
246
21057029
248
19514897
252
1940049
264
17915296
286
19514888
288
20805410
293
9001725
310
8472009
321
21056991
363
6677293
458
21057006
461
18295122
555
19227136
571
19214639
583
15197186
591
6902930
611
19524316
654
6902933
706
14579476
786
6834659
844
NEW
15175195
15
19524316
157
9001729
162
9001727
243
9001725
310
19531582
313
16272469
333
15789905
341
18464147
348
12916234
361
19531567
446
19531571
462
18185281
483
19588677
584
8515734
600
6834659
655
NEW
18295122
27
15197186
88
7365144
325
19227136
483
19214639
495
6902930
523
14579493
601
6902933
618
41522043
631
17791429
634
21056991
643
7461171
650
7751408
698
14579476
698
16250137
708
14607762
718
16347747
869
18678374
1007
30241004
1092
9001725
1119
15196980
1255
15357084
1323
8472010
1801
13683935
1848
19309303
1878
8515734
2026
6834659
2081
7478255
4097
NEW
21057002
34
22337356
272
15178444
279
14723315
527
33070192
608
35450538
680
14579536
681
18678374
705
14579088
743
14579476
765
13227225
806
30241004
855
13227229
1016
14607762
1018
18021636
1024
18130742
1037
7816860
1047
18021634
1050
16210652
1053
15357084
1063
14581567
1256
7810038
1463
18678271
2086
2074496
2341
15357081
2558
15394142
2723
33070146
2727
33070460
2774
35495295
2829
7478255
3849
18022059
3953
7787802
4698
14018640
4759
24529322
5137
6590008
5330
NEW
18129756
0
NEW
18129738
6
35497190
173
14579476
1021
19227136
1070
19214639
1082
6902930
1110
6902933
1174
NEW
18129771
9
14579063
127
19227136
711
19214639
723
6902930
751
6902933
846
21056991
871
14579476
926
8515734
1566
6834659
1621
NEW
8472009
25
8472010
100
13683935
290
13303993
321
9001725
345
1940049
429
17915296
451
20805410
458
8515734
468
12998942
469
19524316
523
6834659
523
6677293
574
21057006
577
15175195
588
15789905
663
12916234
683
9001729
718
18295122
720
15197186
756
9001727
799
9010922
825
19531582
869
9001819
971
19579973
1039
19588677
1121
NEW
15789905
3
20049317
28
8515734
992
6834659
1047
NEW
9010922
15
9001963
181
19579973
214
20049451
283
19588677
296
15789905
587
12916234
607
19524316
663
9001729
685
5983027
698
15175195
728
5907297
756
9001727
766
19531582
836
8515734
1405
6834659
1460
NEW
20049317
14
9010922
234
19579973
448
19588677
530
13683935
849
9001729
919
8515734
964
6834659
1019
8472010
1169
15196980
1796
16347747
1969
18295122
2230
15197186
2266
19309303
2978
7478255
4720
NEW
19309303
8
18129738
129
33070146
215
15394142
219
18129756
298
17950573
697
14581567
2706
7478255
2753
15178444
3106
NEW
15196980
9
13499757
92
8472009
347
18282308
420
1940049
776
17915296
798
9001729
1065
19588677
1306
8515734
1393
6834659
1448
NEW
9001963
16
20049451
313
19579973
419
9010922
443
8567404
466
19588677
556
13683935
1108
9001729
1128
8515734
1223
6834659
1278
8472010
1428
15196980
2055
16347747
2228
18295122
2489
15197186
2525
19309303
3237
7478255
4979
NEW
6834659
36
9010922
344
9001963
525
19579973
558
20049451
627
19588677
640
13683935
686
8515734
801
15789905
931
9001819
937
12916234
951
8472010
1006
19524316
1007
9001729
1029
5983027
1042
15175195
1072
5907297
1100
8472009
1106
9001727
1110
19531582
1180
1940049
1535
17915296
1557
15196980
1633
13499757
1725
16347747
1806
18282308
2053
18295122
2067
15197186
2103
7751409
2140
21049304
2188
17950573
2218
19309303
2815
18129738
2945
33070146
3031
15394142
3035
18129756
3114
7478255
4557
NEW
8515734
36
6834659
55
9010922
357
9001963
538
19579973
571
20049451
640
19588677
653
13683935
699
15789905
944
9001819
950
12916234
964
8472010
1019
19524316
1020
9001729
1042
5983027
1055
15175195
1085
5907297
1113
8472009
1119
9001727
1123
19531582
1193
1940049
1548
17915296
1570
15196980
1646
13499757
1738
16347747
1819
18282308
2066
18295122
2080
15197186
2116
7751409
2153
21049304
2201
17950573
2231
19309303
2828
18129738
2958
33070146
3044
15394142
3048
18129756
3127
7478255
4570
NEW
19579973
13
20049451
69
9001963
302
19588677
312
15789905
762
12916234
782
20049317
790
19524316
838
19524327
857
9001729
860
9001727
941
18754874
954
9001623
982
19531582
1011
NEW
20049451
0
NEW
20049341
10
22337104
17
19588677
459
19579973
482
8515734
1473
6834659
1528
6590008
2480
15178444
3022
13227229
3046
14581567
3314
7478255
5907
NEW
8472010
14
8472009
100
13683935
255
8515734
433
6834659
488
1940049
529
17915296
551
9010922
790
9001729
818
19579973
1004
19588677
1086
15196980
1297
16347747
1470
19309303
2479
7478255
4221
NEW
18282308
21
15196980
602
8472010
748
16347747
775
13683935
795
8515734
973
6834659
1028
18295122
1036
1940049
1051
15197186
1072
17915296
1073
20805410
1080
6677293
1196
21057006
1199
9010922
1330
19579973
1544
19227136
1574
19214639
1586
6902930
1614
19588677
1626
19309303
1784
7478255
3674
NEW
16347747
37
17950573
412
18129738
626
7365144
635
33070146
712
15394142
716
15196980
751
18129756
795
19227136
799
19214639
811
6902930
839
18295122
878
15197186
914
14579493
917
6902933
934
41522043
947
17791429
950
21056991
959
7461171
966
7751408
1014
14579476
1014
16250137
1024
14607762
1034
1940049
1040
20805410
1069
19309303
1112
9001725
1135
8472010
1297
18678374
1323
13683935
1344
8515734
1522
6834659
1577
9010922
1879
19579973
2093
19588677
2175
14581567
3203
7478255
3331
18022059
3723
NEW
22337356
24
14723315
440
15178444
692
33070192
707
13227229
922
18021636
930
18130742
943
16210652
959
14581567
984
7810038
1191
35450538
1319
18678271
1814
2074496
2069
15357081
2286
15394142
2451
33070146
2455
33070460
2502
35495295
2557
8567404
3400
7478255
3577
18022059
3681
7787802
4426
14018640
4487
24529322
4865
6590008
5058
NEW
8567404
16
9010922
318
19579973
532
19588677
614
13683935
808
8515734
923
6834659
978
9001729
1003
8472010
1128
15196980
1755
7787802
1830
16347747
1928
18295122
2189
15197186
2225
19309303
2937
7478255
4679
18022059
5071
NEW
9001819
15
19588677
202
9001963
354
19579973
387
15789905
645
12916234
665
9010922
716
19524316
721
9001729
743
5983027
756
15175195
786
5907297
814
9001727
824
19531582
894
8515734
904
6834659
959
NEW
18678374
21
30241004
150
15357084
358
14579476
383
6902933
536
33070192
540
6902930
559
19214639
587
7751408
593
19227136
599
14579536
605
14607762
636
14579493
765
41522043
795
17791429
798
7365144
807
21056991
807
7461171
814
14581567
865
16250137
872
13227225
874
13227229
1429
NEW
14581567
43
35450538
335
33070192
406
14723315
688
18678374
740
22337356
814
15178444
845
18678271
874
14579476
923
6902933
1076
6902930
1099
19214639
1127
7751408
1133
19227136
1139
14579536
1145
14607762
1176
15357084
1259
14579088
1309
15357081
1346
15357077
1371
13227225
1372
15394142
1511
33070146
1515
7810038
1535
35495295
1617
18129738
1635
13227229
1696
18021636
1704
18130742
1717
19309303
1730
18021634
1730
16210652
1733
35495294
1747
18129756
1804
17950573
2125
2074496
2455
7478255
2637
18022059
2741
33070460
2846
8567404
3744
7787802
4770
14018640
4831
24529322
5209
6590008
5402
NEW
7787802
35
20049451
1185
8567404
1334
33070460
1384
9001963
1426
19588677
1428
19579973
1459
9010922
1486
18752420
1533
9001819
1674
7459221
1937
19524316
1954
24529322
1961
13683935
1976
8515734
2091
6834659
2146
6590008
2154
7810038
2287
8472010
2296
18021636
2389
16210652
2418
14018640
2421
15196980
2923
16347747
3096
22337356
3129
14723315
3405
2074496
3469
15178444
3657
33070192
3672
13227229
3681
14581567
3949
19309303
4105
18678271
4779
15357081
5251
7478255
6542
18022059
6646
NEW
7810038
34
22337356
1941
14723315
2217
2074496
2390
33070460
2410
15178444
2469
33070192
2484
13227229
2493
18021636
2501
18130742
2514
16210652
2530
7459221
2670
18752420
2700
14581567
2761
9001819
2841
19588677
3024
20049451
3159
8567404
3308
9001963
3400
19579973
3433
18678271
3591
13683935
3950
15357081
4063
8515734
4065
6834659
4120
15394142
4228
33070146
4232
35495295
4334
7787802
4334
14018640
4395
24529322
4773
15196980
4897
6590008
4966
7478255
5354
18022059
5458
NEW
7478255
29
18022059
1334
15357081
2703
15357077
2728
15394142
2868
33070146
2872
35495295
2974
18129738
2992
35450538
3001
33070192
3072
19309303
3087
35495294
3104
18129756
3161
18678374
3275
14581567
3411
14579476
3458
17950573
3482
14723315
3654
15178444
3811
22337356
4160
7810038
4881
13227229
5042
18021636
5050
2074496
5050
18130742
5063
18021634
5076
16210652
5079
33070460
6192
7787802
8116
14018640
8177
NEW
18022059
21
7478255
2103
15357081
2379
15394142
2544
33070146
2548
35495295
2650
35450538
2677
18678374
2951
14581567
3087
14579476
3134
14723315
3330
15178444
3487
22337356
3836
7810038
4557
13227229
4718
18021636
4726
2074496
4726
18130742
4739
16210652
4755
33070460
5868
7787802
7792
14018640
7853
NEW
14018640
33
7787802
1668
24529322
2371
6590008
2564
20049451
2799
8567404
2948
33070460
2998
9001963
3040
19588677
3042
19579973
3073
9010922
3100
18752420
3147
9001819
3288
7459221
3551
19524316
3568
13683935
3590
8515734
3705
6834659
3760
7810038
3901
8472010
3910
18021636
4003
16210652
4032
15196980
4537
16347747
4710
22337356
4743
14723315
5019
2074496
5083
15178444
5271
33070192
5286
13227229
5295
14581567
5563
19309303
5719
18678271
6393
15357081
6865
NEW
24529322
33
6590008
227
7787802
2088
20049451
3219
8567404
3368
33070460
3418
9001963
3460
19588677
3462
19579973
3493
9010922
3520
18752420
3567
9001819
3708
7459221
3971
19524316
3988
13683935
4010
8515734
4125
6834659
4180
7810038
4321
8472010
4330
18021636
4423
16210652
4452
14018640
4455
15196980
4957
16347747
5130
22337356
5163
14723315
5439
2074496
5503
15178444
5691
33070192
5706
13227229
5715
14581567
5983
19309303
6139
18678271
6813
15357081
7285
NEW
6590008
48
24529322
290
7787802
2344
20049451
3475
20049341
3502
8567404
3624
33070460
3674
9001963
3716
19588677
3718
19579973
3749
9010922
3776
18752420
3823
13710445
3862
9001819
3964
7459221
4227
19524316
4244
19524327
4263
13683935
4266
16253108
4310
18754874
4360
8515734
4381
6834659
4436
7810038
4577
8472010
4586
18021636
4679
8472009
4686
16210652
4708
14018640
4711
15196980
5213
13499757
5305
16347747
5386
22337356
5419
18282308
5633
14723315
5695
2074496
5759
17950573
5798
15178444
5947
33070192
5962
13227229
5971
35450538
6034
14581567
6239
19309303
6395
18129738
6525
33070146
6611
15394142
6615
18129756
6694
18678271
7069
15357081
7541
15357077
7566
NEW
2074496
31
7810038
1204
22337356
1989
14581567
2161
14723315
2389
35450538
2496
33070460
2515
15178444
2546
13227229
2638
18021636
2646
18130742
2659
16210652
2675
7459221
2775
18752420
2805
9001819
2946
18678271
2991
19588677
3129
20049451
3264
8567404
3413
15357081
3463
15394142
3628
33070146
3632
35495295
3734
13683935
4055
8515734
4170
6834659
4225
7787802
4439
14018640
4500
7478255
4754
18022059
4858
24529322
4878
6590008
5071
NEW
8442511
35
22337356
2413
7810038
2426
14581567
2585
14723315
2813
35450538
2920
15178444
2970
33070192
2991
13227229
3295
18021636
3303
18130742
3316
18678374
3325
18021634
3329
16210652
3332
18678271
3415
14579476
3508
33070460
3737
15357084
3800
15357081
3887
15357077
3912
18752420
4027
15394142
4052
33070146
4056
35495295
4158
18129738
4176
19309303
4271
35495294
4288
18129756
4345
8567404
4635
17950573
4666
7478255
5178
18022059
5282
7787802
5661
14018640
5722
24529322
6100
6590008
6293
