NEW
19514897
0
NEW
16250137
8
21056991
88
14579493
144
18752426
265
21057006
292
14579476
469
21057029
696
15197179
698
18678374
778
NEW
18130267
-1
NEW
18752428
0
NEW
18752426
15
16253106
57
18021634
158
16272469
352
13955186
422
21057029
432
15197179
434
21057015
451
21056991
475
14579493
573
21057006
721
16250137
744
9001819
892
14579476
898
18678374
1207
14581567
1933
NEW
15197179
11
21057029
2
21057015
17
12998942
98
19514897
100
21056991
117
19514888
136
14579493
215
21057006
363
16250137
386
14579476
540
18678374
849
NEW
16272469
12
19514888
77
16253106
104
18021634
205
12998942
205
13955186
294
21056991
294
14579493
392
16250137
563
14579476
717
9001819
764
18678374
1026
14581567
1980
NEW
16211076
-1
NEW
16253106
13
16211076
127
21057029
275
15197179
277
21057015
294
21056991
318
12998942
375
14579493
416
16210652
523
21057006
564
16250137
587
14579476
741
18678374
1050
14581567
1876
NEW
14579493
16
14579476
367
18678374
676
21057006
800
18021634
811
16210652
814
16250137
823
16253106
938
16272469
1005
13955186
1075
21057029
1085
15197179
1087
21057015
1104
21056991
1128
14581567
1227
9001819
1545
7787802
3562
NEW
21057006
11
16250137
151
14579493
204
21056991
246
12998942
431
14579476
465
21057015
512
15197179
529
21057029
531
19514897
535
19514888
571
18678374
774
NEW
18021634
10
13955186
750
21057029
760
15197179
762
21056991
803
16210652
843
9001819
855
16250137
1072
14579476
1226
14581567
2298
7787802
3039
NEW
13955186
14
16253106
197
16272469
264
18021634
298
21057029
344
15197179
346
21057015
363
21056991
387
14579493
485
21057006
633
16250137
656
9001819
804
14579476
810
18678374
1119
14581567
2073
NEW
16210652
9
13955186
665
21057029
675
15197179
677
21056991
718
9001819
770
16250137
987
14579476
1141
14581567
2213
7787802
2954
NEW
14579476
9
18678374
308
14579493
381
21056991
423
21057006
465
16250137
488
18752426
600
16210652
974
21057029
1031
15197179
1033
NEW
21057029
11
15197179
2
21057015
19
12998942
100
19514897
102
21056991
115
19514888
138
14579493
213
21057006
361
16250137
384
14579476
538
18678374
847
NEW
21057015
11
15197179
17
21057029
19
12998942
81
19514897
83
19514888
119
21056991
134
14579493
232
21057006
380
16250137
403
14579476
557
18678374
866
NEW
19514888
10
21057029
187
15197179
189
21057015
206
21056991
230
12998942
287
14579493
328
21057006
476
16250137
499
14579476
653
18678374
962
NEW
21056991
7
14579493
98
18752426
177
21057006
246
16250137
269
14579476
423
21057029
608
15197179
610
NEW
12998942
11
21057015
81
15197179
98
21057029
100
19514897
104
19514888
140
16272469
205
21056991
215
21057006
313
14579493
313
16250137
484
14579476
638
NEW
9001819
7
13955186
975
16272469
1061
16253106
1165
18021634
1266
16210652
1500
7787802
2017
14581567
3798
NEW
18678374
8
14579476
383
14579493
765
21056991
807
21057006
849
14581567
865
16250137
872
16210652
1358
7787802
4496
NEW
14581567
20
18678374
740
14579476
923
18021634
1730
16210652
1733
16253106
1857
16272469
1924
16211076
1984
19514888
1985
13955186
1994
21057029
2004
15197179
2006
21057015
2023
21056991
2047
12998942
2113
9001819
2464
14579493
2702
21057006
2786
16250137
2809
18752426
2921
7787802
4770
NEW
7787802
8
9001819
1674
13955186
1859
16272469
1945
21056991
2350
16210652
2418
16250137
2619
14579476
2773
14581567
3949
NEW
7810038
16
18021634
2527
16210652
2530
16253106
2654
16272469
2721
14581567
2761
13955186
2791
21057029
2801
15197179
2803
21057015
2820
9001819
2841
21056991
2844
18678374
2853
14579493
2942
21057006
3090
16250137
3113
14579476
3267
