0	1
0	2
0	469
1	0
1	6
1	385
2	0
2	3
469	0
469	380
6	1
6	5
385	1
385	384
385	386
3	2
3	4
3	419
3	422
4	3
4	5
4	98
4	420
419	3
419	420
422	3
422	183
422	423
5	4
5	6
5	98
98	4
98	5
98	470
420	4
420	419
7	8
7	9
7	79
8	7
8	33
9	7
9	10
9	84
79	7
79	78
79	119
33	8
33	32
33	34
10	9
10	11
10	84
10	110
84	9
84	10
84	83
84	85
11	10
11	12
11	110
110	10
110	11
110	111
110	112
12	11
12	13
12	95
12	108
13	12
13	14
13	94
13	95
108	12
108	109
108	113
108	123
95	12
95	13
95	96
14	13
14	15
14	16
14	77
94	13
94	77
94	93
15	14
16	14
16	17
77	14
77	17
77	94
17	16
17	18
17	77
18	17
18	19
19	18
19	20
19	23
20	19
20	21
20	22
23	19
23	24
23	25
21	20
22	20
24	23
25	23
25	26
25	27
26	25
27	25
27	28
27	29
28	27
29	27
29	30
30	29
30	31
31	30
31	32
32	31
32	33
34	33
35	36
35	50
35	1199
36	35
36	37
50	35
50	49
50	185
1199	35
1199	1198
1199	1205
37	36
37	38
38	37
38	39
39	38
39	40
40	39
40	41
41	40
41	42
42	41
42	43
43	42
43	44
44	43
44	45
45	44
45	46
45	1154
46	45
46	47
1154	45
1154	1153
1154	1155
47	46
47	48
48	47
48	49
49	48
49	50
49	184
184	49
184	185
185	50
185	184
185	1198
52	53
52	54
53	52
53	54
53	223
53	225
54	52
54	53
223	53
223	224
225	53
225	224
55	56
55	57
55	1068
55	1099
56	55
56	76
56	1069
57	55
57	58
57	1071
57	1072
1068	55
1068	1069
1068	1096
1068	1116
1099	55
76	56
76	74
76	1075
1069	56
1069	1068
1069	1116
58	57
58	59
58	1089
1072	57
1072	1070
1071	57
1071	1070
1071	1098
1071	1110
59	58
59	60
59	61
59	62
1089	58
1089	62
1089	171
1089	172
60	59
61	59
62	59
62	63
62	1089
63	62
63	64
63	339
64	63
64	65
339	63
339	338
339	341
65	64
65	66
66	65
66	67
66	68
67	66
68	66
68	69
68	70
69	68
70	68
70	71
70	1052
71	70
71	72
71	1049
1052	70
1052	1050
72	71
72	73
72	74
1049	71
1049	1048
1049	1050
73	72
74	72
74	75
74	76
75	74
1075	76
1075	1073
1075	1076
78	79
78	80
78	455
80	78
80	81
455	78
455	105
455	454
119	79
119	116
119	118
119	342
81	80
81	82
81	104
82	81
82	83
82	113
104	81
104	105
104	107
104	124
83	82
83	84
83	112
113	82
113	108
113	109
112	83
112	110
112	111
112	114
85	84
86	87
86	88
86	128
86	315
87	86
87	97
87	134
88	86
88	89
88	128
315	86
315	146
128	86
128	88
128	129
128	452
97	87
97	96
97	123
97	134
134	87
134	97
134	135
134	316
89	88
89	90
89	91
90	89
91	89
91	92
92	91
92	93
93	92
93	94
93	133
133	93
133	132
133	139
96	95
96	97
123	97
123	108
123	124
470	98
470	410
470	471
99	100
99	101
99	136
100	99
100	103
100	137
101	99
101	102
136	99
136	137
136	421
103	100
103	102
137	100
137	136
137	421
102	101
102	103
105	104
105	106
105	455
107	104
107	106
107	124
107	135
124	104
124	107
124	123
106	105
106	107
106	135
106	151
135	106
135	107
135	134
135	316
151	106
151	150
151	152
151	454
109	108
109	111
109	113
111	109
111	110
111	112
114	112
115	116
115	117
115	120
115	169
116	115
116	119
116	122
117	115
117	118
117	169
117	454
120	115
120	121
120	170
120	171
169	115
169	117
169	152
122	116
122	121
118	117
118	119
118	453
454	117
454	151
454	453
454	455
453	118
453	454
342	119
342	338
342	340
121	120
121	122
121	171
170	120
171	120
171	121
171	172
171	1089
125	126
125	127
125	176
125	355
125	383
126	125
126	127
126	176
126	354
127	125
127	126
127	353
127	443
355	125
355	381
176	125
176	126
176	153
176	155
383	125
383	381
383	384
354	126
354	153
354	353
353	127
353	354
353	356
353	358
443	127
443	442
129	128
129	130
129	154
129	444
452	128
452	145
130	129
130	131
130	132
130	154
154	129
154	130
154	153
154	356
444	129
444	359
131	130
132	130
132	133
132	138
138	132
138	139
138	155
139	133
139	138
139	387
316	134
316	135
316	150
421	136
421	137
155	138
155	153
155	176
387	139
387	386
387	388
140	141
140	142
140	391
141	140
141	142
141	388
142	140
142	141
142	389
391	140
391	389
388	141
388	387
388	392
389	142
389	390
389	391
143	144
143	146
143	177
144	143
144	145
144	178
144	186
146	143
146	145
146	315
177	143
177	178
177	187
145	144
145	146
145	452
178	144
178	177
178	186
186	144
186	178
186	187
147	148
147	149
147	166
147	167
148	147
148	152
148	168
149	147
149	150
149	317
166	147
166	162
167	147
152	148
152	151
152	169
168	148
150	149
150	151
150	316
317	149
317	303
317	318
153	154
153	155
153	176
153	354
356	154
356	353
356	357
356	359
156	157
156	158
156	1057
157	156
157	175
157	1093
158	156
158	159
158	1057
1057	156
1057	158
1057	1058
175	157
175	173
175	1093
1093	157
1093	175
1093	1070
159	158
159	160
159	1056
160	159
160	161
1056	159
1056	303
1056	1055
161	160
161	162
162	161
162	163
162	166
163	162
163	164
163	165
164	163
165	163
172	171
172	173
172	1089
173	172
173	174
173	175
174	173
187	177
187	186
187	314
179	180
179	181
179	425
180	179
180	183
180	379
180	434
181	179
181	182
181	426
425	179
425	424
425	426
183	180
183	182
183	380
183	422
379	180
379	380
379	435
434	180
434	435
434	460
182	181
182	183
182	423
426	181
426	424
426	425
423	182
423	422
380	183
380	379
380	469
1198	185
1198	1199
1198	1205
314	187
314	312
188	189
188	190
188	369
189	188
189	191
189	357
189	358
190	188
190	191
190	193
190	351
369	188
369	367
369	368
191	189
191	190
191	441
357	189
357	356
357	360
358	189
358	353
358	440
193	190
193	192
193	195
193	461
351	190
351	350
351	371
441	191
441	440
441	442
192	193
192	194
192	201
194	192
194	195
194	203
194	375
201	192
201	202
201	352
195	193
195	194
195	462
461	193
461	435
461	462
203	194
203	202
203	373
375	194
375	374
375	460
462	195
462	461
196	197
196	198
197	196
197	200
198	196
198	199
200	197
200	199
199	198
199	200
202	201
202	203
352	201
352	350
352	373
373	203
373	205
373	352
373	372
204	205
204	206
204	213
204	372
205	204
205	209
205	373
205	374
206	204
206	207
206	433
372	204
372	213
372	373
213	204
213	211
213	212
213	372
209	205
209	208
209	344
209	374
374	205
374	209
374	375
207	206
207	208
207	432
433	206
208	207
208	209
208	344
208	432
432	207
432	208
432	260
432	343
344	208
344	209
344	343
210	211
210	212
210	235
211	210
211	213
211	350
211	371
212	210
212	213
212	227
212	230
235	210
235	236
371	211
371	351
371	370
350	211
350	351
350	352
230	212
230	229
230	260
230	261
227	212
227	226
227	234
214	215
214	216
214	309
215	214
215	216
215	312
216	214
216	215
216	308
309	214
309	310
309	311
312	215
312	313
312	314
308	216
308	307
217	218
217	222
218	217
218	219
222	217
222	221
219	218
219	220
220	219
220	221
221	220
221	222
224	223
224	225
226	227
226	228
226	251
228	226
228	229
228	255
251	226
251	234
251	273
234	227
234	233
234	251
229	228
229	230
229	255
255	228
255	229
255	254
260	230
260	259
260	432
261	230
231	232
231	233
231	289
232	231
232	236
232	245
233	231
233	234
233	273
233	276
289	231
289	276
289	288
236	232
236	235
236	250
245	232
245	244
245	246
245	247
273	233
273	251
273	274
273	275
276	233
276	277
276	278
276	289
250	236
250	243
250	247
250	248
237	238
237	239
238	237
238	239
238	241
239	237
239	238
239	240
241	238
241	240
240	239
240	241
242	243
242	244
243	242
243	248
243	250
244	242
244	245
248	243
248	247
248	249
248	250
246	245
247	245
247	248
247	250
249	248
252	253
252	1159
253	252
1159	252
1159	307
1159	1158
254	255
254	256
256	254
256	257
257	256
257	258
257	272
258	257
258	259
272	257
272	271
259	258
259	260
262	263
262	264
262	549
263	262
263	278
263	288
263	550
264	262
264	265
264	267
549	262
549	548
278	263
278	276
278	279
288	263
288	289
550	263
550	525
265	264
265	266
267	264
267	268
267	1918
266	265
268	267
268	269
268	290
268	297
1918	267
1918	1919
269	268
269	270
290	268
290	291
290	327
290	1920
297	268
297	296
270	269
270	271
270	301
271	270
271	272
271	301
301	270
301	271
274	273
275	273
277	276
279	278
280	281
280	282
281	280
281	285
282	280
282	283
282	286
285	281
285	284
283	282
283	284
283	286
286	282
286	283
286	287
284	283
284	285
284	287
287	284
287	286
291	290
291	292
291	327
327	290
327	291
327	1919
1920	290
292	291
292	293
292	480
293	292
293	294
293	480
480	292
480	293
480	479
294	293
294	295
295	294
295	296
296	295
296	297
298	299
298	300
299	298
299	300
300	298
300	299
302	303
302	304
302	305
303	302
303	317
303	1056
303	1092
304	302
305	302
305	306
305	1103
305	1156
1092	303
1092	1090
1092	1100
1092	1143
306	305
306	307
306	1158
1103	305
1103	1101
1103	1124
1156	305
1156	1157
1156	1165
307	306
307	308
307	1159
1158	306
1158	1157
1158	1159
310	309
311	309
313	312
318	317
319	320
320	319
321	322
321	323
321	326
322	321
322	324
322	325
323	321
323	324
326	321
326	325
324	322
324	323
325	322
325	326
1919	327
1919	1918
328	329
328	330
329	328
329	330
330	328
330	329
331	332
331	333
331	386
332	331
332	333
333	331
333	332
333	404
386	331
386	385
386	387
404	333
404	405
334	335
334	337
335	334
335	336
337	334
337	336
336	335
336	337
338	339
338	340
338	342
340	338
340	341
340	342
341	339
341	340
343	344
343	432
345	346
345	347
346	345
346	349
347	345
347	348
349	346
349	348
348	347
348	349
381	355
381	382
381	383
359	356
359	360
359	361
359	444
360	357
360	359
360	362
440	358
440	441
361	359
361	362
362	360
362	361
362	363
363	362
363	364
363	370
364	363
364	365
364	366
370	363
370	366
370	371
365	364
366	364
366	367
366	370
367	366
367	368
367	369
368	367
368	369
460	375
460	434
376	377
376	378
377	376
377	378
378	376
378	377
435	379
435	434
435	461
382	381
382	392
382	393
392	382
392	388
392	393
393	382
393	392
384	383
384	385
384	468
468	384
468	442
390	389
394	395
394	396
395	394
395	399
396	394
396	397
399	395
399	398
399	457
397	396
397	398
398	397
398	399
457	399
457	456
457	459
400	401
400	403
400	592
401	400
401	402
403	400
403	402
403	450
592	400
592	591
402	401
402	403
402	445
445	402
445	446
450	403
450	449
450	451
405	404
405	410
405	411
410	405
410	411
410	470
410	472
411	405
411	410
406	407
406	408
407	406
407	409
408	406
408	409
409	407
409	408
472	410
472	471
472	473
412	413
412	414
412	683
413	412
413	418
413	755
414	412
414	415
414	682
683	412
683	677
683	699
418	413
418	417
755	413
755	756
755	758
415	414
415	416
415	682
682	414
682	415
682	681
416	415
416	417
416	1025
417	416
417	418
417	1024
1025	416
1024	417
1024	1023
424	425
424	426
424	427
427	424
428	429
428	430
429	428
429	431
430	428
430	431
431	429
431	430
436	437
436	439
437	436
437	438
439	436
439	438
438	437
438	439
442	441
442	443
442	468
446	445
446	447
447	446
447	448
448	447
448	449
449	448
449	450
449	591
591	449
591	592
451	450
456	457
456	458
458	456
458	459
459	457
459	458
463	464
463	467
464	463
464	465
467	463
467	466
465	464
465	466
466	465
466	467
471	470
471	472
473	472
474	475
474	479
475	474
475	476
479	474
479	478
479	480
476	475
476	477
477	476
477	478
478	477
478	479
481	482
481	507
482	481
482	483
507	481
507	506
483	482
483	484
484	483
484	485
485	484
485	486
486	485
486	487
487	486
487	488
487	489
488	487
489	487
489	490
490	489
490	491
491	490
491	492
492	491
492	493
493	492
493	494
494	493
494	495
495	494
495	496
496	495
496	497
497	496
497	498
498	497
498	499
499	498
499	500
500	499
500	501
501	500
501	502
502	501
502	503
503	502
503	504
504	503
504	505
505	504
505	506
506	505
506	507
509	510
509	511
510	509
510	513
511	509
511	512
513	510
513	512
512	511
512	513
514	515
514	516
514	1119
515	514
515	516
515	1120
516	514
516	515
1119	514
1119	1118
1120	515
1120	1118
517	518
517	519
518	517
518	520
519	517
519	520
520	518
520	519
521	522
522	521
522	523
522	548
523	522
523	524
523	525
548	522
548	549
524	523
524	526
525	523
525	526
525	550
526	524
526	525
526	1166
1166	526
1166	1165
1166	1167
527	528
527	529
527	532
528	527
528	531
528	534
529	527
529	530
532	527
532	533
531	528
531	530
534	528
534	535
530	529
530	531
533	532
533	535
535	533
535	534
536	537
536	541
536	542
537	536
537	538
541	536
541	540
542	536
542	543
538	537
538	539
539	538
539	540
540	539
540	541
543	542
544	545
544	546
545	544
545	547
546	544
546	547
547	545
547	546
551	552
551	553
551	559
552	551
552	555
552	556
553	551
553	554
559	551
559	558
559	560
555	552
555	554
555	556
556	552
556	555
556	557
554	553
554	555
554	557
554	1189
557	554
557	556
557	561
1189	554
1189	1187
1189	1190
561	557
561	568
558	559
558	560
560	558
560	559
568	561
568	573
562	563
562	566
562	567
563	562
563	564
566	562
566	565
566	567
566	569
567	562
567	566
564	563
564	565
565	564
565	566
565	569
569	565
569	566
569	579
573	568
573	577
579	569
579	578
570	571
570	572
571	570
571	589
572	570
572	574
589	571
589	578
574	572
574	580
577	573
577	575
580	574
580	587
575	576
575	577
576	575
576	588
588	576
588	590
578	579
578	589
587	580
587	590
581	582
581	583
582	581
582	586
583	581
583	584
586	582
586	585
586	944
584	583
584	585
585	584
585	586
585	944
944	585
944	586
590	587
590	588
593	596
596	593
596	594
596	595
594	595
594	596
595	594
595	596
597	598
597	599
598	597
598	599
599	597
599	598
600	601
600	603
600	663
601	600
601	602
603	600
603	602
603	664
663	600
663	665
602	601
602	603
664	603
664	665
604	605
604	606
604	676
605	604
605	608
606	604
606	607
676	604
676	675
676	695
608	605
608	607
608	675
607	606
607	608
607	673
673	607
673	672
673	674
675	608
675	672
675	676
675	692
609	610
609	614
610	609
610	611
614	609
614	613
611	610
611	612
612	611
612	613
613	612
613	614
615	616
615	617
616	615
616	624
616	661
617	615
617	618
624	616
624	623
624	662
661	616
661	662
618	617
618	619
619	618
619	620
620	619
620	621
620	836
621	620
621	622
836	620
836	768
836	834
622	621
622	623
623	622
623	624
662	624
662	661
625	626
625	648
626	625
626	627
648	625
648	639
627	626
627	628
628	627
628	629
629	628
629	630
630	629
630	631
631	630
631	632
631	1094
632	631
632	633
1094	631
1094	633
1094	1095
633	632
633	634
633	1094
634	633
634	635
635	634
635	636
636	635
636	637
637	636
637	638
638	637
638	639
639	638
639	640
639	648
640	639
640	641
640	647
641	640
641	642
641	644
641	646
647	640
647	646
642	641
642	643
642	644
644	641
644	642
644	645
646	641
646	645
646	647
643	642
645	644
645	646
649	650
649	651
649	654
650	649
650	651
651	649
651	650
654	649
654	652
654	653
652	653
652	654
653	652
653	654
655	656
655	657
656	655
656	660
657	655
657	658
660	656
660	659
658	657
658	659
659	658
659	660
665	663
665	664
666	667
666	668
666	800
666	853
667	666
667	669
667	828
667	829
668	666
668	669
668	743
668	744
800	666
800	744
800	745
800	798
853	666
853	852
853	860
669	667
669	668
669	742
669	763
828	667
828	826
828	838
828	842
829	667
829	763
829	830
743	668
743	742
743	744
744	668
744	743
744	745
744	800
763	669
763	713
763	829
763	847
742	669
742	713
742	743
670	671
670	674
671	670
671	672
671	690
674	670
674	673
672	671
672	673
672	675
672	692
690	671
690	691
692	672
692	675
692	691
692	694
695	676
695	693
695	738
677	678
677	683
678	677
678	679
678	701
679	678
679	680
701	678
701	700
701	752
680	679
680	681
681	680
681	682
681	1015
1015	681
1015	1016
699	683
699	700
699	748
684	685
684	686
685	684
685	689
686	684
686	687
689	685
689	688
687	686
687	688
688	687
688	689
691	690
691	692
694	692
694	693
693	694
693	695
693	739
739	693
739	720
739	738
739	740
738	695
738	737
738	739
696	697
696	698
696	712
697	696
697	698
697	711
698	696
698	697
712	696
712	707
712	708
711	697
711	706
700	699
700	701
700	753
748	699
748	747
748	754
753	700
752	701
752	751
702	703
702	704
702	705
703	702
703	709
703	715
704	702
705	702
705	706
705	713
705	741
709	703
709	708
709	710
715	703
715	716
706	705
706	707
706	711
713	705
713	714
713	742
713	763
741	705
741	740
707	706
707	708
707	712
708	707
708	709
708	712
710	709
714	713
714	717
714	844
717	714
717	716
717	843
844	714
844	843
844	870
716	715
716	717
843	717
843	844
718	719
718	721
719	718
719	720
719	740
721	718
721	720
720	719
720	721
720	739
740	719
740	739
740	741
722	723
722	724
723	722
723	726
724	722
724	725
726	723
726	725
725	724
725	726
727	728
727	729
727	793
727	794
727	795
728	727
728	746
728	795
729	727
729	730
729	731
729	929
794	727
794	792
794	929
794	954
793	727
793	792
793	795
793	797
795	727
795	728
795	793
795	796
746	728
746	745
746	796
746	801
730	729
731	729
731	732
731	953
929	729
929	732
929	794
929	954
732	731
732	733
732	734
732	929
953	731
733	732
734	732
734	735
734	963
735	734
735	736
735	737
963	734
963	897
963	964
736	735
737	735
737	738
737	904
737	909
904	737
904	901
904	906
904	908
909	737
909	892
909	908
909	956
745	744
745	746
745	765
745	766
745	800
765	745
765	764
765	766
765	799
766	745
766	764
766	765
766	802
796	746
796	764
796	795
801	746
801	802
747	748
747	749
749	747
749	750
754	748
754	761
750	749
750	751
751	750
751	752
761	754
761	760
756	755
756	757
758	755
758	759
757	756
759	758
759	760
760	759
760	761
847	763
847	846
847	848
764	765
764	766
764	796
799	765
802	766
802	801
767	768
767	769
767	833
768	767
768	771
768	784
768	836
769	767
769	770
769	782
833	767
833	834
833	835
771	768
771	770
771	772
771	784
784	768
784	770
784	771
784	791
770	769
770	771
770	781
770	784
782	769
782	783
781	770
781	779
781	785
781	826
772	771
773	774
773	775
773	876
774	773
774	783
775	773
775	776
775	837
876	773
876	874
876	875
783	774
783	782
776	775
776	777
776	839
837	775
837	838
837	872
837	875
777	776
777	778
777	779
839	776
778	777
779	777
779	780
779	781
780	779
785	781
785	786
785	832
826	781
826	827
826	828
791	784
791	790
791	819
786	785
786	787
786	871
832	785
832	831
832	871
787	786
787	788
787	789
871	786
871	832
871	845
788	787
789	787
789	790
789	849
790	789
790	791
790	820
849	789
849	845
849	848
820	790
820	821
820	848
819	791
819	825
792	793
792	794
792	862
792	955
862	792
862	797
862	861
862	960
955	792
955	954
955	960
955	965
797	793
797	798
797	857
797	862
954	794
954	929
954	955
954	962
798	797
798	800
798	859
857	797
857	858
857	859
859	798
859	857
803	804
803	805
804	803
804	818
804	900
804	903
805	803
805	806
805	913
805	985
818	804
818	817
818	899
818	901
900	804
900	901
900	902
903	804
903	902
903	987
903	1005
806	805
806	807
806	810
913	805
913	810
913	912
913	914
985	805
985	986
985	987
807	806
807	808
810	806
810	811
810	913
808	807
808	809
809	808
811	810
811	812
811	912
812	811
812	813
912	811
912	913
912	917
912	918
813	812
813	814
814	813
814	815
815	814
815	816
816	815
816	817
816	890
817	816
817	818
817	889
890	816
890	889
890	891
889	817
889	890
889	891
899	818
899	898
901	818
901	900
901	904
901	905
825	819
825	824
821	820
821	822
821	869
848	820
848	847
848	849
848	869
822	821
822	823
822	868
869	821
869	848
869	868
823	822
823	824
823	868
868	822
868	823
868	869
824	823
824	825
824	867
867	824
867	870
827	826
838	828
838	837
838	841
842	828
842	840
842	854
830	829
830	831
830	846
831	830
831	832
831	845
846	830
846	847
845	831
845	849
845	871
834	833
834	836
835	833
872	837
872	841
872	873
875	837
875	876
841	838
841	840
841	861
841	872
840	841
840	842
840	850
850	840
850	851
850	858
861	841
861	858
861	862
861	877
854	842
854	855
854	856
870	844
870	867
851	850
851	852
858	850
858	857
858	860
858	861
852	851
852	853
860	853
860	858
855	854
856	854
877	861
877	873
960	862
960	955
960	971
863	864
863	866
864	863
864	865
866	863
866	865
865	864
865	866
873	872
873	874
873	877
874	873
874	876
879	880
879	882
880	879
880	881
882	879
882	881
881	880
881	882
883	884
883	885
884	883
884	888
885	883
885	886
888	884
888	887
886	885
886	887
887	886
887	888
891	889
891	890
891	898
898	891
898	899
892	893
892	894
892	909
892	998
893	892
893	897
893	961
893	998
894	892
894	895
998	892
998	893
998	997
998	1001
897	893
897	896
897	963
961	893
961	962
961	994
961	999
895	894
895	896
896	895
896	897
902	900
902	903
902	907
902	959
905	901
905	906
907	902
907	908
907	956
907	958
959	902
959	957
959	958
959	978
1005	903
1005	981
987	903
987	985
987	988
906	904
906	905
908	904
908	907
908	909
956	907
956	909
956	997
956	1008
958	907
958	957
958	959
958	1006
910	911
911	910
917	912
917	916
917	925
918	912
914	913
914	915
914	984
915	914
915	916
915	926
915	927
984	914
916	915
916	917
916	926
927	915
927	926
927	928
926	915
926	916
926	927
925	917
925	924
919	920
919	921
919	1036
919	1037
920	919
920	928
920	983
920	1036
921	919
921	922
921	1037
1037	919
1037	921
1037	977
1036	919
1036	920
1036	978
928	920
928	927
928	983
983	920
983	928
983	978
983	982
922	921
922	923
922	1002
923	922
923	924
923	1002
1002	922
1002	923
924	923
924	925
930	931
930	932
930	934
931	930
931	933
931	1026
932	930
932	933
932	940
934	930
934	935
934	1014
933	931
933	932
933	1027
1026	931
1026	945
1026	1027
940	932
940	939
1027	933
1027	1026
1027	1043
935	934
935	936
935	1014
1014	934
1014	935
1014	1038
936	935
936	937
936	949
936	1039
937	936
937	938
937	950
949	936
949	950
949	1039
949	1086
1039	936
1039	949
1039	1038
938	937
938	939
950	937
950	949
939	938
939	940
941	942
941	943
942	941
942	943
943	941
943	942
945	946
945	947
945	1026
946	945
946	948
946	1040
947	945
947	948
948	946
948	947
1040	946
1040	1041
1086	949
1086	1074
1086	1088
951	952
952	951
962	954
962	961
962	967
965	955
965	966
965	970
965	1013
997	956
997	998
997	1001
1008	956
1008	1009
957	958
957	959
957	979
979	957
979	975
979	1011
1006	958
1006	1007
1006	1011
1006	1012
978	959
978	977
978	983
978	1036
971	960
971	969
994	961
994	967
994	996
999	961
999	996
999	1000
967	962
967	966
967	994
964	963
966	965
966	967
966	995
970	965
970	968
1013	965
1013	995
995	966
995	996
995	1013
995	1034
968	969
968	970
968	973
969	968
969	971
969	972
973	968
973	972
972	969
972	973
974	975
974	976
975	974
975	979
975	1012
976	974
976	977
1012	975
1012	1006
977	976
977	978
977	1037
1011	979
1011	1006
980	981
980	982
980	1004
981	980
981	988
981	1005
982	980
982	983
982	1003
1004	980
988	981
988	987
988	989
988	990
988	993
1003	982
986	985
989	988
990	988
990	991
990	992
993	988
991	990
992	990
996	994
996	995
996	999
996	1035
1034	995
1034	1035
1035	996
1035	1034
1001	997
1001	998
1001	1000
1000	999
1000	1001
1007	1006
1007	1010
1010	1007
1010	1009
1009	1008
1009	1010
1038	1014
1038	1039
1038	1131
1016	1015
1016	1017
1016	1018
1016	1085
1017	1016
1018	1016
1018	1019
1018	1084
1085	1016
1085	1079
1085	1084
1019	1018
1019	1020
1084	1018
1084	1083
1084	1085
1020	1019
1020	1021
1020	1022
1021	1020
1022	1020
1022	1023
1023	1022
1023	1024
1043	1027
1028	1029
1028	1030
1029	1028
1029	1031
1030	1028
1030	1031
1031	1029
1031	1030
1032	1033
1033	1032
1131	1038
1131	1127
1131	1130
1041	1040
1041	1042
1042	1041
1044	1045
1044	1046
1044	1047
1044	1051
1045	1044
1045	1046
1046	1044
1046	1045
1051	1044
1051	1050
1047	1044
1047	1048
1048	1047
1048	1049
1048	1077
1077	1048
1077	1078
1077	1087
1050	1049
1050	1051
1050	1052
1053	1054
1053	1055
1053	1107
1054	1053
1054	1059
1054	1122
1055	1053
1055	1056
1055	1091
1107	1053
1107	1105
1107	1152
1059	1054
1059	1058
1059	1122
1122	1054
1122	1059
1122	1121
1091	1055
1091	1090
1091	1106
1058	1057
1058	1059
1058	1123
1123	1058
1060	1061
1060	1062
1061	1060
1061	1067
1062	1060
1062	1063
1067	1061
1067	1066
1063	1062
1063	1064
1064	1063
1064	1065
1065	1064
1065	1066
1066	1065
1066	1067
1096	1068
1096	1097
1096	1109
1116	1068
1116	1069
1116	1117
1070	1071
1070	1072
1070	1093
1070	1121
1121	1070
1121	1122
1121	1151
1098	1071
1098	1097
1098	1110
1110	1071
1110	1098
1110	1108
1073	1074
1073	1075
1073	1117
1074	1073
1074	1078
1074	1086
1117	1073
1117	1116
1078	1074
1078	1077
1078	1087
1076	1075
1087	1077
1087	1078
1087	1088
1079	1080
1079	1085
1080	1079
1080	1081
1081	1080
1081	1082
1082	1081
1082	1083
1082	1132
1083	1082
1083	1084
1083	1137
1132	1082
1132	1133
1137	1083
1137	1136
1088	1086
1088	1087
1090	1091
1090	1092
1090	1104
1104	1090
1104	1105
1104	1143
1106	1091
1100	1092
1100	1101
1100	1124
1143	1092
1143	1104
1143	1162
1143	1173
1095	1094
1097	1096
1097	1098
1097	1111
1109	1096
1109	1108
1109	1125
1111	1097
1101	1100
1101	1102
1101	1103
1124	1100
1124	1103
1124	1165
1102	1101
1105	1104
1105	1107
1105	1163
1163	1105
1163	1152
1163	1164
1152	1107
1152	1150
1152	1163
1108	1109
1108	1110
1108	1125
1125	1108
1125	1109
1112	1113
1112	1115
1113	1112
1113	1114
1115	1112
1115	1114
1114	1113
1114	1115
1118	1119
1118	1120
1151	1121
1151	1150
1165	1124
1165	1156
1165	1166
1126	1127
1126	1128
1127	1126
1127	1131
1128	1126
1128	1129
1129	1128
1129	1130
1130	1129
1130	1131
1133	1132
1133	1134
1134	1133
1134	1135
1135	1134
1135	1136
1136	1135
1136	1137
1138	1139
1138	1140
1138	1147
1139	1138
1139	1142
1139	1145
1140	1138
1140	1141
1147	1138
1147	1145
1142	1139
1142	1141
1142	1146
1145	1139
1145	1144
1145	1147
1141	1140
1141	1142
1146	1142
1146	1144
1162	1143
1162	1160
1162	1172
1173	1143
1173	1172
1144	1145
1144	1146
1148	1149
1148	1179
1149	1148
1149	1178
1179	1148
1179	1180
1178	1149
1178	1177
1150	1151
1150	1152
1153	1154
1153	1155
1155	1153
1155	1154
1157	1156
1157	1158
1157	1167
1167	1157
1167	1166
1160	1161
1160	1162
1160	1175
1161	1160
1161	1164
1161	1174
1175	1160
1175	1174
1175	1194
1164	1161
1164	1163
1174	1161
1174	1175
1174	1193
1172	1162
1172	1173
1168	1169
1168	1170
1169	1168
1169	1171
1170	1168
1170	1171
1171	1169
1171	1170
1193	1174
1193	1194
1194	1175
1194	1193
1176	1177
1176	1184
1177	1176
1177	1178
1184	1176
1184	1183
1180	1179
1180	1181
1181	1180
1181	1182
1182	1181
1182	1183
1183	1182
1183	1184
1185	1186
1186	1185
1187	1188
1187	1189
1188	1187
1188	1192
1192	1188
1192	1191
1190	1189
1190	1191
1191	1190
1191	1192
1195	1196
1196	1195
1205	1198
1205	1199
1205	1223
1200	1201
1200	1222
1201	1200
1201	1219
1222	1200
1222	1219
1222	1221
1222	1223
1219	1201
1219	1218
1219	1220
1219	1222
1202	1203
1202	1204
1202	1223
1203	1202
1203	1204
1203	1224
1203	1225
1204	1202
1204	1203
1204	1216
1223	1202
1223	1205
1223	1222
1223	1296
1225	1203
1225	1216
1225	1224
1224	1203
1224	1225
1224	1295
1216	1204
1216	1217
1216	1225
1206	1207
1206	1210
1207	1206
1207	1208
1210	1206
1210	1209
1208	1207
1208	1209
1209	1208
1209	1210
1211	1212
1211	1215
1211	1274
1211	1275
1212	1211
1212	1213
1212	1266
1212	1268
1215	1211
1215	1214
1215	1275
1274	1211
1274	1273
1274	1275
1275	1211
1275	1215
1275	1274
1275	1340
1213	1212
1213	1214
1213	1266
1266	1212
1266	1213
1266	1267
1268	1212
1268	1267
1268	1273
1214	1213
1214	1215
1217	1216
1217	1218
1218	1217
1218	1219
1220	1219
1220	1221
1221	1220
1221	1222
1296	1223
1296	1297
1295	1224
1295	1294
1226	1227
1226	1230
1226	1339
1227	1226
1227	1228
1227	1357
1230	1226
1230	1229
1230	1273
1339	1226
1339	1343
1339	1362
1339	1363
1228	1227
1228	1229
1228	1357
1357	1227
1357	1228
1357	1358
1357	1370
1229	1228
1229	1230
1229	1317
1317	1229
1317	1318
1317	1344
1273	1230
1273	1268
1273	1274
1273	1300
1231	1232
1231	1233
1231	1237
1232	1231
1232	1233
1232	1236
1233	1231
1233	1232
1233	1486
1237	1231
1237	1235
1237	1446
1236	1232
1236	1234
1486	1233
1486	1446
1486	1447
1234	1235
1234	1236
1234	1352
1235	1234
1235	1237
1235	1426
1352	1234
1352	1252
1352	1351
1352	1353
1352	1465
1426	1235
1426	1424
1426	1425
1446	1237
1446	1447
1446	1486
1238	1239
1238	1240
1238	1414
1238	1419
1239	1238
1239	1240
1239	1421
1240	1238
1240	1239
1240	1414
1240	1415
1419	1238
1419	1420
1419	1488
1419	1685
1414	1238
1414	1240
1414	1417
1421	1239
1421	1422
1421	1487
1421	1488
1415	1240
1415	1404
1415	1416
1415	1422
1241	1242
1241	1243
1241	1316
1242	1241
1242	1243
1242	1358
1243	1241
1243	1242
1243	1276
1243	1372
1316	1241
1316	1315
1316	1334
1316	1336
1358	1242
1358	1344
1358	1357
1358	1359
1358	1370
1358	1372
1276	1243
1276	1277
1276	1371
1372	1243
1372	1358
1372	1368
1372	1374
1244	1245
1244	1246
1244	1427
1245	1244
1245	1261
1246	1244
1246	1247
1246	1251
1427	1244
1427	1428
1427	1451
1261	1245
1261	1260
1247	1246
1247	1248
1247	1249
1251	1246
1251	1249
1251	1252
1248	1247
1249	1247
1249	1250
1249	1251
1250	1249
1252	1251
1252	1253
1252	1352
1252	1428
1253	1252
1253	1254
1253	1351
1253	1396
1428	1252
1428	1427
1428	1452
1254	1253
1254	1255
1254	1354
1254	1396
1396	1253
1396	1254
1396	1351
1396	1354
1351	1253
1351	1352
1351	1354
1351	1396
1255	1254
1255	1256
1354	1254
1354	1348
1354	1351
1354	1396
1256	1255
1256	1257
1257	1256
1257	1258
1258	1257
1258	1259
1259	1258
1259	1260
1260	1259
1260	1261
1262	1263
1262	1264
1262	1750
1263	1262
1263	1265
1263	1799
1264	1262
1264	1265
1264	1751
1750	1262
1750	1751
1750	1798
1265	1263
1265	1264
1799	1263
1799	1787
1799	1798
1751	1264
1751	1750
1267	1266
1267	1268
1267	1299
1267	1300
1300	1267
1300	1273
1300	1299
1300	1301
1299	1267
1299	1269
1299	1300
1269	1270
1269	1272
1269	1299
1270	1269
1270	1271
1270	1298
1272	1269
1272	1271
1271	1270
1271	1272
1298	1270
1298	1297
1340	1275
1340	1341
1277	1276
1277	1278
1277	1389
1371	1276
1371	1373
1371	1384
1371	1390
1278	1277
1278	1279
1278	1812
1389	1277
1389	1388
1389	1812
1279	1278
1279	1280
1279	1820
1812	1278
1812	1389
1812	1820
1280	1279
1280	1281
1820	1279
1820	1388
1820	1812
1281	1280
1281	1282
1282	1281
1282	1283
1283	1282
1283	1284
1284	1283
1284	1285
1285	1284
1285	1286
1286	1285
1286	1287
1287	1286
1287	1288
1288	1287
1288	1289
1289	1288
1289	1290
1290	1289
1290	1291
1291	1290
1291	1292
1292	1291
1292	1293
1293	1292
1293	1294
1294	1293
1294	1295
1297	1296
1297	1298
1301	1300
1301	1302
1301	1321
1302	1301
1302	1303
1302	1304
1321	1301
1321	1304
1321	1320
1321	1334
1303	1302
1304	1302
1304	1305
1304	1321
1305	1304
1305	1306
1305	1307
1306	1305
1307	1305
1307	1308
1307	1335
1308	1307
1308	1309
1308	1333
1335	1307
1335	1333
1309	1308
1309	1310
1309	1338
1333	1308
1333	1334
1333	1335
1310	1309
1310	1311
1310	1337
1338	1309
1311	1310
1311	1312
1311	1355
1337	1310
1337	1315
1337	1334
1312	1311
1312	1313
1312	1314
1355	1311
1313	1312
1314	1312
1314	1315
1314	1356
1315	1314
1315	1316
1315	1337
1356	1314
1336	1316
1336	1320
1334	1316
1334	1321
1334	1333
1334	1337
1318	1317
1318	1319
1318	1344
1344	1317
1344	1318
1344	1358
1319	1318
1319	1320
1319	1360
1320	1319
1320	1321
1320	1336
1360	1319
1360	1359
1322	1323
1322	1324
1323	1322
1323	1331
1324	1322
1324	1325
1331	1323
1331	1330
1331	1332
1325	1324
1325	1326
1326	1325
1326	1327
1327	1326
1327	1328
1327	1329
1328	1327
1329	1327
1329	1330
1330	1329
1330	1331
1332	1331
1343	1339
1343	1342
1343	1361
1362	1339
1362	1361
1362	1369
1363	1339
1363	1349
1363	1368
1363	1369
1341	1340
1341	1342
1342	1341
1342	1343
1361	1343
1361	1350
1361	1362
1345	1346
1345	1348
1345	1353
1345	1497
1346	1345
1346	1347
1346	1349
1346	1393
1348	1345
1348	1347
1348	1354
1353	1345
1353	1352
1353	1467
1353	1497
1497	1345
1497	1353
1497	1393
1497	1474
1347	1346
1347	1348
1347	1350
1349	1346
1349	1350
1349	1363
1349	1364
1393	1346
1393	1364
1393	1385
1393	1497
1350	1347
1350	1349
1350	1361
1350	1369
1364	1349
1364	1365
1364	1393
1369	1350
1369	1362
1369	1363
1465	1352
1465	1464
1465	1466
1467	1353
1467	1466
1467	1500
1370	1357
1370	1358
1370	1368
1370	1374
1359	1358
1359	1360
1368	1363
1368	1367
1368	1370
1368	1372
1368	1374
1365	1364
1365	1366
1365	1391
1366	1365
1366	1367
1366	1391
1391	1365
1391	1366
1391	1367
1391	1392
1367	1366
1367	1368
1367	1373
1367	1391
1373	1367
1373	1371
1373	1392
1374	1368
1374	1370
1374	1372
1390	1371
1390	1382
1390	1383
1384	1371
1384	1383
1384	1385
1384	1394
1392	1373
1392	1391
1392	1395
1375	1376
1375	1377
1375	1776
1376	1375
1376	1377
1376	1777
1377	1375
1377	1376
1377	1869
1377	1883
1776	1375
1776	1775
1776	1880
1777	1376
1777	1778
1777	1830
1777	1831
1869	1377
1869	1868
1869	1872
1883	1377
1378	1379
1378	1380
1378	1381
1378	1386
1379	1378
1379	1385
1379	1473
1379	1589
1380	1378
1380	1381
1381	1378
1381	1380
1381	1382
1386	1378
1386	1387
1386	1589
1385	1379
1385	1384
1385	1393
1385	1474
1473	1379
1473	1471
1473	1474
1473	1590
1589	1379
1589	1386
1589	1588
1382	1381
1382	1383
1382	1390
1383	1382
1383	1384
1383	1390
1394	1384
1474	1385
1474	1473
1474	1475
1474	1497
1387	1386
1387	1388
1388	1387
1388	1389
1388	1820
1395	1392
1397	1398
1397	1403
1397	1408
1398	1397
1398	1399
1398	1731
1403	1397
1403	1402
1403	1409
1408	1397
1408	1407
1408	1728
1399	1398
1399	1400
1731	1398
1731	1724
1400	1399
1400	1401
1401	1400
1401	1402
1402	1401
1402	1403
1409	1403
1409	1410
1404	1405
1404	1406
1404	1415
1404	1418
1405	1404
1405	1406
1405	1423
1406	1404
1406	1405
1406	1418
1406	1451
1418	1404
1418	1406
1418	1416
1423	1405
1423	1422
1423	1443
1423	1444
1451	1406
1451	1416
1451	1427
1451	1443
1407	1408
1407	1413
1407	1719
1413	1407
1413	1412
1413	1720
1719	1407
1719	1718
1719	1720
1728	1408
1728	1726
1728	1729
1410	1409
1410	1411
1410	1488
1410	1489
1410	1691
1410	1710
1411	1410
1411	1412
1489	1410
1489	1490
1489	1730
1488	1410
1488	1419
1488	1421
1488	1487
1691	1410
1691	1690
1691	1711
1710	1410
1710	1709
1412	1411
1412	1413
1412	1721
1721	1412
1721	1722
1720	1413
1720	1719
1417	1414
1417	1416
1417	1420
1416	1415
1416	1417
1416	1418
1416	1451
1422	1415
1422	1421
1422	1423
1422	1444
1420	1417
1420	1419
1685	1419
1685	1686
1487	1421
1487	1444
1487	1488
1444	1422
1444	1423
1444	1430
1444	1443
1444	1487
1443	1423
1443	1442
1443	1444
1443	1451
1424	1425
1424	1426
1424	1453
1425	1424
1425	1426
1425	1445
1453	1424
1453	1454
1453	1602
1445	1425
1445	1431
1445	1602
1452	1428
1452	1442
1429	1430
1429	1431
1429	1621
1430	1429
1430	1444
1430	1493
1431	1429
1431	1432
1431	1445
1621	1429
1621	1620
1621	1622
1493	1430
1493	1492
1432	1431
1432	1433
1432	1450
1433	1432
1433	1434
1450	1432
1450	1449
1450	1494
1434	1433
1434	1435
1434	1494
1435	1434
1435	1436
1435	1437
1494	1434
1494	1450
1494	1495
1436	1435
1437	1435
1437	1438
1437	1439
1437	1449
1438	1437
1439	1437
1439	1440
1439	1448
1449	1437
1449	1450
1449	1496
1440	1439
1440	1441
1440	1448
1448	1439
1448	1440
1448	1447
1441	1440
1441	1442
1442	1441
1442	1443
1442	1452
1602	1445
1602	1453
1602	1458
1602	1603
1447	1446
1447	1448
1447	1486
1496	1449
1496	1495
1454	1453
1454	1455
1455	1454
1455	1456
1456	1455
1456	1457
1456	1458
1457	1456
1458	1456
1458	1459
1458	1602
1458	1604
1459	1458
1459	1460
1459	1466
1604	1458
1604	1603
1460	1459
1460	1461
1460	1504
1460	1508
1466	1459
1466	1465
1466	1467
1466	1502
1461	1460
1461	1462
1504	1460
1504	1505
1504	1508
1508	1460
1508	1464
1508	1504
1508	1512
1462	1461
1462	1463
1462	1509
1463	1462
1463	1464
1509	1462
1509	1510
1509	1511
1464	1463
1464	1465
1464	1508
1502	1466
1502	1500
1502	1503
1502	1595
1500	1467
1500	1501
1500	1502
1468	1469
1468	1482
1468	1838
1469	1468
1469	1470
1482	1468
1482	1480
1482	1483
1482	1824
1838	1468
1838	1837
1838	1868
1838	1882
1470	1469
1470	1471
1470	1600
1471	1470
1471	1472
1471	1473
1600	1470
1600	1590
1600	1601
1472	1471
1590	1473
1590	1588
1590	1600
1475	1474
1475	1476
1475	1498
1475	1641
1476	1475
1476	1477
1498	1475
1498	1499
1641	1475
1641	1499
1641	1637
1641	1642
1477	1476
1477	1478
1477	1642
1478	1477
1478	1479
1478	1664
1642	1477
1642	1641
1642	1644
1479	1478
1479	1480
1479	1813
1664	1478
1664	1662
1664	1665
1664	1814
1480	1479
1480	1481
1480	1482
1813	1479
1813	1814
1813	1824
1813	1829
1481	1480
1483	1482
1824	1482
1824	1813
1824	1839
1484	1485
1485	1484
1490	1489
1490	1491
1490	1492
1730	1489
1730	1492
1491	1490
1492	1490
1492	1493
1492	1730
1495	1494
1495	1496
1499	1498
1499	1503
1499	1608
1499	1641
1503	1499
1503	1502
1503	1594
1608	1499
1608	1607
1608	1638
1501	1500
1595	1502
1595	1596
1594	1503
1594	1593
1594	1609
1505	1504
1505	1506
1505	1507
1506	1505
1507	1505
1512	1508
1510	1509
1511	1509
1514	1515
1514	1516
1514	1517
1515	1514
1515	1587
1516	1514
1517	1514
1517	1518
1587	1515
1587	1585
1518	1517
1518	1519
1518	1520
1519	1518
1519	1520
1520	1518
1520	1519
1520	1521
1521	1520
1521	1522
1521	1527
1522	1521
1522	1523
1522	1525
1527	1521
1527	1528
1523	1522
1523	1524
1525	1522
1525	1524
1525	1526
1524	1523
1524	1525
1526	1525
1528	1527
1528	1529
1528	1534
1529	1528
1529	1530
1529	1533
1534	1528
1534	1535
1530	1529
1530	1531
1533	1529
1533	1531
1531	1530
1531	1532
1531	1533
1532	1531
1535	1534
1535	1536
1536	1535
1536	1537
1537	1536
1537	1538
1538	1537
1538	1539
1539	1538
1539	1540
1540	1539
1540	1541
1541	1540
1541	1542
1542	1541
1542	1543
1543	1542
1543	1544
1544	1543
1544	1545
1545	1544
1545	1546
1546	1545
1546	1547
1547	1546
1547	1548
1547	1555
1548	1547
1548	1549
1548	1552
1555	1547
1555	1556
1549	1548
1549	1550
1549	1551
1552	1548
1552	1553
1552	1554
1550	1549
1551	1549
1553	1552
1554	1552
1556	1555
1556	1557
1557	1556
1557	1558
1558	1557
1558	1559
1558	1560
1558	1561
1559	1558
1560	1558
1561	1558
1561	1562
1562	1561
1562	1563
1563	1562
1563	1564
1564	1563
1564	1565
1565	1564
1565	1566
1566	1565
1566	1567
1566	1574
1567	1566
1567	1568
1567	1569
1574	1566
1574	1575
1568	1567
1569	1567
1569	1570
1569	1571
1570	1569
1571	1569
1571	1572
1571	1573
1572	1571
1573	1571
1575	1574
1575	1576
1576	1575
1576	1577
1576	1578
1577	1576
1578	1576
1578	1579
1578	1584
1579	1578
1579	1580
1579	1581
1584	1578
1584	1585
1580	1579
1581	1579
1581	1582
1581	1583
1582	1581
1583	1581
1585	1584
1585	1586
1585	1587
1586	1585
1588	1589
1588	1590
1588	1599
1599	1588
1599	1598
1591	1592
1591	1593
1592	1591
1592	1596
1592	1614
1593	1591
1593	1594
1593	1614
1596	1592
1596	1595
1596	1624
1614	1592
1614	1593
1614	1615
1609	1594
1609	1610
1609	1615
1624	1596
1624	1623
1597	1598
1597	1601
1598	1597
1598	1599
1601	1597
1601	1600
1603	1602
1603	1604
1605	1606
1605	1607
1606	1605
1606	1610
1606	1647
1606	1655
1607	1605
1607	1608
1607	1636
1610	1606
1610	1609
1610	1650
1647	1606
1647	1648
1647	1649
1655	1606
1655	1654
1636	1607
1636	1637
1636	1645
1636	1661
1638	1608
1638	1637
1615	1609
1615	1614
1615	1623
1650	1610
1650	1651
1650	1652
1611	1612
1611	1613
1612	1611
1612	1613
1612	1845
1613	1611
1613	1612
1613	1852
1845	1612
1845	1846
1852	1613
1852	1851
1852	1853
1623	1615
1623	1624
1616	1617
1616	1618
1617	1616
1617	1622
1617	1629
1618	1616
1618	1619
1622	1617
1622	1621
1629	1617
1629	1626
1619	1618
1619	1620
1619	1628
1620	1619
1620	1621
1628	1619
1628	1627
1628	1640
1625	1626
1625	1627
1626	1625
1626	1629
1626	1639
1627	1625
1627	1628
1639	1626
1639	1640
1640	1628
1640	1639
1630	1631
1630	1632
1630	1760
1631	1630
1631	1635
1631	1733
1632	1630
1632	1633
1632	1648
1760	1630
1760	1653
1760	1759
1635	1631
1635	1634
1635	1734
1733	1631
1733	1732
1633	1632
1633	1634
1648	1632
1648	1647
1648	1652
1648	1653
1634	1633
1634	1635
1734	1635
1734	1732
1637	1636
1637	1638
1637	1641
1645	1636
1645	1646
1645	1660
1645	1674
1661	1636
1661	1654
1644	1642
1644	1643
1644	1673
1643	1644
1643	1646
1643	1675
1646	1643
1646	1645
1675	1643
1673	1644
1673	1674
1660	1645
1660	1659
1674	1645
1674	1673
1649	1647
1652	1648
1652	1650
1653	1648
1653	1654
1653	1657
1653	1760
1651	1650
1654	1653
1654	1655
1654	1661
1657	1653
1657	1656
1657	1681
1656	1657
1656	1658
1658	1656
1658	1659
1681	1657
1681	1680
1681	1682
1659	1658
1659	1660
1662	1663
1662	1664
1662	1825
1663	1662
1663	1667
1663	1819
1825	1662
1667	1663
1667	1666
1667	1761
1819	1663
1819	1818
1665	1664
1665	1666
1814	1664
1814	1813
1814	1818
1666	1665
1666	1667
1666	1762
1762	1666
1762	1763
1761	1667
1761	1767
1761	1771
1668	1669
1668	1672
1669	1668
1669	1670
1672	1668
1672	1671
1670	1669
1670	1671
1671	1670
1671	1672
1676	1677
1676	1678
1677	1676
1677	1684
1677	1782
1678	1676
1678	1679
1678	1783
1684	1677
1684	1683
1782	1677
1782	1679
1679	1678
1679	1680
1679	1782
1783	1678
1680	1679
1680	1681
1682	1681
1682	1683
1682	1759
1683	1682
1683	1684
1683	1759
1759	1682
1759	1683
1759	1760
1686	1685
1686	1687
1686	1690
1687	1686
1687	1688
1687	1689
1690	1686
1690	1691
1688	1687
1689	1687
1711	1691
1711	1712
1711	1713
1692	1693
1692	1707
1692	1797
1693	1692
1693	1694
1707	1692
1707	1706
1707	1708
1797	1692
1797	1796
1694	1693
1694	1695
1694	1696
1695	1694
1696	1694
1696	1697
1697	1696
1697	1698
1697	1700
1698	1697
1698	1699
1698	1700
1700	1697
1700	1698
1700	1701
1699	1698
1701	1700
1701	1702
1701	1703
1702	1701
1703	1701
1703	1704
1703	1705
1704	1703
1705	1703
1705	1706
1706	1705
1706	1707
1706	1798
1798	1706
1798	1750
1798	1799
1708	1707
1709	1710
1709	1717
1709	1739
1717	1709
1717	1716
1739	1709
1739	1735
1739	1738
1712	1711
1713	1711
1713	1714
1714	1713
1714	1715
1714	1716
1715	1714
1716	1714
1716	1717
1718	1719
1718	1723
1718	1746
1723	1718
1723	1722
1746	1718
1746	1744
1746	1747
1722	1721
1722	1723
1724	1725
1724	1726
1724	1731
1725	1724
1725	1729
1726	1724
1726	1727
1726	1728
1729	1725
1729	1728
1727	1726
1732	1733
1732	1734
1735	1736
1735	1739
1735	1749
1736	1735
1736	1737
1736	1748
1749	1735
1749	1740
1737	1736
1737	1738
1748	1736
1748	1747
1738	1737
1738	1739
1740	1741
1740	1749
1741	1740
1741	1742
1742	1741
1742	1743
1742	1744
1743	1742
1744	1742
1744	1745
1744	1746
1745	1744
1747	1746
1747	1748
1752	1753
1752	1754
1752	1891
1753	1752
1753	1755
1753	1890
1753	1891
1754	1752
1754	1755
1891	1752
1891	1753
1891	1890
1891	1899
1755	1753
1755	1754
1755	1890
1890	1753
1890	1755
1890	1891
1890	1900
1756	1757
1756	1758
1757	1756
1757	1758
1758	1756
1758	1757
1767	1761
1767	1766
1767	1772
1771	1761
1771	1770
1771	1815
1763	1762
1763	1764
1764	1763
1764	1765
1765	1764
1765	1766
1766	1765
1766	1767
1772	1767
1772	1769
1768	1769
1768	1770
1768	1786
1769	1768
1769	1772
1769	1785
1770	1768
1770	1771
1770	1859
1786	1768
1786	1784
1786	1860
1785	1769
1785	1784
1859	1770
1859	1858
1859	1861
1815	1771
1815	1816
1815	1817
1773	1774
1773	1775
1773	1886
1774	1773
1774	1781
1774	1887
1775	1773
1775	1776
1775	1889
1886	1773
1886	1885
1886	1889
1781	1774
1781	1780
1887	1774
1887	1884
1889	1775
1889	1886
1889	1888
1880	1776
1880	1879
1880	1888
1778	1777
1778	1779
1830	1777
1831	1777
1831	1832
1831	1833
1779	1778
1779	1780
1779	1844
1780	1779
1780	1781
1844	1779
1844	1842
1844	1862
1784	1785
1784	1786
1860	1786
1860	1855
1787	1788
1787	1795
1787	1799
1788	1787
1788	1789
1795	1787
1795	1794
1795	1800
1789	1788
1789	1790
1790	1789
1790	1791
1791	1790
1791	1792
1792	1791
1792	1793
1793	1792
1793	1794
1794	1793
1794	1795
1794	1803
1803	1794
1803	1801
1803	1804
1800	1795
1800	1801
1796	1797
1796	1804
1796	1805
1804	1796
1804	1803
1805	1796
1801	1800
1801	1802
1801	1803
1802	1801
1807	1808
1807	1811
1808	1807
1808	1809
1811	1807
1811	1810
1809	1808
1809	1810
1810	1809
1810	1811
1829	1813
1829	1828
1829	1839
1818	1814
1818	1817
1818	1819
1816	1815
1817	1815
1817	1818
1817	1826
1826	1817
1826	1827
1826	1861
1821	1822
1821	1823
1822	1821
1822	1823
1823	1821
1823	1822
1839	1824
1839	1829
1839	1840
1827	1826
1827	1828
1827	1857
1861	1826
1861	1858
1861	1859
1828	1827
1828	1829
1828	1840
1857	1827
1857	1856
1857	1858
1840	1828
1840	1839
1840	1841
1832	1831
1833	1831
1833	1834
1833	1835
1834	1833
1835	1833
1835	1836
1835	1837
1836	1835
1837	1835
1837	1838
1837	1871
1871	1837
1871	1870
1871	1872
1882	1838
1882	1881
1868	1838
1868	1869
1868	1870
1841	1840
1841	1842
1841	1856
1842	1841
1842	1843
1842	1844
1856	1841
1856	1854
1856	1857
1843	1842
1862	1844
1862	1854
1846	1845
1846	1847
1847	1846
1847	1848
1848	1847
1848	1849
1849	1848
1849	1850
1850	1849
1850	1851
1851	1850
1851	1852
1853	1852
1854	1855
1854	1856
1854	1862
1855	1854
1855	1860
1858	1857
1858	1859
1858	1861
1863	1864
1863	1867
1864	1863
1864	1865
1867	1863
1867	1866
1865	1864
1865	1866
1866	1865
1866	1867
1870	1868
1870	1871
1872	1869
1872	1871
1873	1874
1873	1875
1874	1873
1874	1878
1875	1873
1875	1876
1878	1874
1878	1877
1876	1875
1876	1877
1877	1876
1877	1878
1879	1880
1879	1881
1881	1879
1881	1882
1888	1880
1888	1889
1884	1885
1884	1887
1885	1884
1885	1886
1900	1890
1900	1901
1899	1891
1899	1898
1892	1893
1892	1895
1892	1954
1893	1892
1893	1894
1895	1892
1895	1894
1954	1892
1954	1953
1954	1955
1894	1893
1894	1895
1896	1897
1896	1901
1897	1896
1897	1898
1901	1896
1901	1900
1901	1902
1898	1897
1898	1899
1902	1901
1902	1903
1903	1902
1904	1905
1904	1906
1905	1904
1905	1909
1906	1904
1906	1907
1909	1905
1909	1908
1907	1906
1907	1908
1908	1907
1908	1909
1910	1911
1910	1913
1911	1910
1911	1912
1911	1931
1913	1910
1913	1912
1912	1911
1912	1913
1931	1911
1931	1928
1931	1930
1914	1915
1914	1917
1915	1914
1915	1916
1915	1921
1915	1922
1917	1914
1917	1916
1916	1915
1916	1917
1921	1915
1921	1922
1922	1915
1922	1921
1923	1924
1923	1926
1923	1927
1924	1923
1924	1925
1924	1926
1926	1923
1926	1924
1927	1923
1925	1924
1928	1929
1928	1931
1928	1937
1929	1928
1929	1930
1929	1936
1937	1928
1937	1933
1930	1929
1930	1931
1936	1929
1936	1935
1932	1933
1932	1934
1932	1940
1933	1932
1933	1937
1934	1932
1934	1935
1934	1943
1940	1932
1940	1941
1935	1934
1935	1936
1943	1934
1943	1942
1943	1944
1938	1939
1939	1938
1941	1940
1941	1942
1942	1941
1942	1943
1944	1943
1945	1946
1946	1945
1946	1947
1947	1946
1947	1948
1947	1949
1948	1947
1949	1947
1949	1950
1950	1949
1950	1951
1950	1953
1951	1950
1951	1952
1953	1950
1953	1954
1952	1951
1955	1954
1955	1956
1956	1955
1956	1957
1956	1963
1957	1956
1957	1958
1963	1956
1963	1961
1963	1964
1958	1957
1958	1959
1958	1960
1959	1958
1960	1958
1960	1961
1961	1960
1961	1962
1961	1963
1962	1961
1964	1963
