15197179	19514897	100
15197179	16272469	201
15197179	14579493	215
15197179	14579494	232
15197179	16253106	305
15197179	41522043	309
15197179	17791429	312
15197179	18464147	322
15197179	19227136	325
15197179	19514975	328
15197179	7461171	328
15197179	19214639	337
15197179	21057006	363
15197179	6902930	365
15197179	6677293	366
15197179	7770986	374
15197179	7751408	376
15197179	17915296	384
15197179	15197181	384
15197179	16250137	386
15197179	18130744	394
15197179	1940049	406
15197179	18021634	406
15197179	18130746	413
15197179	19531567	420
15197179	19531571	436
15197179	18130598	440
15197179	18185281	457
15197179	6902933	460
15197179	49650310	470
15197179	13955186	479
15197179	20805410	539
15197179	14579476	540
15197179	7365144	545
15197179	13227225	545
15197179	9001725	556
15197179	14607762	560
15197179	7816860	589
15197179	7461174	603
15197179	7459221	616
15197179	9001729	681
15197179	18021636	799
15197179	16210652	828
15197179	19531582	832
15197179	15197186	837
15197179	7751409	874
15197179	12916234	880
15197179	19524316	900
15197179	13227229	922
15197179	21049304	922
15197179	30241004	934
15197179	33070192	1002
15197179	18754874	1016
15197179	35497190	1054
15197179	14579063	1091
15197179	19588677	1103
15197179	15357084	1165
15197179	15178444	1204
15197179	22337104	1449
15197179	14723315	1452
15197179	17950573	1501
15197179	13499757	1567
15197179	18130267	469
15197179	18752428	470
15197179	18752426	434
15197179	14579088	952
15197179	16253108	289
15197179	14579536	1026
15197179	16211076	504
15197179	17916549	1143
15197179	9001623	888
15197179	35495295	2052
15197179	35495294	1922
15197179	33070146	1839
15197179	15394142	1843
15197179	18678271	1738
15197179	15357081	3562
15197179	15357077	3538
15197179	35450538	2130
15197179	13683935	1389
16272469	16253106	104
16272469	19514897	129
16272469	18464147	137
16272469	19514975	143
16272469	7770986	173
16272469	18130744	193
16272469	15197179	201
16272469	18021634	205
16272469	18130746	212
16272469	19531567	235
16272469	18130598	239
16272469	19531571	251
16272469	49650310	269
16272469	18185281	272
16272469	13955186	294
16272469	14579493	392
16272469	14579494	409
16272469	7459221	431
16272469	6677293	469
16272469	21057006	472
16272469	41522043	486
16272469	17791429	489
16272469	19524316	491
16272469	17915296	491
16272469	9001729	496
16272469	19227136	502
16272469	7461171	505
16272469	1940049	513
16272469	19214639	514
16272469	6902930	542
16272469	7751408	553
16272469	16250137	563
16272469	18021636	598
16272469	18754874	607
16272469	16210652	627
16272469	6902933	637
16272469	20805410	646
16272469	19531582	647
16272469	12916234	695
16272469	14579476	717
16272469	13227229	721
16272469	13227225	722
16272469	7365144	722
16272469	14607762	737
16272469	7816860	766
16272469	19588677	918
16272469	15197186	944
16272469	15178444	1003
16272469	21049304	1029
16272469	30241004	1111
16272469	33070192	1179
16272469	35497190	1231
16272469	14723315	1251
16272469	22337104	1264
16272469	14579063	1268
16272469	15357084	1342
16272469	17950573	1678
16272469	13499757	1744
16272469	15197181	690
16272469	7461174	504
16272469	9001725	342
16272469	9001623	703
16272469	13683935	1496
16211076	18130598	8
16211076	16253106	127
16211076	7770986	196
16211076	18021634	228
16211076	49650310	292
16211076	13955186	492
16211076	15197179	504
16211076	14579493	643
16211076	16210652	650
16211076	9001729	694
16211076	17791429	740
16211076	13227229	744
16211076	7461171	756
16211076	21057006	791
16211076	6902930	793
16211076	6677293	794
16211076	7751408	804
16211076	18754874	805
16211076	6902933	888
16211076	12916234	893
16211076	14579476	968
16211076	7365144	973
16211076	14607762	988
16211076	15178444	1026
16211076	19588677	1116
16211076	14723315	1274
16211076	30241004	1362
16211076	33070192	1430
16211076	22337104	1462
16211076	35497190	1482
16211076	14579063	1519
16211076	15357084	1593
16211076	17950573	1929
16211076	13499757	1995
16253106	7770986	69
16253106	18130744	89
16253106	18130746	108
16253106	16211076	127
16253106	18130598	135
16253106	15197179	277
16253106	18021634	355
16253106	19514897	377
16253106	14579493	416
16253106	14579494	433
16253106	18021636	494
16253106	41522043	510
16253106	17791429	513
16253106	16210652	523
16253106	19227136	526
16253106	7461171	529
16253106	19214639	538
16253106	21057006	564
16253106	6902930	566
16253106	6677293	567
16253106	7751408	577
16253106	16250137	587
16253106	13227229	617
16253106	13955186	619
16253106	6902933	661
16253106	17915296	661
16253106	1940049	683
16253106	14579476	741
16253106	7365144	746
16253106	13227225	746
16253106	14607762	761
16253106	7816860	790
16253106	20805410	816
16253106	9001725	833
16253106	15178444	899
16253106	18754874	932
16253106	12916234	1020
16253106	15197186	1114
16253106	30241004	1135
16253106	14723315	1147
16253106	21049304	1199
16253106	33070192	1228
16253106	19588677	1243
16253106	35497190	1255
16253106	14579063	1292
16253106	15357084	1366
16253106	22337104	1589
16253106	17950573	1702
16253106	13499757	1768
16253106	18130267	92
16253106	18752428	93
16253106	18752426	57
16253106	14579088	803
16253106	18464147	91
16253106	16253108	140
16253106	19531582	414
16253106	14579536	877
16253106	16272469	104
16253106	49650310	233
16253106	15197181	523
16253106	7751409	1053
16253106	17916549	766
16253106	7459221	540
16253106	9001623	809
16253106	35495295	1675
16253106	35495294	1545
16253106	33070146	1462
16253106	15394142	1466
16253106	18678271	1361
16253106	15357081	2183
16253106	15357077	2159
16253106	35450538	1327
14579493	14579494	17
14579493	13227225	330
14579493	14579476	367
14579493	6902933	487
14579493	6902930	510
14579493	19214639	538
14579493	7751408	544
14579493	19227136	550
14579493	14607762	587
14579493	17791429	749
14579493	7365144	758
14579493	30241004	761
14579493	7461171	765
14579493	21057006	800
14579493	6677293	803
14579493	18021634	811
14579493	16210652	814
14579493	33070192	821
14579493	49650310	875
14579493	13227229	885
14579493	16253106	938
14579493	1940049	949
14579493	15357084	992
14579493	7770986	1007
14579493	35497190	1049
14579493	13955186	1075
14579493	15197179	1087
14579493	14579063	1170
14579493	7459221	1212
14579493	9001729	1277
14579493	18754874	1388
14579493	12916234	1476
14579493	15178444	1494
14579493	15197186	1532
14579493	21049304	1617
14579493	19588677	1699
14579493	14723315	1751
14579493	13499757	1811
14579493	22337104	2045
14579493	16250137	144
14579493	18130267	608
14579493	18752428	609
14579493	18752426	573
14579493	14579088	1091
14579493	18464147	379
14579493	41522043	150
14579493	16253108	428
14579493	18021636	441
14579493	18130744	847
14579493	18130746	827
14579493	14579536	644
14579493	17915296	331
14579493	7816860	793
14579493	20805410	432
14579493	16272469	392
14579493	16211076	643
14579493	15197181	248
14579493	7751409	778
14579493	17916549	491
14579493	7461174	612
14579493	35495295	1400
14579493	35495294	1270
14579493	33070146	1187
14579493	15394142	1191
14579493	18678271	1086
14579493	15357081	1908
14579493	15357077	1884
14579493	17950573	1169
14579493	35450538	1052
14579493	13683935	1604
49650310	19514975	48
49650310	16272469	129
49650310	19531567	140
49650310	18464147	142
49650310	19531571	156
49650310	18185281	177
49650310	13955186	199
49650310	5983027	216
49650310	16253106	233
49650310	19514897	242
49650310	5907297	274
49650310	7770986	302
49650310	15197179	314
49650310	18130744	322
49650310	18021634	334
49650310	7459221	336
49650310	18130746	341
49650310	19524316	396
49650310	9001729	401
49650310	9001725	455
49650310	9001727	482
49650310	18754874	512
49650310	14579494	535
49650310	19531582	552
49650310	6677293	582
49650310	21057006	585
49650310	12916234	600
49650310	17915296	604
49650310	41522043	612
49650310	1940049	626
49650310	19227136	628
49650310	19214639	640
49650310	6902930	668
49650310	16250137	689
49650310	16210652	756
49650310	20805410	759
49650310	6902933	763
49650310	19588677	823
49650310	14579476	843
49650310	13227225	848
49650310	13227229	850
49650310	7816860	892
49650310	15178444	1132
49650310	21049304	1142
49650310	22337104	1169
49650310	30241004	1237
49650310	33070192	1305
49650310	35497190	1357
49650310	14723315	1380
49650310	14579063	1394
49650310	15357084	1468
49650310	17950573	1804
49650310	13499757	1870
49650310	18130267	257
49650310	18752428	258
49650310	18752426	222
49650310	14579088	740
49650310	16253108	77
49650310	18021636	90
49650310	14579536	814
49650310	16211076	292
49650310	14579493	875
49650310	17791429	744
49650310	7461171	876
49650310	15197181	688
49650310	7751408	923
49650310	7751409	1218
49650310	17916549	931
49650310	15197186	1077
49650310	14607762	1262
49650310	13710445	405
49650310	7365144	826
49650310	9001623	993
49650310	35495295	1840
49650310	35495294	1710
49650310	33070146	1627
49650310	15394142	1631
49650310	18678271	1526
49650310	15357081	3350
49650310	15357077	3326
49650310	35450538	1918
49650310	13683935	2354
7770986	18130744	19
7770986	18130746	38
7770986	18021636	425
7770986	18021634	451
7770986	16210652	454
7770986	49650310	515
7770986	13227229	525
7770986	16253106	578
7770986	16272469	645
7770986	16211076	705
7770986	13955186	715
7770986	15197179	727
7770986	5983027	732
7770986	5907297	790
7770986	7459221	852
7770986	14579493	866
7770986	9001729	917
7770986	17791429	963
7770986	9001725	971
7770986	7461171	979
7770986	9001727	998
7770986	21057006	1014
7770986	6902930	1016
7770986	6677293	1017
7770986	7751408	1027
7770986	18754874	1028
7770986	15197181	1035
7770986	6902933	1111
7770986	12916234	1116
7770986	15178444	1134
7770986	1940049	1142
7770986	14579476	1191
7770986	7365144	1196
7770986	14607762	1211
7770986	19588677	1339
7770986	14723315	1391
7770986	30241004	1585
7770986	33070192	1658
7770986	22337104	1685
7770986	35497190	1705
7770986	14579063	1742
7770986	15357084	1816
7770986	17950573	2152
7770986	13499757	2218
7770986	18678271	2765
7770986	15357081	3237
7770986	16250137	390
7770986	18130267	161
7770986	18752428	162
7770986	18752426	126
7770986	14579088	872
7770986	18464147	160
7770986	41522043	494
7770986	14579494	990
7770986	16253108	209
7770986	19227136	510
7770986	19214639	522
7770986	21049304	1074
7770986	19531582	483
7770986	14579536	946
7770986	13227225	867
7770986	7816860	1137
7770986	7751409	1122
7770986	17916549	835
7770986	15197186	981
7770986	9001623	878
7770986	35495295	1744
7770986	35495294	1614
7770986	33070146	1531
7770986	15394142	1535
7770986	15357077	2228
7770986	35450538	1396
17791429	15197181	72
17791429	21057006	110
17791429	6677293	113
17791429	41522043	154
17791429	17915296	237
17791429	16250137	251
17791429	1940049	259
17791429	14579493	304
17791429	19227136	350
17791429	7461171	353
17791429	19214639	362
17791429	6902930	390
17791429	7751408	401
17791429	20805410	467
17791429	6902933	485
17791429	14579476	565
17791429	16253106	579
17791429	14607762	585
17791429	15197179	639
17791429	19514897	645
17791429	7770986	648
17791429	18021634	680
17791429	49650310	744
17791429	16272469	746
17791429	9001725	750
17791429	15197186	765
17791429	21049304	850
17791429	19514975	873
17791429	30241004	959
17791429	19531567	965
17791429	19531571	981
17791429	18185281	1002
17791429	33070192	1027
17791429	19524316	1082
17791429	16210652	1102
17791429	14579063	1116
17791429	15357084	1190
17791429	13227229	1196
17791429	18754874	1198
17791429	17950573	1316
17791429	19531582	1377
17791429	13499757	1382
17791429	15178444	1478
17791429	19588677	1648
17791429	14723315	1726
17791429	33070146	2129
17791429	15394142	2133
17791429	35497190	2216
17791429	18130267	705
17791429	18752428	706
17791429	18752426	670
17791429	14579088	1188
17791429	18464147	476
17791429	14579494	732
17791429	16253108	525
17791429	18021636	538
17791429	18130744	944
17791429	18130746	924
17791429	14579536	677
17791429	13227225	1183
17791429	7816860	826
17791429	16211076	740
17791429	7751409	811
17791429	17916549	524
17791429	7461174	517
17791429	7365144	419
17791429	13955186	582
17791429	7459221	925
17791429	35495295	1433
17791429	35495294	1303
17791429	22337104	1894
17791429	18678271	1119
17791429	15357081	1941
17791429	15357077	1917
17791429	35450538	1085
17791429	13683935	1701
7461171	14579536	217
7461171	14579088	268
7461171	13227225	331
7461171	14579476	368
7461171	6902933	488
7461171	6902930	511
7461171	19214639	539
7461171	7751408	545
7461171	19227136	551
7461171	14607762	588
7461171	7816860	617
7461171	14579493	717
7461171	14579494	734
7461171	41522043	747
7461171	17791429	750
7461171	7365144	759
7461171	30241004	762
7461171	18021636	786
7461171	21057006	801
7461171	6677293	804
7461171	18021634	812
7461171	16210652	815
7461171	33070192	822
7461171	16250137	824
7461171	49650310	876
7461171	13227229	886
7461171	17915296	928
7461171	16253106	939
7461171	1940049	950
7461171	15357084	993
7461171	7770986	1008
7461171	35497190	1050
7461171	13955186	1076
7461171	15197179	1088
7461171	14579063	1171
7461171	7459221	1213
7461171	9001729	1278
7461171	18754874	1389
7461171	12916234	1477
7461171	15178444	1495
7461171	15197186	1533
7461171	21049304	1618
7461171	19588677	1700
7461171	14723315	1752
7461171	13499757	1812
7461171	22337104	2046
7461171	18130267	721
7461171	18752428	722
7461171	18752426	686
7461171	18464147	492
7461171	16253108	541
7461171	18130744	960
7461171	18130746	940
7461171	20805410	481
7461171	16272469	505
7461171	16211076	756
7461171	15197181	297
7461171	7751409	827
7461171	17916549	540
7461171	7461174	725
7461171	35495295	1449
7461171	35495294	1319
7461171	33070146	1236
7461171	15394142	1240
7461171	18678271	1135
7461171	15357081	1957
7461171	15357077	1933
7461171	17950573	1218
7461171	35450538	1101
7461171	13683935	1717
6677293	21057006	3
6677293	41522043	57
6677293	15197181	57
6677293	17791429	113
6677293	17915296	124
6677293	1940049	146
6677293	16250137	154
6677293	14579493	207
6677293	19227136	253
6677293	7461171	256
6677293	19214639	265
6677293	6902930	293
6677293	7751408	304
6677293	20805410	354
6677293	6902933	388
6677293	14579476	468
6677293	7365144	473
6677293	16253106	482
6677293	14607762	488
6677293	15197179	526
6677293	19514897	532
6677293	7770986	551
6677293	16211076	609
6677293	16272469	633
6677293	9001725	637
6677293	49650310	647
6677293	15197186	652
6677293	7461174	684
6677293	7751409	689
6677293	21049304	737
6677293	5983027	864
6677293	5907297	922
6677293	19524316	969
6677293	9001729	1049
6677293	18754874	1085
6677293	13227229	1099
6677293	9001727	1130
6677293	15178444	1381
6677293	18130267	759
6677293	18752428	760
6677293	18752426	724
6677293	18130598	786
6677293	14579088	1242
6677293	18464147	530
6677293	14579494	786
6677293	16253108	579
6677293	18021636	592
6677293	18130744	998
6677293	18130746	978
6677293	14579536	731
6677293	13227225	1237
6677293	7816860	880
6677293	17916549	578
6677293	18021634	1052
6677293	13955186	636
6677293	16210652	967
6677293	7459221	979
6677293	35497190	1101
6677293	9001623	1156
6677293	12916234	1147
6677293	30241004	1495
6677293	35495295	1487
6677293	35495294	1357
6677293	13499757	949
6677293	33070146	1274
6677293	14579063	789
6677293	15394142	1278
6677293	15357084	1922
6677293	33070192	1067
6677293	18678271	1173
6677293	14723315	1633
6677293	15357081	1995
6677293	15357077	1971
6677293	17950573	1256
6677293	35450538	1139
6677293	13683935	1396
15197181	21057006	54
15197181	6677293	57
15197181	17791429	72
15197181	41522043	98
15197181	17915296	181
15197181	16250137	195
15197181	1940049	203
15197181	14579493	248
15197181	19227136	294
15197181	7461171	297
15197181	19214639	306
15197181	6902930	334
15197181	7751408	345
15197181	20805410	411
15197181	6902933	429
15197181	14579476	509
15197181	7365144	514
15197181	16253106	523
15197181	14607762	529
15197181	15197179	583
15197181	19514897	589
15197181	7770986	592
15197181	18021634	624
15197181	49650310	688
15197181	16272469	690
15197181	9001725	694
15197181	15197186	709
15197181	21049304	794
15197181	19514975	817
15197181	30241004	903
15197181	19531567	909
15197181	19531571	925
15197181	18185281	946
15197181	33070192	971
15197181	35497190	1023
15197181	19524316	1026
15197181	16210652	1046
15197181	14579063	1060
15197181	15357084	1134
15197181	13227229	1140
15197181	18754874	1142
15197181	19531582	1321
15197181	15178444	1422
15197181	13499757	1536
15197181	19588677	1592
15197181	14723315	1670
15197181	7461174	461
15197181	13683935	1453
6902930	19214639	29
6902930	19227136	40
6902930	6902933	95
6902930	7751408	152
6902930	14579476	175
6902930	14607762	195
6902930	14579493	206
6902930	14579494	223
6902930	7816860	224
6902930	41522043	236
6902930	17791429	239
6902930	7461171	255
6902930	14579536	261
6902930	21057006	290
6902930	6677293	293
6902930	7365144	308
6902930	15197181	311
6902930	16250137	313
6902930	17915296	417
6902930	1940049	439
6902930	16253106	481
6902930	13227225	536
6902930	7770986	550
6902930	30241004	569
6902930	18021634	582
6902930	16211076	608
6902930	49650310	646
6902930	35497190	689
6902930	14579063	726
6902930	16272469	776
6902930	33070192	778
6902930	15357084	800
6902930	13955186	846
6902930	15197179	858
6902930	5983027	863
6902930	5907297	921
6902930	15197186	945
6902930	7751409	982
6902930	16210652	1004
6902930	21049304	1030
6902930	9001729	1048
6902930	13227229	1098
6902930	9001725	1102
6902930	9001727	1129
6902930	18754874	1159
6902930	12916234	1247
6902930	17950573	1264
6902930	13499757	1330
6902930	15178444	1380
6902930	19588677	1470
6902930	14723315	1628
6902930	22337104	1816
6902930	19514897	833
6902930	18130267	758
6902930	18752428	759
6902930	18752426	723
6902930	18130598	785
6902930	14579088	1241
6902930	18464147	529
6902930	16253108	578
6902930	18021636	591
6902930	18130744	997
6902930	18130746	977
6902930	19531582	847
6902930	20805410	518
6902930	17916549	413
6902930	7461174	762
6902930	7459221	978
6902930	9001623	1242
6902930	35495295	1322
6902930	35495294	1192
6902930	33070146	1109
6902930	15394142	1113
6902930	18678271	880
6902930	15357081	1147
6902930	15357077	1123
6902930	35450538	846
6902930	13683935	1754
9001727	5907297	93
9001727	19514975	152
9001727	13955186	209
9001727	5983027	226
9001727	19531571	249
9001727	16253108	250
9001727	18185281	270
9001727	19531567	306
9001727	49650310	327
9001727	7459221	346
9001727	18021634	500
9001727	9001729	567
9001727	18752420	668
9001727	18754874	678
9001727	21057006	751
9001727	12916234	766
9001727	17915296	770
9001727	19227136	794
9001727	19214639	806
9001727	16210652	922
9001727	19588677	989
9001727	14579476	1009
9001727	15178444	1298
9001727	21049304	1308
9001727	22337104	1335
9001727	30241004	1403
9001727	33070192	1471
9001727	35497190	1523
9001727	14723315	1546
9001727	14579063	1560
9001727	15357084	1634
9001727	17950573	1970
9001727	13499757	2036
9001727	19531582	312
9001727	19524327	837
9001727	19524316	856
9001727	7770986	998
9001727	6677293	1130
9001727	6902930	1129
9001727	13227229	1543
9001727	9001623	581
9001727	13683935	1347
7751408	14579536	109
7751408	14579476	172
7751408	6902933	292
7751408	6902930	315
7751408	19214639	343
7751408	19227136	355
7751408	13227225	378
7751408	14607762	392
7751408	7816860	421
7751408	14579493	521
7751408	14579494	538
7751408	41522043	551
7751408	17791429	554
7751408	7365144	563
7751408	30241004	566
7751408	7461171	570
7751408	21057006	605
7751408	6677293	608
7751408	33070192	626
7751408	16250137	628
7751408	17915296	732
7751408	1940049	754
7751408	15357084	797
7751408	35497190	854
7751408	18021634	859
7751408	16210652	862
7751408	49650310	923
7751408	13227229	933
7751408	14579063	975
7751408	16253106	986
7751408	7770986	1055
7751408	13955186	1123
7751408	15197179	1135
7751408	7459221	1260
7751408	9001729	1325
7751408	15197186	1337
7751408	21049304	1422
7751408	18754874	1436
7751408	12916234	1524
7751408	15178444	1542
7751408	13499757	1616
7751408	19588677	1747
7751408	22337104	2093
7751408	18130267	769
7751408	18752428	770
7751408	18752426	734
7751408	14579088	1252
7751408	18464147	540
7751408	16253108	589
7751408	18021636	602
7751408	18130744	1008
7751408	18130746	988
7751408	20805410	529
7751408	16272469	553
7751408	16211076	804
7751408	15197181	345
7751408	7751409	875
7751408	17916549	588
7751408	7461174	773
7751408	35495295	1497
7751408	35495294	1367
7751408	33070146	1284
7751408	15394142	1288
7751408	18678271	914
7751408	14723315	1643
7751408	15357081	1181
7751408	15357077	1157
7751408	17950573	1266
7751408	35450538	880
7751408	13683935	1765
5983027	5907297	58
5983027	13710445	308
5983027	19588677	585
5983027	13955186	595
5983027	7459221	639
5983027	18752420	643
5983027	22337104	883
5983027	18021634	886
5983027	18754874	1064
5983027	21057006	1137
5983027	12916234	1152
5983027	14579476	1395
5983027	15178444	1684
5983027	30241004	1789
5983027	33070192	1857
5983027	35497190	1909
5983027	14579063	1946
5983027	15357084	2020
5983027	17950573	2356
5983027	13499757	2422
5983027	19514975	168
5983027	19531567	270
5983027	19531571	253
5983027	18185281	232
5983027	49650310	216
5983027	7770986	732
5983027	6677293	864
5983027	6902930	863
5983027	9001727	226
5983027	9001729	308
5983027	13227229	1277
5983027	16210652	422
5983027	13683935	1279
17915327	17915328	8
17915327	19227136	411
17915327	19214639	423
17915327	14579494	546
17915327	41522043	559
17915327	21057006	613
17915327	14579476	626
17915327	16250137	636
17915327	7816860	675
17915327	17915296	740
17915327	13227225	859
17915327	18021634	905
17915327	30241004	1020
17915327	21049304	1081
17915327	13955186	1169
17915327	17950573	1209
17915327	15357084	1251
17915327	33070192	1252
17915327	13499757	1275
17915327	16210652	1327
17915327	18754874	1482
17915327	12916234	1570
17915327	15178444	1703
17915327	19588677	1793
17915327	14723315	1951
17915327	33070146	2022
17915327	15394142	2026
17915327	35497190	2109
17915327	22337104	2139
17915327	14579063	2301
6902933	7751408	57
6902933	14579536	166
6902933	14579476	229
6902933	6902930	372
6902933	19214639	400
6902933	19227136	412
6902933	13227225	435
6902933	14607762	449
6902933	7816860	478
6902933	14579493	578
6902933	14579494	595
6902933	41522043	608
6902933	17791429	611
6902933	7365144	620
6902933	30241004	623
6902933	7461171	627
6902933	21057006	662
6902933	6677293	665
6902933	33070192	683
6902933	16250137	685
6902933	17915296	789
6902933	1940049	811
6902933	15357084	854
6902933	35497190	911
6902933	18021634	916
6902933	16210652	919
6902933	49650310	980
6902933	13227229	990
6902933	14579063	1032
6902933	16253106	1043
6902933	7770986	1112
6902933	13955186	1180
6902933	15197179	1192
6902933	7459221	1317
6902933	9001729	1382
6902933	15197186	1394
6902933	21049304	1479
6902933	18754874	1493
6902933	12916234	1581
6902933	15178444	1599
6902933	13499757	1673
6902933	19588677	1804
6902933	22337104	2150
6902933	19514897	928
6902933	18130267	853
6902933	18752428	854
6902933	18752426	818
6902933	18130598	880
6902933	14579088	1336
6902933	18464147	624
6902933	16253108	673
6902933	18021636	686
6902933	18130744	1092
6902933	18130746	1072
6902933	19531582	942
6902933	20805410	613
6902933	16272469	637
6902933	16211076	888
6902933	15197181	429
6902933	7751409	795
6902933	17916549	508
6902933	7461174	857
6902933	9001725	905
6902933	9001623	1337
6902933	35495295	1417
6902933	35495294	1287
6902933	33070146	1204
6902933	15394142	1208
6902933	18678271	857
6902933	14723315	1727
6902933	15357081	1124
6902933	15357077	1100
6902933	17950573	1186
6902933	35450538	823
6902933	13683935	1849
17915328	19227136	402
17915328	19214639	414
17915328	14579494	537
17915328	41522043	550
17915328	21057006	604
17915328	14579476	617
17915328	16250137	627
17915328	7816860	666
17915328	17915296	731
17915328	13227225	850
17915328	18021634	896
17915328	30241004	1011
17915328	21049304	1072
17915328	13955186	1160
17915328	17950573	1200
17915328	15357084	1242
17915328	33070192	1243
17915328	13499757	1266
17915328	16210652	1318
17915328	18754874	1473
17915328	12916234	1561
17915328	15178444	1694
17915328	19588677	1784
17915328	14723315	1942
17915328	33070146	2013
17915328	15394142	2017
17915328	35497190	2100
17915328	22337104	2130
17915328	14579063	2292
17915328	17915327	8
7751409	21049304	48
7751409	15197186	171
7751409	7365144	502
7751409	19227136	660
7751409	19214639	672
7751409	6902930	700
7751409	14579493	778
7751409	6902933	795
7751409	14579494	795
7751409	41522043	808
7751409	17791429	811
7751409	7461171	827
7751409	21057006	862
7751409	6677293	865
7751409	7751408	875
7751409	14579476	875
7751409	16250137	885
7751409	14607762	895
7751409	7816860	924
7751409	17915296	989
7751409	1940049	1011
7751409	16253106	1053
7751409	13227225	1108
7751409	7770986	1122
7751409	18021634	1154
7751409	49650310	1218
7751409	30241004	1269
7751409	9001725	1296
7751409	13955186	1418
7751409	15197179	1430
7751409	17950573	1458
7751409	15357084	1500
7751409	33070192	1501
7751409	13499757	1524
7751409	16210652	1576
7751409	9001729	1620
7751409	13227229	1670
7751409	18754874	1731
7751409	12916234	1819
7751409	15178444	1952
7751409	19588677	2042
7751409	14723315	2200
7751409	33070146	2271
7751409	15394142	2275
7751409	35497190	2358
7751409	22337104	2388
7751409	14579063	2550
5907297	13710445	249
5907297	5983027	317
5907297	13955186	536
5907297	7459221	580
5907297	18752420	584
5907297	49650310	654
5907297	18021634	827
5907297	9001729	894
5907297	19588677	908
5907297	18754874	1005
5907297	21057006	1078
5907297	12916234	1093
5907297	14579476	1336
5907297	15178444	1625
5907297	22337104	1662
5907297	30241004	1730
5907297	33070192	1798
5907297	35497190	1850
5907297	14579063	1887
5907297	15357084	1961
5907297	17950573	2297
5907297	13499757	2363
5907297	19514975	226
5907297	19531567	137
5907297	19531571	120
5907297	18185281	99
5907297	7770986	790
5907297	6677293	922
5907297	6902930	921
5907297	9001727	93
5907297	13227229	1335
5907297	16210652	480
5907297	13683935	1337
17916549	7365144	215
17916549	19227136	373
17916549	19214639	385
17916549	6902930	413
17916549	14579493	491
17916549	14579494	508
17916549	6902933	508
17916549	41522043	521
17916549	17791429	524
17916549	7461171	540
17916549	21057006	575
17916549	6677293	578
17916549	7751408	588
17916549	14579476	588
17916549	16250137	598
17916549	14607762	608
17916549	7816860	637
17916549	17915296	702
17916549	1940049	724
17916549	16253106	766
17916549	13227225	821
17916549	7770986	835
17916549	18021634	867
17916549	49650310	931
17916549	15197186	958
17916549	30241004	982
17916549	21049304	1043
17916549	13955186	1131
17916549	15197179	1143
17916549	17950573	1171
17916549	15357084	1213
17916549	33070192	1214
17916549	13499757	1237
17916549	16210652	1289
17916549	9001729	1333
17916549	13227229	1383
17916549	18754874	1444
17916549	12916234	1532
17916549	15178444	1665
17916549	19588677	1755
17916549	14723315	1913
17916549	33070146	1984
17916549	15394142	1988
17916549	35497190	2071
17916549	22337104	2101
17916549	14579063	2263
15197186	7751409	38
15197186	21049304	86
15197186	7365144	361
15197186	19227136	519
15197186	19214639	531
15197186	6902930	559
15197186	14579493	637
15197186	6902933	654
15197186	14579494	654
15197186	41522043	667
15197186	17791429	670
15197186	7461171	686
15197186	21057006	721
15197186	6677293	724
15197186	7751408	734
15197186	14579476	734
15197186	16250137	744
15197186	14607762	754
15197186	7816860	783
15197186	17915296	848
15197186	1940049	870
15197186	16253106	912
15197186	13227225	967
15197186	7770986	981
15197186	18021634	1013
15197186	49650310	1077
15197186	30241004	1128
15197186	9001725	1155
15197186	13955186	1277
15197186	15197179	1289
15197186	17950573	1317
15197186	15357084	1359
15197186	33070192	1360
15197186	13499757	1383
15197186	16210652	1435
15197186	9001729	1479
15197186	13227229	1529
15197186	18754874	1590
15197186	12916234	1678
15197186	15178444	1811
15197186	19588677	1901
15197186	14723315	2059
15197186	33070146	2130
15197186	15394142	2134
15197186	35497190	2217
15197186	22337104	2247
15197186	14579063	2409
15197186	18464147	1077
15197186	14579536	1460
15197186	20805410	561
15197186	16272469	944
15197186	15197181	709
15197186	17916549	958
15197186	7461174	586
15197186	35495295	1397
15197186	35495294	1267
15197186	18678271	1800
15197186	15357081	1905
15197186	15357077	1881
15197186	35450538	2042
15197186	13683935	1819
9001729	9001727	82
9001729	19531582	152
9001729	5907297	175
9001729	19514975	234
9001729	13955186	291
9001729	5983027	308
9001729	19531571	331
9001729	16253108	332
9001729	18185281	352
9001729	19531567	388
9001729	7461174	400
9001729	49650310	409
9001729	7459221	428
9001729	9001725	436
9001729	18754874	493
9001729	12916234	581
9001729	18021634	582
9001729	1940049	659
9001729	18752420	750
9001729	19588677	804
9001729	21057006	833
9001729	17915296	852
9001729	19227136	876
9001729	19214639	888
9001729	16210652	1004
9001729	21049304	1071
9001729	14579476	1091
9001729	22337104	1150
9001729	15178444	1380
9001729	30241004	1485
9001729	33070192	1553
9001729	35497190	1605
9001729	14723315	1628
9001729	14579063	1642
9001729	15357084	1716
9001729	17950573	2052
9001729	13499757	2118
9001729	16250137	888
9001729	18130267	659
9001729	18752428	660
9001729	18752426	624
9001729	14579088	1142
9001729	18464147	509
9001729	41522043	992
9001729	14579494	1260
9001729	18021636	492
9001729	18130744	898
9001729	18130746	878
9001729	14579536	1216
9001729	13227225	1137
9001729	7816860	1635
9001729	19524327	756
9001729	19524316	775
9001729	15197179	681
9001729	16272469	496
9001729	16211076	694
9001729	14579493	1277
9001729	7770986	917
9001729	7461171	1278
9001729	6677293	1049
9001729	6902930	1048
9001729	7751408	1325
9001729	6902933	1382
9001729	7751409	1620
9001729	17916549	1333
9001729	15197186	1479
9001729	13227229	1462
9001729	14607762	1664
9001729	13710445	645
9001729	7365144	1228
9001729	9001623	500
9001729	35495295	2242
9001729	35495294	2112
9001729	33070146	2029
9001729	15394142	2033
9001729	18678271	1928
9001729	15357081	3752
9001729	15357077	3728
9001729	35450538	2320
9001729	13683935	1266
1940049	17915296	22
1940049	6677293	146
1940049	21057006	149
1940049	41522043	203
1940049	15197181	203
1940049	20805410	209
1940049	17791429	259
1940049	16250137	300
1940049	14579493	353
1940049	15197179	381
1940049	19514897	387
1940049	19227136	399
1940049	7461171	402
1940049	19214639	411
1940049	6902930	439
1940049	7751408	450
1940049	16272469	488
1940049	9001725	492
1940049	15197186	507
1940049	6902933	534
1940049	7461174	539
1940049	7751409	544
1940049	21049304	592
1940049	16253106	592
1940049	18464147	609
1940049	14579476	614
1940049	19514975	615
1940049	7365144	619
1940049	14607762	634
1940049	7770986	661
1940049	18130744	681
1940049	18021634	693
1940049	18130746	700
1940049	19531567	707
1940049	19531571	723
1940049	18130598	727
1940049	18185281	744
1940049	49650310	757
1940049	13955186	766
1940049	19524316	824
1940049	7459221	903
1940049	18754874	940
1940049	9001729	968
1940049	18021636	1086
1940049	16210652	1115
1940049	19531582	1119
1940049	12916234	1167
1940049	13227229	1209
1940049	19588677	1390
1940049	15178444	1491
1940049	22337104	1736
1940049	14723315	1739
1940049	14579494	932
1940049	14579536	877
1940049	7816860	1026
1940049	17916549	724
1940049	35497190	1247
1940049	30241004	1641
1940049	35495295	1633
1940049	35495294	1503
1940049	13499757	804
1940049	33070146	1420
1940049	14579063	935
1940049	15394142	1424
1940049	15357084	2068
1940049	33070192	1213
1940049	18678271	1319
1940049	15357081	2141
1940049	15357077	2117
1940049	17950573	1292
1940049	35450538	1285
1940049	13683935	1251
7461174	1940049	259
7461174	17915296	281
7461174	20805410	288
7461174	9001725	305
7461174	15197179	397
7461174	19514897	403
7461174	6677293	404
7461174	21057006	407
7461174	41522043	461
7461174	15197181	461
7461174	16272469	504
7461174	17791429	517
7461174	16250137	558
7461174	15197186	586
7461174	14579493	612
7461174	18464147	625
7461174	14579494	629
7461174	19514975	631
7461174	19524316	649
7461174	21049304	671
7461174	18130744	697
7461174	18021634	709
7461174	18130746	716
7461174	19227136	722
7461174	19531567	723
7461174	7461171	725
7461174	19214639	734
7461174	19531571	739
7461174	18130598	743
7461174	18185281	760
7461174	6902930	762
7461174	18754874	765
7461174	7751408	773
7461174	13955186	782
7461174	6902933	857
7461174	7459221	919
7461174	14579476	937
7461174	13227225	942
7461174	7365144	942
7461174	14607762	957
7461174	7816860	986
7461174	18021636	1102
7461174	16210652	1131
7461174	19531582	1135
7461174	12916234	1183
7461174	30241004	1331
7461174	33070192	1399
7461174	19588677	1437
7461174	35497190	1451
7461174	22337104	1468
7461174	14579063	1488
7461174	15178444	1507
7461174	15357084	1562
7461174	14723315	1755
7461174	13499757	1805
7461174	17950573	1898
7461174	9001729	400
13227229	14579536	390
13227229	14579088	452
13227229	14579476	474
13227229	13227225	515
13227229	6902933	627
13227229	6902930	650
13227229	19214639	678
13227229	7751408	684
13227229	19227136	690
13227229	14607762	727
13227229	7816860	756
13227229	33070192	779
13227229	30241004	783
13227229	14579493	856
13227229	14579494	873
13227229	41522043	886
13227229	17791429	889
13227229	7365144	898
13227229	7461171	905
13227229	21057006	940
13227229	6677293	943
13227229	15197181	961
13227229	16250137	963
13227229	18021636	970
13227229	18021634	996
13227229	16210652	999
13227229	15357084	1014
13227229	49650310	1060
13227229	17915296	1067
13227229	35497190	1071
13227229	1940049	1089
13227229	16253106	1123
13227229	16272469	1190
13227229	7770986	1192
13227229	14579063	1192
13227229	16211076	1250
13227229	13955186	1260
13227229	15197179	1272
13227229	5983027	1277
13227229	5907297	1335
13227229	7459221	1397
13227229	9001729	1462
13227229	17950573	1513
13227229	9001725	1516
13227229	9001727	1543
13227229	15197186	1554
13227229	18754874	1573
13227229	7751409	1591
13227229	21049304	1639
13227229	12916234	1661
13227229	15178444	1679
13227229	13499757	1833
13227229	19588677	1884
13227229	22337104	2230
13227229	18130267	709
13227229	18752428	710
13227229	18752426	674
13227229	18464147	708
13227229	16253108	757
13227229	18130744	506
13227229	18130746	486
13227229	19531582	1031
13227229	17916549	1383
13227229	9001623	1426
13227229	35495295	2292
13227229	35495294	2162
13227229	33070146	2079
13227229	15394142	2083
13227229	33070460	2952
13227229	18678271	1750
13227229	14723315	1033
13227229	15357081	3252
13227229	15357077	3228
13227229	35450538	1820
13227229	13683935	3938
14607762	7816860	29
14607762	35497190	498
14607762	7365144	540
14607762	14579063	619
14607762	19227136	704
14607762	19214639	716
14607762	6902930	744
14607762	14579493	822
14607762	6902933	839
14607762	17791429	855
14607762	7461171	871
14607762	21057006	906
14607762	6677293	909
14607762	7751408	919
14607762	14579476	919
14607762	17950573	940
14607762	33070146	968
14607762	15394142	972
14607762	15197186	981
14607762	1940049	1055
14607762	21049304	1066
14607762	16253106	1097
14607762	7770986	1166
14607762	18021634	1198
14607762	13499757	1260
14607762	49650310	1262
14607762	13955186	1462
14607762	15197179	1474
14607762	9001725	1552
14607762	16210652	1620
14607762	9001729	1664
14607762	13227229	1714
14607762	12916234	1863
14607762	15178444	1996
14607762	14723315	2244
14607762	18754874	2453
14607762	19588677	2592
14607762	22337104	2623
14607762	16250137	489
14607762	18130267	953
14607762	18752428	954
14607762	18752426	918
14607762	14579088	1436
14607762	18464147	724
14607762	41522043	431
14607762	14579494	570
14607762	16253108	773
14607762	18021636	786
14607762	18130744	1192
14607762	18130746	1172
14607762	14579536	515
14607762	17915296	612
14607762	13227225	1431
14607762	20805410	713
14607762	16272469	737
14607762	16211076	988
14607762	15197181	529
14607762	7751409	895
14607762	17916549	608
14607762	7461174	957
14607762	7459221	1173
14607762	30241004	1525
14607762	35495295	1517
14607762	35495294	1387
14607762	15357084	1151
14607762	33070192	851
14607762	18678271	957
14607762	15357081	1224
14607762	15357077	1200
14607762	35450538	923
14607762	13683935	1949
9001725	7461174	48
9001725	1940049	307
9001725	17915296	329
9001725	20805410	336
9001725	16272469	342
9001725	15197179	445
9001725	19514897	451
9001725	6677293	452
9001725	21057006	455
9001725	18464147	463
9001725	19514975	469
9001725	41522043	509
9001725	18130744	535
9001725	18021634	547
9001725	18130746	554
9001725	19531567	561
9001725	19531571	577
9001725	18130598	581
9001725	18185281	598
9001725	16250137	606
9001725	13955186	620
9001725	14579494	677
9001725	19524316	697
9001725	21049304	719
9001725	7459221	757
9001725	19227136	770
9001725	19214639	782
9001725	6902930	810
9001725	18754874	813
9001725	6902933	905
9001725	18021636	940
9001725	16210652	969
9001725	19531582	973
9001725	14579476	985
9001725	13227225	990
9001725	12916234	1021
9001725	7816860	1034
9001725	19588677	1244
9001725	15178444	1345
9001725	30241004	1379
9001725	33070192	1447
9001725	35497190	1499
9001725	14579063	1536
9001725	22337104	1590
9001725	14723315	1593
9001725	15357084	1610
9001725	13499757	1853
9001725	17950573	1946
9001725	19524327	229
9001725	16253106	833
9001725	49650310	455
9001725	7770986	971
9001725	17791429	750
9001725	15197181	694
9001725	7751409	1296
9001725	15197186	1155
9001725	9001729	436
9001725	13227229	1516
9001725	14607762	1552
9001725	9001623	553
9001725	35495295	1750
9001725	35495294	1620
9001725	33070146	1537
9001725	15394142	1541
9001725	18678271	2153
9001725	15357081	2258
9001725	15357077	2234
9001725	13683935	1167
13710445	5983027	164
13710445	5907297	222
13710445	19514975	230
13710445	7459221	254
13710445	13955186	287
13710445	19531571	327
13710445	16253108	328
13710445	18185281	348
13710445	19531567	384
13710445	49650310	405
13710445	18752420	576
13710445	18021634	578
13710445	9001729	645
13710445	18754874	756
13710445	21057006	829
13710445	12916234	844
13710445	17915296	848
13710445	19227136	872
13710445	19214639	884
13710445	16210652	1000
13710445	19588677	1067
13710445	14579476	1087
13710445	15178444	1376
13710445	21049304	1386
13710445	22337104	1413
13710445	30241004	1481
13710445	33070192	1549
13710445	35497190	1601
13710445	14723315	1624
13710445	14579063	1638
13710445	15357084	1712
13710445	17950573	2048
13710445	13499757	2114
13710445	19531582	755
13710445	9001623	790
13710445	33070460	785
13710445	13683935	1829
7365144	19227136	268
7365144	19214639	280
7365144	6902930	308
7365144	14579493	386
7365144	14579494	403
7365144	6902933	403
7365144	41522043	416
7365144	17791429	419
7365144	7461171	435
7365144	21057006	470
7365144	6677293	473
7365144	7751408	483
7365144	14579476	483
7365144	16250137	493
7365144	14607762	503
7365144	7816860	532
7365144	17915296	597
7365144	1940049	619
7365144	16253106	661
7365144	13227225	716
7365144	7770986	730
7365144	18021634	762
7365144	49650310	826
7365144	15197186	847
7365144	30241004	877
7365144	21049304	932
7365144	13955186	1026
7365144	15197179	1038
7365144	17950573	1060
7365144	15357084	1108
7365144	33070192	1109
7365144	13499757	1126
7365144	16210652	1184
7365144	9001729	1228
7365144	13227229	1278
7365144	18754874	1339
7365144	12916234	1427
7365144	15178444	1560
7365144	19588677	1650
7365144	14723315	1808
7365144	33070146	1873
7365144	15394142	1877
7365144	35497190	1960
7365144	22337104	1996
7365144	14579063	2152
7365144	18130267	938
7365144	18752428	939
7365144	18752426	903
7365144	14579088	1421
7365144	18464147	709
7365144	16253108	758
7365144	18021636	771
7365144	18130744	1177
7365144	18130746	1157
7365144	14579536	686
7365144	20805410	698
7365144	16272469	722
7365144	16211076	973
7365144	15197181	514
7365144	7751409	502
7365144	17916549	215
7365144	7461174	942
7365144	7459221	1158
7365144	35495295	1118
7365144	35495294	988
7365144	18678271	1521
7365144	15357081	1626
7365144	15357077	1602
7365144	35450538	1094
7365144	13683935	2157
