NEW
19514897
3
16272469
294
15197179
479
16250137
854
NEW
16250137
4
14579493
144
18752426
265
21057006
292
15197179
698
NEW
18130267
-1
NEW
18752428
0
NEW
18752426
8
16253106
57
18021634
158
16272469
352
13955186
422
15197179
434
14579493
573
21057006
721
16250137
744
NEW
15197179
8
19514897
100
16272469
201
14579493
215
16253106
305
21057006
363
16250137
386
18021634
406
13955186
479
NEW
16272469
8
16253106
104
19514897
129
15197179
201
18021634
205
13955186
294
14579493
392
21057006
472
16250137
563
NEW
16211076
-1
NEW
16253106
7
16211076
127
15197179
277
19514897
377
14579493
416
16210652
523
21057006
564
16250137
587
NEW
14579493
8
21057006
800
18021634
811
16210652
814
16250137
823
16253106
938
16272469
1005
13955186
1075
15197179
1087
NEW
21057006
5
16250137
151
14579493
204
15197179
529
19514897
535
16272469
636
NEW
18021634
4
13955186
750
15197179
762
16210652
843
16250137
1072
NEW
13955186
7
16253106
197
16272469
264
18021634
298
15197179
346
14579493
485
21057006
633
16250137
656
NEW
16210652
3
13955186
665
15197179
677
16250137
987
NEW
14579476
5
14579493
381
21057006
465
16250137
488
18752426
600
15197179
1033
