NEW
19514897
15
16272469
294
0.9811003440597661
15197179
479
0.6216847201047643
6677293
747
0.971183915047021
17915296
769
0.6730110626495427
19227136
793
0.9699952761698457
19214639
805
0.4923583968337204
6902930
833
0.9547470744399056
6902933
928
0.3571169310547955
1964777
2490
0.11454194727766898
15176721
2857
0.6980855587349268
6847951
2968
0.16105095684973214
7757964
3104
0.05564609179799174
18151385
3446
0.32781603042838026
1903418
3692
0.6875935391524606
19215921
4393
0.2511898827085657
NEW
16250137
40
14579493
144
0.7094118570213256
14579494
161
0.5382503793405893
41522043
238
0.4906089868164907
17791429
241
0.950397954780435
19227136
254
0.8147697254238155
7461171
257
0.614395591002616
18752426
265
0.6427006834394795
19214639
266
0.6921000424810131
6902930
294
0.25699413602943244
6677293
295
0.2509436389054819
7751408
305
0.8752260059059213
15197181
313
0.26236420994547205
6902933
389
0.21364405894669947
17915296
419
0.3759808713172519
1940049
441
0.8825448369353018
13227225
474
0.3626329886300401
7365144
474
0.2706488146394068
14607762
489
0.45682087617343636
7816860
518
0.8038607997568326
20805410
649
0.6541181692100628
48865594
677
0.1721645865015422
15197186
947
0.8053995338828512
15176721
2318
0.5384947362789086
19906425
2349
0.8990022726996503
1964777
2413
0.559823363189921
6847951
2429
0.6140977071155785
7757964
2565
0.6510905118556061
15603181
2762
0.2715970983736865
31709836
2878
0.6478157919250294
11220384
2888
0.9889901560484426
18151385
2907
0.41719891537818243
18769839
3026
0.7768678521869696
9009951
3053
0.02731987699843985
1903418
3153
0.6899013904136063
37062574
3384
0.5098804687609392
14858769
3517
0.9842393057774247
32170732
3578
0.6971078739657621
32870675
3814
0.6352827943237243
16136122
3827
0.9344131100059805
19215921
3854
0.9613576267642314
NEW
18130267
-1
NEW
18752428
0
NEW
18752426
10
16253106
57
0.9767339753469999
7770986
126
0.48480726758176496
18130744
146
0.080886624571462
18130746
165
0.3754903251919749
13227229
674
0.17452556240953865
18752420
872
0.7737114092049632
1964777
2149
0.1834102249656563
16136122
3563
0.2195034980417354
11220384
3838
0.7546714462145668
19215921
5232
0.14029730421822784
NEW
18130598
-1
NEW
14579088
9
13227225
195
0.04985576877447495
18021636
650
0.5148642321417478
13227229
750
0.276020432571509
22337371
1150
0.16163909462333226
1964777
2351
0.6575038996800461
11220384
4065
0.6458733226049392
16136122
4081
0.5597740758726618
19215921
5459
0.19242248302997578
32870675
5735
0.0976555186691046
NEW
18464147
51
16253106
91
0.6873414503596948
16272469
137
0.3840779654194455
7770986
160
0.3879777453131309
18130744
180
0.39621738233547843
18130746
199
0.20217984866206895
15197179
240
0.5005856740525617
19531567
248
0.7849499983378526
19531571
264
0.9374645268582219
18185281
285
0.5058841703742174
14579493
379
0.9213904851083685
41522043
473
0.9116830689657304
17791429
476
0.5746284131586967
19227136
489
0.3216480134859875
7461171
492
0.2342897561525067
19214639
501
0.9052763843076967
9001729
509
0.023655006958806735
6902930
529
0.08285075927454244
6677293
530
0.17016737765295908
7751408
540
0.523406420004496
16250137
550
0.8054217151995444
6902933
624
0.8789216845361262
17915296
654
0.7683501241612177
1940049
676
0.7563882940240306
13227229
708
0.8268981346849729
7365144
709
0.18609030600766052
14607762
724
0.26411374486974304
20805410
779
0.9685845481110421
18752420
906
0.6731803072873636
48865594
912
0.07629128849944455
15197186
1077
0.257085368181903
36136934
1363
0.6281517710795641
15431724
1400
0.8200238984621151
19591127
1466
0.5554985992968229
19591126
1755
0.810108696149801
1964777
2183
0.7202486563816859
15603181
2220
0.27044675324621725
9009951
2511
0.04702349309261
15176721
2553
0.875208895311505
19906425
2584
0.8812111869046083
6847951
2664
0.5691666645315493
7757964
2800
0.805816689985275
18769839
2907
0.8466147376677918
18151385
3142
0.13983395910200402
37062574
3265
0.7550857334002408
1903418
3388
0.2265741697975242
14858769
3752
0.10036532149485289
32170732
3813
0.9067796764368786
11220384
3872
0.5747275166140459
32870675
4049
0.5914536254678661
19215921
4089
0.09584926042237074
16136122
4384
0.5142708285445525
NEW
41522043
36
6677293
57
0.19847910460829654
16250137
97
0.7924658545264537
17791429
99
0.9866948703613726
14579493
150
0.17560158225410705
17915296
181
0.7566848958619483
19227136
196
0.9591140982322787
7461171
199
0.7167494302515944
1940049
203
0.7076391752630719
19214639
208
0.24408481250749514
6902930
236
0.7236111206534052
7751408
247
0.2614568158296978
6902933
331
0.7393687770228468
20805410
411
0.7287844894095686
7365144
416
0.0640126632277449
14607762
431
0.015762069814263313
15197179
583
0.4156667713086255
19514897
589
0.34589065084140425
48865594
619
0.2798628951434877
9001725
694
0.326743187804741
15197186
709
0.7978716202550497
15176721
2260
0.2561398559986475
19906425
2291
0.6754556013591178
6847951
2371
0.8224890384686682
7757964
2507
0.26135337690783256
15603181
2704
0.6062944923228283
31709836
2820
0.9525730949640016
11220384
2830
0.4983141428310124
18151385
2849
0.19516624786244552
18769839
2968
0.5407748785496036
9009951
2995
0.14757164423991131
1903418
3095
0.4872203035367203
37062574
3326
0.22000134277574002
14858769
3459
0.4829418592471114
32170732
3520
0.1869409795874425
32870675
3756
0.06358610726804204
19215921
3796
0.9580390473578501
NEW
14579494
33
14579536
199
0.22963943529781128
14579088
250
0.7809729727783042
13227225
313
0.707385082225063
6902933
470
0.11193436233897769
6902930
493
0.8840524210529419
19214639
521
0.4269319634708114
7751408
527
0.9908040277964656
19227136
533
0.24004984583007793
14607762
570
0.28962938681621164
14579493
699
0.7511276525756546
48865594
726
0.6399529720196596
41522043
729
0.1511853366143886
17791429
732
0.4217663988053211
7365144
741
0.2835488729172868
7461171
748
0.3714289783816591
18021636
768
0.2844348796084264
6677293
786
0.14414233759872175
16250137
806
0.029224583435396356
13227229
868
0.006815799002745426
17915296
910
0.7884349440623883
1940049
932
0.84304227753316
22337371
1268
0.8772361304343271
7757964
2281
0.9277722573378093
1964777
2469
0.26915103549050023
15176721
2616
0.7157000385577488
6847951
2727
0.9713125804472803
11220384
2769
0.15018190074296178
18151385
3205
0.33648161738992566
18769839
3324
0.9076370373641639
1903418
3451
0.6551988584448409
19215921
4163
0.16790749929078574
16136122
4199
0.14734227598715222
32870675
4439
0.269169283991045
NEW
19514975
13
19531571
105
0.5014944478779922
18185281
126
0.24501365516394769
19531567
154
0.11652481019494287
5983027
168
0.23270019263076058
16253108
192
0.23441743761955802
5907297
226
0.01989161530773509
9001729
415
0.8465097310077299
18752420
610
0.20011184899624557
36136934
1269
0.06495764098137069
15431724
1306
0.12553993478930192
19591127
1372
0.11354235228475418
19591126
1661
0.8735127381310225
1964777
2105
0.0711393403238848
NEW
16253108
23
18464147
67
0.02732628715744223
49650310
77
0.4396667484190129
19531567
218
0.16279538794354853
19531571
234
0.7766225334214482
18185281
255
0.4328742754174508
15197179
289
0.3790433518771469
9001729
479
0.6599025524886595
19227136
538
0.0076292587351146635
19214639
550
0.43829097053040666
6902930
578
0.15175994631677536
6902933
673
0.18239596664475166
36136934
1333
0.441189475639606
15431724
1370
0.04077044607491542
19591127
1436
0.669477734089268
19591126
1725
0.557867067223391
1964777
2232
0.9969585658123152
15176721
2602
0.769678678697265
6847951
2713
0.3146376264985844
7757964
2849
0.6459239327622665
18151385
3191
0.37036635476306246
1903418
3437
0.9665464104671881
19215921
4138
0.05858397078064703
16136122
4354
0.575934967542608
NEW
18021636
2
18752420
740
0.5566159109857264
1964777
2017
0.6789658367106344
NEW
18130744
10
18130746
19
0.6338468974505731
18021636
406
0.3164040131631617
13227229
506
0.17305722298779436
22337371
906
0.22420795699378115
18752420
1146
0.5119557856816149
1964777
2107
0.9857977409162177
11220384
3821
0.7517196087683796
16136122
3837
0.22544761919003697
19215921
5215
0.38054059066531665
32870675
5491
0.7648412012008259
NEW
19227136
40
19214639
11
0.9442938316929822
6902930
40
0.3268033675262658
6902933
135
0.6621095761379843
14579493
166
0.8767425339717757
14579494
183
0.7586133464852896
7751408
192
0.8529697563211797
41522043
196
0.3717752962518093
17791429
199
0.8645034939926538
7461171
215
0.5286910331008504
14607762
235
0.3950401859490287
6677293
253
0.27233343226079687
7816860
264
0.3134175584548903
7365144
268
0.30962666653505433
15197181
271
0.6761881242516975
16250137
273
0.8524817283145392
17915296
377
0.24205270740022133
18752426
385
0.7842072832419644
1940049
399
0.0791955833214335
48865594
423
0.12759924894284702
13227225
496
0.6164612758240097
20805410
607
0.5697809223647685
15197186
905
0.9023875142965698
15176721
2112
0.6423888578213693
19906425
2143
0.8300547640564785
6847951
2223
0.021991722129917957
7757964
2359
0.7513512391000841
1964777
2533
0.34081893819065423
15603181
2556
0.5355265192681863
11220384
2634
0.24622257335501685
31709836
2672
0.4708906661673198
18151385
2701
0.16118262855644983
18769839
2820
0.9154006299923624
9009951
2847
0.048098789233989137
1903418
2947
0.6749844364455522
37062574
3178
0.31272625958533673
14858769
3311
0.334230968981445
32170732
3324
0.9811646146534013
32870675
3608
0.24208898198994622
16136122
3947
0.19518110365980101
19215921
4028
0.3281690195358766
NEW
19214639
41
19227136
11
0.48285181290079615
6902930
29
0.10894606008426722
6902933
123
0.8336654029809297
14579493
178
0.056565132031770826
7751408
180
0.32911756756911603
14579494
195
0.3181259839739573
41522043
208
0.5188067614922467
17791429
211
0.6654624836202959
14607762
223
0.28363679258385344
7461171
227
0.552857366113287
7816860
252
0.06556735696586036
6677293
265
0.49428905639382426
7365144
280
0.8691913853605638
15197181
283
0.32726479093642435
16250137
285
0.7341374530512103
14579536
289
0.6947475913926074
17915296
389
0.6469075964652193
18752426
397
0.590956130262257
1940049
411
0.39239574108850694
48865594
411
0.6248491018467565
13227225
508
0.25324924554311556
20805410
619
0.7539711459300028
15197186
917
0.9418172537661118
15176721
2124
0.3312310512268468
19906425
2155
0.7151838305810402
6847951
2235
0.041424125956668
7757964
2371
0.37734306831732956
1964777
2545
0.539345974954491
15603181
2568
0.24069481451700359
11220384
2622
0.6467428007922599
31709836
2684
0.10660841642507668
18151385
2713
0.833802503385184
18769839
2832
0.7648226690904086
9009951
2859
0.3682264567403285
1903418
2959
0.31505866125108317
37062574
3190
0.13008519436764787
32170732
3312
0.020673873686062882
14858769
3323
0.2857168271181597
32870675
3620
0.23086568041343591
16136122
3959
0.11407556966109345
19215921
4016
0.8003457453371461
NEW
18130746
9
18021636
386
0.5624945528401328
13227229
486
0.11718962813385458
22337371
886
0.05724154384177016
18752420
1126
0.3724719748237003
1964777
2087
0.642086039452657
11220384
3801
0.6992141961697903
16136122
3817
0.30305828712823635
19215921
5195
0.7311026243119276
32870675
5471
0.9504838109164593
NEW
19531567
15
19531571
16
0.519516084937533
18185281
37
0.7641682843302529
5907297
137
0.4648888871969318
19514975
196
0.7113557202256372
5983027
270
0.40771232749070174
16253108
294
0.9699841462509405
49650310
371
0.5560518742079716
13710445
387
0.6351371875933748
9001729
611
0.8489618433019388
18752420
712
0.5608828092065061
36136934
1465
0.3453716010624185
15431724
1502
0.05247189928138152
19591127
1568
0.5407805235345581
19591126
1857
0.6378350616455817
1964777
2207
0.23244099690739173
NEW
19531571
15
18185281
21
0.5282860908904345
5907297
120
0.8387617878481248
19514975
179
0.045259789645235804
5983027
253
0.4196866574959225
16253108
277
0.11485247438234203
19531567
333
0.10917757530973682
49650310
354
0.49008748829817095
13710445
370
0.15416668957684998
9001729
594
0.18051951507180053
18752420
695
0.23006734891958902
36136934
1448
0.38146300992963156
15431724
1485
0.4729134276080793
19591127
1551
0.18535249259462983
19591126
1840
0.6123055900586485
1964777
2190
0.41321284016409876
NEW
18185281
15
5907297
99
0.4155964066369654
19514975
158
0.8657531579152395
5983027
232
0.14827115270588132
19531571
255
0.2051473047927984
16253108
256
0.032539416581713776
19531567
312
0.037194633065843474
49650310
333
0.43812455873852807
13710445
349
0.769463744330305
9001729
573
0.2866326123277312
18752420
674
0.6275292200475672
36136934
1427
0.49233209834115066
15431724
1464
0.17496176130731556
19591127
1530
0.12443883560398705
19591126
1819
0.6128963675648312
1964777
2169
0.8639584088040996
NEW
21049304
44
15197186
123
0.544477011994344
7751409
160
0.5748010433116799
7365144
454
0.2440787222066434
19227136
612
0.8253823239117271
19214639
624
0.43988539626558476
6902930
652
0.7225156735907913
14579493
730
0.3232248914480791
14579494
747
0.771473052414535
6902933
747
0.7642248072865512
41522043
760
0.8001440809644108
17791429
763
0.3191768538119719
7461171
779
0.5048970501949624
6677293
817
0.541926642928205
7751408
827
0.44279277254700355
15197181
835
0.7942112641694169
16250137
837
0.4391083595227331
14607762
847
0.32584523046590474
7816860
876
0.35870044103550647
17915296
941
0.9558235686836208
18752426
949
0.04070862250239293
1940049
963
0.5237178059289707
48865594
1035
0.28272763927111355
13227225
1060
0.14425468063437863
20805410
1171
0.02524473733269439
9001725
1248
0.6368836102512747
15176721
2298
0.10035285402415939
19906425
2329
0.7197795911142271
6847951
2409
0.9191461939348651
7757964
2545
0.260535870367795
15603181
2742
0.4565368623262861
31709836
2858
0.12334845407694017
18151385
2887
0.6053859699115367
18769839
3006
0.7074754759494946
9009951
3033
0.9968242808508645
1964777
3097
0.8499900555843835
1903418
3133
0.3815820351465604
33299727
3307
0.2862807419237705
37062574
3364
0.6273099191404384
14858769
3497
0.6964588627279722
32870675
3794
0.8766394539273421
19215921
3834
0.5900029288250408
11220384
4073
0.8256046426433004
16136122
4511
0.9229263531081037
32170732
4763
0.8956657723645292
NEW
19531582
39
19524316
226
0.6329423263714079
9001729
231
0.08669378767197478
9001725
285
0.9030880013688733
16272469
308
0.8927748957035129
9001727
312
0.3107552716140459
18464147
323
0.04558867627298124
19531567
421
0.42787777419931317
19531571
437
0.3075281124553745
18185281
458
0.45308756258516847
19227136
807
0.6829296466926612
19214639
819
0.07505190179843035
6902930
847
0.44314304514508407
6902933
942
0.688125265450143
36136934
1085
0.29020682740557835
15431724
1122
0.9602241398442508
19591127
1188
0.9132347532886691
19591126
1477
0.44489880996475306
32179802
1504
0.5480229077609261
31709836
1588
0.7445054581871443
18752420
1881
0.9387353603643145
15176721
2119
0.6818723275902844
15603181
2250
0.15382962133813693
9009951
2541
0.9897205559853126
33299727
2743
0.9377721648486157
19906425
2787
0.34929460750871166
18769839
2937
0.9248276766725562
14125616
2954
0.8242449370593289
1964777
2957
0.9186661711104244
7757964
3118
0.1679839572516444
37062574
3295
0.19722765435408796
22337371
3319
0.41082566916573804
6847951
3341
0.15984651303823938
18151385
3819
0.03866445133799956
1903418
4065
0.6448271780347182
16136122
4106
0.8923197792405736
32170732
4131
0.5403584956011224
14858769
4429
0.28366633786930107
32870675
4726
0.34786763841869883
19215921
4766
0.33210464079705637
NEW
14579536
31
14579088
206
0.6707764654038875
13227225
269
0.9667483322255593
6902933
415
0.05739109918924079
6902930
438
0.6629844958626205
19214639
466
0.6667144902649226
7751408
472
0.7369957681642546
19227136
478
0.12082644078018623
14607762
515
0.811738091038823
14579493
644
0.005761873430643161
48865594
671
0.9991926277794917
41522043
674
0.46129127537238135
17791429
677
0.9760224477196333
7365144
686
0.4135522904889225
18021636
724
0.7257619522878654
6677293
731
0.33610378226713555
16250137
751
0.4961681924996605
13227229
824
0.13580892907539655
17915296
855
0.89431364962944
1940049
877
0.33925700761313804
22337371
1224
0.886472138704554
7757964
2226
0.2705900654188501
1964777
2425
0.3600344065514969
15176721
2561
0.2581152899782877
6847951
2672
0.3689132318043603
11220384
2714
0.05859333570276293
18151385
3150
0.9535997622609156
18769839
3269
0.9463509807719148
1903418
3396
0.686787879674751
19215921
4108
0.15925860532179725
16136122
4155
0.7329832439754443
32870675
4384
0.3331468289256603
NEW
17915296
57
1940049
22
0.06658194589592958
6677293
124
0.976542962808523
41522043
181
0.6114836048151874
15197181
181
0.052947497904694885
20805410
231
0.9434655652343638
17791429
237
0.04062404686940768
16250137
278
0.0344856016165167
14579493
331
0.950551711469516
19227136
377
0.46911877975398475
7461171
380
0.3004205486697147
19214639
389
0.9839156677755915
15197179
403
0.893093782287691
19514897
409
0.8801651292099025
6902930
417
0.9367013917502649
7751408
428
0.3520490687658987
16272469
510
0.9034716569520809
6902933
512
0.5213112606396674
9001725
514
0.9666885834077262
15197186
529
0.645270211965499
7461174
561
0.6190359664300827
7751409
566
0.6893608310884434
7365144
597
0.4784406102337645
14607762
612
0.05358315000866376
21049304
614
0.4748629141040105
16253106
614
0.4925910006269353
18464147
631
0.8069369291529388
7770986
683
0.15311507235144128
18130744
703
0.812690824883613
18130746
722
0.6045506635234941
19531567
729
0.343666290568018
19531571
745
0.8965500690824983
18185281
766
0.3246090221275344
48865594
800
0.13215926176008097
19524316
846
0.9576547510037232
19524327
865
0.0903765203411464
9001729
990
0.8548445796040087
13227229
1231
0.815055936320322
36136934
1844
0.19825208194169164
15431724
1881
0.25802643181474916
19591127
1947
0.6035009599286051
15603181
1955
0.42646851364094374
19591126
2236
0.5486278593607232
9009951
2246
0.6444302874857298
15176721
2441
0.20285997623403118
19906425
2472
0.5554426473807885
6847951
2552
0.0038114059823869395
7757964
2688
0.13020656978761436
11220384
3011
0.9698664797769463
18151385
3030
0.916091297765281
18769839
3149
0.15824295537284283
1903418
3276
0.9926501105403099
37062574
3507
0.8776730122171861
14858769
3640
0.9515955395572845
32170732
3701
0.8051853790476617
32870675
3937
0.775879075560009
19215921
3977
0.4346294121192297
16136122
4865
0.7790073739263457
NEW
13227225
9
18021636
645
0.7739796938113561
13227229
745
0.013945221167254274
22337371
1145
0.7108602543415745
18752420
1385
0.45547628253246064
1964777
2346
0.3610093979295588
11220384
4060
0.1884079396917948
16136122
4076
0.21058056646092282
19215921
5454
0.13734072377545647
32870675
5730
0.24637210726261938
NEW
7816860
21
48865594
163
0.09581758144278485
19227136
675
0.15255850660252857
19214639
687
0.9505969990493122
6902930
715
0.2306396516037038
6902933
810
0.7507489137798098
15176721
2053
0.9916411715042281
6847951
2164
0.2945774092093516
7757964
2300
0.47472041771451545
36136934
2407
0.05647066843075765
15603181
2497
0.6910174754108682
31709836
2613
0.8602404032449564
18151385
2642
0.1807206763677145
15431724
2717
0.7380332175565492
18769839
2761
0.3379002931931413
19591127
2783
0.8602957638165638
9009951
2788
0.812834622964916
11220384
2789
0.45150052702795773
1903418
2888
0.1845671557825197
19591126
3100
0.8404577033574403
19215921
3589
0.024675239351724443
16136122
5701
0.5582490726998991
NEW
18752420
9
13710445
39
0.09220747932685347
18021636
822
0.9694398628985413
32179802
1601
0.43309120430225656
1964777
1867
0.7847007676848566
19591126
1878
0.6567810698240723
22337371
2229
0.8898755589106551
33299727
2840
0.2583979881207279
14125616
3051
0.8755528163263243
11220384
5112
0.004101749017561218
NEW
20805410
28
1940049
80
0.0531678322541429
17915296
102
0.6370837691918059
6677293
225
0.39251253367997585
41522043
282
0.35561635844369377
15197181
282
0.9583435054170182
17791429
338
0.1054338011742626
16250137
379
0.010740531301331235
15197179
435
0.9868583172149369
19514897
441
0.8683061275077436
19227136
478
0.3511495491124299
19214639
490
0.02165071967103238
6902930
518
0.12731231208740057
16272469
542
0.38645289083383905
9001725
546
0.8349222547113944
15197186
561
0.26341165576696113
6902933
613
0.6834341651227458
19524316
878
0.7424409045853251
15603181
1987
0.29505229060594895
9009951
2278
0.36943769716900965
15176721
2542
0.40582851279345367
6847951
2653
0.7579585654496753
1964777
2738
0.46558971416122596
7757964
2789
0.050355680383489365
11220384
3112
0.2670939137850876
18151385
3131
0.24167796329607505
18769839
3250
0.5621034224309861
1903418
3377
0.10637586591123083
19215921
4078
0.3686035996701721
NEW
19524327
30
9001725
229
0.9971347792185289
19524316
561
0.2190695643266426
9001729
756
0.004693373333344852
9001727
837
0.6524970297113595
19531582
907
0.7181023026674835
15431724
1413
0.5990022380490816
36136934
1435
0.15049014521854753
19591127
1479
0.059416210069545894
15176721
1752
0.7930963568548346
19591126
1768
0.3358328093478343
32179802
1795
0.43030338081410346
15603181
1883
0.5430276633552291
31709836
1999
0.44396873273855775
9009951
2174
0.8236767304658109
19906425
2420
0.21297182117026914
33299727
2448
0.5291292054194868
18769839
2570
0.6831164035414153
37062574
2952
0.11700944457459839
6847951
2974
0.7560660230481799
14125616
3245
0.9901485590986466
1964777
3248
0.2896546038108827
18151385
3452
0.3694060645238423
7757964
3587
0.8846548711325258
1903418
3698
0.2950983540074882
14858769
4062
0.3769719319383207
11220384
4305
0.30538225785925566
32870675
4359
0.8844550217773647
16136122
4397
0.3905600171812158
19215921
4399
0.15240603080692816
32170732
5805
0.6935060927026706
NEW
19524316
19
19524327
19
0.7828560399126584
9001729
775
0.6700270192627892
15431724
1432
0.15434858138833796
36136934
1454
0.1688344085829211
19591127
1498
0.5790087483018294
15176721
1771
0.09694539838002181
19591126
1787
0.5929088599998404
15603181
1902
0.03885904108299776
31709836
2018
0.528109975339844
9009951
2193
0.7610477054548476
18769839
2589
0.4173354698298043
6847951
2993
0.8995316745171594
1964777
3267
0.28521203350555313
18151385
3471
0.06808405502268566
7757964
3606
0.3867155247961219
1903418
3717
0.9865687789810746
11220384
4324
0.5703305857858431
16136122
4416
0.1898118826953462
19215921
4418
0.7300419826118575
NEW
15197179
63
19514897
100
0.19212085639479848
16272469
201
0.029319912860957142
14579493
215
0.2341135740195126
14579494
232
0.9475591197918248
16253106
305
0.5880227914603943
41522043
309
0.13392996467897522
17791429
312
0.8343696062632117
18464147
322
0.9273670246326967
19227136
325
0.11422564007386349
7461171
328
0.28965454902037324
19214639
337
0.5027218057155767
6902930
365
0.8295860260481756
6677293
366
0.814642007455733
7770986
374
0.8014260370746341
7751408
376
0.14361971884051739
17915296
384
0.1249525772488903
15197181
384
0.6325209367818277
16250137
386
0.9849063995133311
18130744
394
0.5820506760073129
1940049
406
0.7655380517288068
18130746
413
0.3136001466093091
19531567
420
0.50507032548951
19531571
436
0.8251121134258494
18185281
457
0.7123525557628807
6902933
460
0.4076672471933027
20805410
539
0.9739712819392233
13227225
545
0.046092277876202625
7365144
545
0.9479158159252874
9001725
556
0.7077932979698033
14607762
560
0.9460268037983154
7816860
589
0.9569834043065505
7461174
603
0.6614481756373747
9001729
681
0.721385943168491
48865594
748
0.7118541285028487
15197186
837
0.3183593217405122
7751409
874
0.5101539896358359
19524316
900
0.928341326598784
19524327
919
0.7106334822693432
13227229
922
0.8248071038768083
21049304
922
0.7321412181245364
36136934
1535
0.6489571395653986
15431724
1572
0.9561708513143967
19591127
1638
0.4996103886236025
19591126
1927
0.4148403079884251
15603181
1980
0.3179023204241819
31709836
2096
0.603277595680104
9009951
2271
0.03413952602313741
15176721
2389
0.40735639600809537
1964777
2397
0.8404209083920954
19906425
2420
0.6687798926123352
6847951
2500
0.21541183457177426
33299727
2545
0.20600906453071144
7757964
2636
0.49308118909761844
18769839
2667
0.9654158811271808
11220384
2959
0.6995428789426676
18151385
2978
0.6393839046724802
37062574
3049
0.5237636194707322
1903418
3224
0.5070740394151552
14858769
3588
0.9093173342125487
32170732
3649
0.3325407558088347
32870675
3885
0.20421382836090773
19215921
3925
2.711676488338366E-4
16136122
4556
0.760866507345466
NEW
16272469
52
16253106
104
0.7395937987813448
19514897
129
0.5933702418359872
18464147
137
0.5494644269377269
7770986
173
0.25744621898235254
18130744
193
0.9996987435197162
15197179
201
0.6808079244256345
18130746
212
0.3727363395914012
19531567
235
0.727567858665018
19531571
251
0.9935529594046332
18185281
272
0.8970240100600403
14579493
392
0.1495875561473774
6677293
469
0.6302422014115371
41522043
486
0.7558344907001917
17791429
489
0.2009218789263536
17915296
491
0.6040172907187992
9001729
496
0.40185408107402765
19227136
502
0.833576314228292
7461171
505
0.08473486342145631
1940049
513
0.06376669100189825
19214639
514
0.7771933355218937
6902930
542
0.27129250000792815
7751408
553
0.8727628320937632
16250137
563
0.030545670225847865
6902933
637
0.38142571617095344
20805410
646
0.650743261950291
13227229
721
0.6326774586130445
7365144
722
0.2462590046369817
14607762
737
0.16029475257053316
48865594
925
0.0165461454790099
15197186
944
0.8667853317636255
36136934
1350
0.34669306000646605
15431724
1387
0.3926038188175369
19591127
1453
0.5784108368371891
19591126
1742
0.9055205438856869
15603181
2087
0.9568194600656788
1964777
2196
0.6120353276690943
31709836
2203
0.7965957865874663
9009951
2378
0.5865714992079168
15176721
2566
8.175855031381518E-4
19906425
2624
0.7546214678038368
6847951
2677
0.829254497489684
18769839
2774
0.3704286815877178
7757964
2813
0.07511302562537847
18151385
3155
0.24368946633486188
37062574
3156
0.3486602889364009
1903418
3401
0.5167745150754599
14858769
3765
0.9641743387183764
32170732
3826
0.5258611413820581
11220384
3885
0.41786818755009003
32870675
4062
0.3260173693893681
19215921
4102
0.7665060691738701
16136122
4371
0.7796953676684356
NEW
16211076
0
NEW
16253106
44
7770986
69
0.4601932584496051
18130744
89
0.7364060603616859
18130746
108
0.6422207870779356
15197179
277
0.13281912251136807
19514897
377
0.3509546343565675
14579493
416
0.7595432847593357
18021636
494
0.8937686728310181
41522043
510
0.7439009159616266
17791429
513
0.31425524005318906
19227136
526
0.3357493345291023
7461171
529
0.9478484796712755
19214639
538
0.5325782811951141
6902930
566
0.6171371980009244
6677293
567
0.19561050181731887
7751408
577
0.8192185260030981
16250137
587
0.17345856488080402
13227229
617
0.019273180265532375
6902933
661
0.22517890409630348
17915296
661
0.8060723065154167
1940049
683
0.20957034659857254
7365144
746
0.5584247210825508
14607762
761
0.6496740847546092
20805410
816
0.491838220442709
9001725
833
0.7861503287764657
48865594
949
0.53021821842057
22337371
994
0.07416838541891013
15197186
1114
0.6097083913996882
1964777
2195
0.5574088747676149
15603181
2257
0.4553601775252447
31709836
2373
0.049622301827351945
9009951
2548
0.9638967913458248
15176721
2590
0.7769242080113512
19906425
2621
0.41823326240491077
6847951
2701
0.3687674757505953
7757964
2837
0.39557219433247426
18769839
2944
0.44657452382531637
18151385
3179
0.40788498053142486
37062574
3302
0.7387187821581844
1903418
3425
0.7316069780616137
11220384
3781
0.6694233938258715
14858769
3789
0.19574158499715644
32170732
4623
0.8258294331651319
19215921
5175
0.7607277327841077
32870675
5451
0.028733387981479286
NEW
14579493
11
14579494
17
0.8439495319736502
13227225
330
0.9231856283828616
6902933
487
0.5443493538903911
6902930
510
0.8982891847524003
19214639
538
0.1540674720068257
19227136
550
0.6522703480642646
13227229
885
0.7883193561859857
7757964
2298
0.0784700245838379
1964777
2486
0.23790198505665028
11220384
2786
0.1777089787409315
19215921
4180
0.5769945526761763
NEW
49650310
38
19514975
48
0.04801931027449047
16272469
129
0.9206005084785371
19531567
140
0.3876412397971172
18464147
142
0.5025173777608261
19531571
156
0.4232161863162365
18185281
177
0.8706856609887568
15197179
314
0.372148247713911
19524316
396
0.10985498753837875
9001729
401
0.9241626011931412
9001725
455
0.19253437769666548
9001727
482
0.31829465639206234
19531582
552
0.6221086330656914
6677293
582
0.2621566916068736
17915296
604
0.7138772032546478
1940049
626
0.6327301439292482
19227136
628
0.11079719259153342
19214639
640
0.882631188306116
6902930
668
0.3542117816078658
6902933
763
0.7014264458483181
36136934
1255
0.6322632767732792
15431724
1292
0.42489352730828855
19591127
1358
0.7695960815916488
19591126
1647
0.20100880619223438
32179802
1674
0.36404592222729415
31709836
1758
0.09291189156875845
1964777
2153
0.9351065138588713
15603181
2200
0.2872745930550361
9009951
2491
0.44400923725039376
15176721
2692
0.8706495645581204
6847951
2803
0.448316881060991
18769839
2887
0.3038732830240207
33299727
2913
0.040211593293018155
7757964
2939
0.6609575417580488
14125616
3124
0.11547389918619078
18151385
3281
0.8777558131368836
1903418
3527
0.16094530518297112
19215921
4228
0.9787930340363794
16136122
4276
0.8166159047376834
NEW
7770986
11
18130744
19
0.39788371891964314
18130746
38
0.8520720035754756
18021636
425
0.787539889357767
13227229
525
0.7367011444451687
22337371
925
0.9098214004131162
18752420
1165
0.7227243279606373
1964777
2126
0.4314640148683895
11220384
3840
0.7968828772098882
16136122
3856
0.40121736094550475
19215921
5234
0.19063972565950238
32870675
5510
0.38784513325915015
NEW
17791429
16
15197181
72
0.5233883754307823
6677293
113
0.30181374647546144
41522043
154
0.4448376127300403
17915296
237
0.7390842845548209
16250137
251
0.6510294189724865
1940049
259
0.7765055626257014
19227136
350
0.8860463703404498
19214639
362
0.8480933440152981
6902930
390
0.47419221025144154
20805410
467
0.05110434856897306
6902933
485
0.7242318980712273
15197179
639
0.7095317916285493
19514897
645
0.3302251310597888
16272469
746
0.5778433830243794
15197186
765
0.487775036703865
19524316
1082
0.8449630750140374
NEW
7461171
32
14579536
217
0.6284624124401668
14579088
268
0.3212949974526602
13227225
331
0.4302900642615347
6902933
488
0.4117607184401514
6902930
511
0.5226930121561406
19214639
539
0.8252525481915793
7751408
545
0.20877216540299592
19227136
551
0.40360253316504435
14607762
588
0.66570357142196
14579493
717
0.007263152188566768
48865594
744
0.7507068750260347
41522043
747
0.434648790652545
17791429
750
0.4815950251776363
7365144
759
0.8198795144407842
18021636
786
0.9279699110818781
6677293
804
0.62000814798052
16250137
824
0.04489259939090273
13227229
886
0.016332662044880042
17915296
928
0.5117909877942325
1940049
950
0.4918527784948412
22337371
1286
0.9650393343980158
7757964
2299
0.26320936337272527
1964777
2487
0.8957506453553702
15176721
2634
0.7235523204271531
6847951
2745
0.6406834334222513
11220384
2787
0.7538515209645819
18151385
3223
0.24272450301031634
18769839
3342
0.6734536004867577
1903418
3469
0.8702403057834384
19215921
4181
0.29357742457585423
16136122
4217
0.036884341215445704
32870675
4457
0.40544128728621
NEW
6677293
43
41522043
57
0.08353018635848108
15197181
57
0.5514573453986412
17791429
113
0.5033112224614283
17915296
124
0.8951722503551417
1940049
146
0.39386266494933975
16250137
154
0.8032591547523599
14579493
207
0.9954705471326553
19227136
253
0.5888842789024584
7461171
256
0.2607600682393225
19214639
265
0.026312149196552448
6902930
293
0.24474498402880684
7751408
304
0.34593763747898776
20805410
354
0.8005809873604505
6902933
388
0.6494201021449133
7365144
473
0.31641587308542074
14607762
488
0.06675553935811585
15197179
526
0.685627210056033
19514897
532
0.6095877247514103
16272469
633
0.22292928007917034
9001725
637
0.9845879266629469
15197186
652
0.13188562461454123
48865594
676
0.6222068947949507
7461174
684
0.4079784807192389
7751409
689
0.6825301410833712
21049304
737
0.6913787488528504
19524316
969
0.732482600595294
19524327
988
0.7338793108343574
15176721
2317
0.38648631111351917
19906425
2348
0.4371667108175493
6847951
2428
0.28326062702226384
7757964
2564
0.1799107010341311
15603181
2761
0.9802750362797973
31709836
2877
0.6573642836041297
11220384
2887
0.40805220501711925
18151385
2906
0.19073789600342939
18769839
3025
0.4908325436476064
9009951
3052
0.3591069878122034
1903418
3152
0.037933843427025105
37062574
3383
0.5017309067239669
14858769
3516
0.49947652303736434
32170732
3577
0.7242200832418515
32870675
3813
0.1971328855237655
19215921
3853
0.3119363736635079
NEW
15197181
28
6677293
57
0.04945165919651817
17791429
72
0.15541521992766982
41522043
98
0.054492412847634175
17915296
181
0.87565624685374
16250137
195
0.14048538225685747
1940049
203
0.7051592978230338
19227136
294
0.796641957609019
19214639
306
0.9400317532113635
6902930
334
0.8278408336554937
20805410
411
0.48893089975943527
6902933
429
0.8935834245202852
15197179
583
0.9687270804257775
19514897
589
0.2763608856101488
16272469
690
0.15039930834257764
9001725
694
0.7385339185610781
15197186
709
0.7607514078342174
19524316
1026
0.8592559686040292
15176721
2358
0.5681321423068203
6847951
2469
0.9612506000393183
7757964
2605
0.8986547090703814
15603181
2802
0.5368951467169658
31709836
2918
0.7717575481374636
11220384
2928
0.9376951264330332
18151385
2947
0.4417765062665482
18769839
3066
0.30261889479300774
9009951
3093
0.4700772678116598
1903418
3193
0.1487781820009012
19215921
3894
0.41792340187407695
NEW
6902930
41
19214639
29
0.4405986655933172
19227136
40
0.6844471027511827
6902933
95
0.07705740028203156
7751408
152
0.9607955214354322
14607762
195
0.7050268509791445
14579493
206
0.7278120525819342
14579494
223
0.27264474077503953
7816860
224
0.3906780816129678
41522043
236
0.30042875461705576
17791429
239
0.17310311573051707
7461171
255
0.06821228300799564
14579536
261
0.1423589487059791
6677293
293
0.7196449894417173
7365144
308
0.5142733791118843
15197181
311
0.17786810615762305
16250137
313
0.2069289708781763
48865594
383
0.07904177802212797
17915296
417
0.9390715530927101
18752426
425
0.07580695188882713
1940049
439
0.6730666085822979
13227225
536
0.5797636020149942
20805410
647
0.004720735791171715
15197186
945
0.6180226790829891
15176721
2152
0.028604291689386274
19906425
2183
0.1193505578908588
6847951
2263
0.035991361385723675
7757964
2399
0.844003167965677
1964777
2573
0.11461861442149113
11220384
2594
0.8798011830497795
15603181
2596
0.7497268563081622
31709836
2712
0.2752102183900036
18151385
2741
0.01198241394101729
18769839
2860
0.9261683182400802
9009951
2887
0.9507013113093037
1903418
2987
0.31328045054089115
37062574
3218
0.6842614917748187
32170732
3284
0.4640344643439457
14858769
3351
0.14075865846725166
32870675
3648
0.5332657527029113
16136122
3987
0.9010346431345926
19215921
3988
0.4247201103885181
NEW
9001727
7
5907297
93
0.5365028821945115
19514975
152
0.7658647114800177
5983027
226
0.8221604330559831
19531571
249
0.47383669491756286
16253108
250
0.300379750173569
18185281
270
0.8674792877368621
18752420
668
0.6362098862796379
NEW
7751408
31
14579536
109
0.37180345627969447
6902933
292
0.7558101291321596
6902930
315
0.9880636622403574
19214639
343
0.8152292114035811
19227136
355
0.8542056359486218
13227225
378
0.9791057740636847
14607762
392
0.9641151900573639
14579493
521
0.873192483274222
48865594
548
0.8453787878693121
41522043
551
0.43921844684135225
17791429
554
0.1877901910645382
7365144
563
0.9969487597894137
7461171
570
0.8703621637653518
6677293
608
0.2909439404920473
16250137
628
0.9330099101529873
17915296
732
0.5561644053945719
1940049
754
0.9883717098240187
13227229
933
0.5180225089668946
7757964
2103
0.655555030712178
15176721
2438
0.292705752975185
1964777
2534
0.4352011523768048
6847951
2549
0.36964762547100327
11220384
2591
0.22652979919070293
15603181
2882
0.9401031454577775
31709836
2998
0.43246756678297404
18151385
3027
0.4372155427659338
18769839
3146
0.40720977260708435
9009951
3173
0.13018262305237704
1903418
3273
0.2983753421731924
19215921
3985
0.2777178824630232
32870675
4261
0.12816980897304786
NEW
5983027
11
5907297
58
0.7066464491329544
18752420
643
0.0776803051762116
15431724
1006
0.7060006723580092
19591127
1072
0.2967218383456981
19591126
1361
0.9843298320777688
32179802
1388
0.3977941419491292
1964777
2136
0.7501824987538304
33299727
2627
0.9240748220159197
31709836
2634
0.06805518961313761
14125616
2838
0.1534761481041208
11220384
5381
0.7928457528913981
NEW
17915327
0
NEW
6902933
31
7751408
57
0.33726218877274894
14579536
166
0.07645218271667487
6902930
372
0.9243178995179153
19214639
400
0.6051843782498287
19227136
412
0.12076434911213074
13227225
435
0.0038057064866275914
14607762
449
0.7372339615133342
14579493
578
0.8221128236807042
48865594
605
0.21888750822969782
41522043
608
0.996940012758114
17791429
611
0.9004294167066584
7365144
620
0.9034100229895577
7461171
627
0.32234219973849165
6677293
665
0.024342694953226274
16250137
685
0.1558232101529552
17915296
789
0.7792937144272848
1940049
811
0.2610977410394846
13227229
990
0.27117658502740394
7757964
2160
0.3236636537822998
15176721
2495
0.188389798355024
1964777
2591
0.6304723320581315
6847951
2606
0.10652412268627554
11220384
2648
0.9460807631482206
15603181
2939
0.18188256749901655
31709836
3055
0.28855032295238225
18151385
3084
0.13815315185974675
18769839
3203
0.17557713832802502
9009951
3230
0.3897009107348286
1903418
3330
0.6804018992799582
19215921
4042
0.6952890742214201
32870675
4318
0.29996803627140145
NEW
17915328
-1
NEW
7751409
36
21049304
48
0.42291716055827955
15197186
171
0.1682125583111822
7365144
502
0.06132277469229941
19227136
660
0.8470379267625755
19214639
672
0.221104477151137
6902930
700
0.6763130642054165
14579493
778
0.9160802609433308
6902933
795
0.17018942527323244
41522043
808
0.2442196360524712
17791429
811
0.9962330907797424
7461171
827
0.7412239681563613
6677293
865
0.7806178942922619
7751408
875
0.1556480104831801
16250137
885
0.03928460617502538
14607762
895
0.39255195499027673
17915296
989
0.4620533757936408
1940049
1011
0.04636832069025121
48865594
1083
0.1728139854483448
9001725
1296
0.6494058974276883
15176721
2346
0.3808681344329715
19906425
2377
0.30976436452320844
6847951
2457
0.5311446314745332
7757964
2593
0.3140948690809444
15603181
2790
0.9873576328109326
31709836
2906
0.9924318300136973
18151385
2935
0.8533644223139608
18769839
3054
0.3531858778415953
9009951
3081
0.49325893841816437
1903418
3181
0.8183985742562964
33299727
3355
0.9674956721834924
37062574
3412
0.647709314278101
14858769
3545
0.10607938184885712
32870675
3842
0.11249643338441573
19215921
3882
0.5142174369924839
11220384
4121
0.1507707490686674
32170732
4811
0.002565709324858445
NEW
5907297
11
13710445
249
0.5331938665679152
5983027
317
0.883193417470868
18752420
584
0.6387575988999533
18021636
1032
0.23165192175825433
32179802
1811
0.8660182842757195
1964777
2077
0.6211909843325095
19591126
2088
0.7862732081338674
22337371
2439
0.35148167773656847
33299727
3050
0.1257677775817756
14125616
3261
0.7635602356606103
11220384
5322
0.9951270378467012
NEW
17916549
34
7365144
215
0.6256090655804455
19227136
373
0.8690316029476272
19214639
385
0.6392742764999831
6902930
413
0.2641544575080217
14579493
491
0.030239228260615425
6902933
508
0.9281100914161098
41522043
521
0.7046149322374811
17791429
524
0.3993351241490076
7461171
540
0.1573784101201714
6677293
578
0.7432439023067327
7751408
588
0.8717211405898746
16250137
598
0.03262440901666619
14607762
608
0.3380204727507735
17915296
702
0.09213346950567025
1940049
724
0.6155997009503912
48865594
796
0.2431074645960798
15197186
958
0.9550047973951082
15176721
2059
0.2940499028212471
19906425
2090
0.866831086563878
6847951
2170
0.05553055392607431
7757964
2306
0.966938812497446
15603181
2503
0.9004081947049725
31709836
2619
0.32708583984340545
18151385
2648
0.7289604559331788
18769839
2767
0.12258517564499238
9009951
2794
0.4744949814240994
1903418
2894
0.3806998082185533
33299727
3068
0.5422668964136405
37062574
3125
0.2093725797217526
14858769
3258
0.31011227929966834
32870675
3555
0.21793930113038318
19215921
3595
0.7333193854426381
11220384
3834
0.9501961756168018
32170732
4524
0.8422197183180123
NEW
15197186
36
7751409
38
0.13422011345671514
21049304
86
0.35523421724463333
7365144
361
0.8394317332259186
19227136
519
0.062228040766611814
19214639
531
0.22442723696147782
6902930
559
0.07570347791279253
14579493
637
0.29209555765496187
6902933
654
0.46641639406602176
41522043
667
0.8526145371799042
17791429
670
0.3643827146852069
7461171
686
0.9693394957484733
6677293
724
0.9380167594879528
7751408
734
0.3447471091863624
16250137
744
0.0885092061082493
14607762
754
0.03897900177521596
17915296
848
0.4918293063551583
1940049
870
0.3257810577578443
48865594
942
0.2683686545521293
9001725
1155
0.4315093490831011
15176721
2205
0.9948021124778893
19906425
2236
0.002259189886279489
6847951
2316
0.6319227534465496
7757964
2452
0.8600730013703571
15603181
2649
0.816829557651085
31709836
2765
0.47773290962239723
18151385
2794
0.6518557560541538
18769839
2913
0.487099445873008
9009951
2940
0.8630940792837981
1903418
3040
0.8807041623408127
33299727
3214
0.9484934153812331
37062574
3271
0.6408457872118772
14858769
3404
0.592595713744831
32870675
3701
0.6834139948983056
19215921
3741
0.29849305708420115
11220384
3980
0.9118251298111294
32170732
4670
0.43708458781508164
NEW
9001729
26
9001727
82
0.09468658214625225
19531582
152
0.0018985972283537267
5907297
175
0.2921168710323758
19514975
234
0.5004320349412803
5983027
308
0.8211710430804284
19531571
331
0.029100127178307567
16253108
332
0.7598110792656572
18185281
352
0.5405456649388766
19524316
377
0.8087058857997111
9001725
436
0.19443221728819982
18752420
750
0.8563470980998831
36136934
1236
0.014254733666819619
15431724
1273
0.7991636267889886
19591127
1339
0.5845913196464445
19591126
1628
0.3562641758431444
32179802
1655
0.4001619034883449
31709836
1739
0.668016041741991
1964777
2245
0.607747344362623
15603181
2401
0.0868897161125518
9009951
2692
0.105278250818446
33299727
2894
0.5439935774933077
19906425
2938
0.323169729925488
18769839
3088
0.31974856075460356
14125616
3105
0.008328241490691113
37062574
3446
0.6545947935658747
16136122
4257
0.1613844836389562
NEW
1940049
58
17915296
22
0.9259845509905494
6677293
146
0.09593231010554526
41522043
203
0.6898347676745156
15197181
203
0.7513225889123472
20805410
209
0.6648437942323399
17791429
259
0.7074442319612767
16250137
300
0.23150437269380708
14579493
353
0.33361691373562996
15197179
381
0.5572757298383791
19514897
387
0.6200413627270297
19227136
399
0.45634470646016534
7461171
402
0.1581491681094611
19214639
411
0.285967767127451
6902930
439
0.5777361790505857
7751408
450
0.8889243098566769
16272469
488
0.33914395988924784
9001725
492
0.9586348404887849
15197186
507
0.8962971890856272
6902933
534
0.453639071663429
7461174
539
0.8725524708552593
7751409
544
0.373145302287477
21049304
592
0.4606384604514421
16253106
592
0.4551379917096613
18464147
609
0.9081637178369362
7365144
619
0.1310703925845641
14607762
634
0.7720565902569763
7770986
661
0.4026104985999378
18130744
681
0.9128258535270191
18130746
700
0.5605038489749714
19531567
707
0.6997649573678195
19531571
723
0.7857540165999395
18185281
744
0.061356627463791225
48865594
822
0.42950501512402617
19524316
824
0.24449466024383615
19524327
843
0.008872964681779894
9001729
968
0.04816600745090682
13227229
1209
0.8582773643886696
36136934
1822
0.9315023664380584
15431724
1859
0.694443735051918
19591127
1925
0.525310568853633
15603181
1933
0.6712014714932576
19591126
2214
0.4161455791836478
9009951
2224
0.478612605873978
15176721
2463
0.5416433932525745
19906425
2494
0.6690999420102203
6847951
2574
0.5072559796377032
1964777
2684
0.23847608113883745
7757964
2710
0.6829194833099147
11220384
3033
0.9476190535708015
18151385
3052
0.09186166440891486
18769839
3171
0.41462693731231204
1903418
3298
0.09416149132787166
37062574
3529
0.43937013927712076
14858769
3662
0.37937995242393785
32170732
3723
0.7223309983500151
32870675
3959
0.20328606532512783
19215921
3999
0.3154811751575931
16136122
4843
0.47422219484554595
NEW
7461174
49
1940049
259
0.08083297889168295
17915296
281
0.7589361166292365
20805410
288
0.746467258831021
9001725
305
0.5328225492892812
15197179
397
0.03267282689291673
19514897
403
0.7456603716033605
6677293
404
0.7928357933729833
41522043
461
0.6644231703317203
15197181
461
0.27352602715588403
16272469
504
0.8460258261711995
17791429
517
0.872601094635581
16250137
558
0.29451818582084577
15197186
586
0.16796482937944024
14579493
612
0.3819451091811855
19524316
649
0.33588966453420566
19227136
722
0.9256793946825504
7461171
725
0.28767010328919695
19214639
734
0.08644509213365847
6902930
762
0.1660761960473679
7751408
773
0.10255719601707713
6902933
857
0.07600578225134946
7365144
942
0.6322992326846967
14607762
957
0.7223978470932843
48865594
1145
0.9161697535104592
36136934
1281
0.7165014385610697
15431724
1591
0.5753909932948752
15176721
1598
0.7407518109566936
19591127
1657
0.5671647490775039
15603181
1729
0.16267065180984852
31709836
1845
0.2583708139335493
32179802
1973
0.5173896295120889
9009951
2020
0.3485575301119601
19906425
2266
0.07272622818997032
33299727
2294
0.26411514982691664
19591126
2332
0.3144790155672923
18769839
2416
0.9055201498912235
37062574
2798
0.08513572341068976
6847951
2820
0.208690568060662
7757964
3033
0.547012034879216
18151385
3298
0.7831163845616012
14125616
3423
0.46959369460270517
1964777
3426
0.0199717510430395
1903418
3544
0.2372961248765144
14858769
3908
0.08244741844842729
32170732
4046
0.6928700164252918
11220384
4151
0.36075740914036714
32870675
4205
0.5562724005243668
19215921
4245
0.5114937424662112
16136122
4575
0.850126115738394
NEW
13227229
46
14579536
390
0.5241732595687091
14579088
452
0.010163526346487428
13227225
515
0.2390091796128161
6902933
627
0.22967413584022234
6902930
650
0.9543469650082532
19214639
678
0.9764609534659019
7751408
684
0.7381425686974977
19227136
690
0.5027867029111939
14607762
727
0.5267846787786546
7816860
756
0.8450195151156586
48865594
765
0.2410341996856663
14579493
856
0.16004756608107584
14579494
873
0.8605746403323232
41522043
886
0.9780350066071152
17791429
889
0.5164527882683977
7365144
898
0.8518667529129673
7461171
905
0.228488153236166
6677293
943
0.0669380422731719
15197181
961
0.42961057884765264
16250137
963
0.23316595281387398
18021636
970
0.08124419487161327
17915296
1067
0.2347457039674855
18752426
1075
0.14661369474967678
1940049
1089
0.7608733239484378
20805410
1297
0.8086484238985867
22337371
1470
0.40916976828097795
15197186
1554
0.9055752115806723
18752420
1710
0.6477494155629202
7757964
2320
0.12301334402551145
15176721
2655
0.07478869399529131
1964777
2671
0.9922387648543738
19906425
2686
0.8371985695113807
6847951
2766
0.3692112431013336
11220384
2808
0.5018477428480638
15603181
3099
0.930031412397067
31709836
3215
0.43110332513952754
18151385
3244
0.14090734115933945
18769839
3363
0.9447600690297769
9009951
3390
0.9227835564849107
1903418
3490
0.47635209155310576
32170732
3498
0.8139651593256878
37062574
3721
0.10513881276905801
14858769
3854
0.2729254009348733
19215921
4202
0.39561262597345603
16136122
4401
0.9957121903704678
32870675
4478
0.36219859978196955
NEW
14607762
0
NEW
9001725
23
7461174
48
0.8387886378616889
1940049
307
0.6340376482174529
17915296
329
0.43269867990514266
16272469
342
0.8876221162844986
15197179
445
0.5917131339645666
6677293
452
0.2859709361757995
19227136
770
0.6197782033113691
19214639
782
0.7824957742656891
6902930
810
0.9869782622808938
6902933
905
0.5643551379093028
36136934
1329
0.20978334833542223
15176721
1646
0.8006758772337309
15603181
1777
0.17214884146760068
31709836
1893
0.9804260046140606
9009951
2068
0.3357657498995549
19591126
2380
0.05595470730075158
18769839
2464
0.022246430646524318
1964777
2538
0.012409515345790267
6847951
2868
0.12671470709005073
7757964
3081
0.34965374579901287
18151385
3346
0.6132262551433085
1903418
3592
0.8593222884415757
19215921
4293
0.022863998487186565
NEW
13710445
6
5983027
164
0.4007791394472674
19514975
230
0.023561242588886033
19531571
327
0.5996075241043177
16253108
328
0.9781417347606541
18185281
348
0.31263190656237483
18752420
576
0.28830404296666046
NEW
7365144
33
19227136
268
0.7042222378126078
19214639
280
0.27501390672444137
6902930
308
0.06777401617612677
14579493
386
0.9208190963581739
6902933
403
0.3899238491624941
41522043
416
0.4709163931477459
17791429
419
0.7075082975313606
7461171
435
0.664446445604023
6677293
473
0.7408874759083658
7751408
483
0.9456672645178016
16250137
493
0.12253873947470395
14607762
503
0.03967970536061305
17915296
597
0.8754175962958373
1940049
619
0.6256945809263346
48865594
691
0.058235138503453965
15197186
847
0.8120106357599981
15176721
1948
0.6894010363221706
19906425
1979
0.7236121935005808
6847951
2059
0.020934083503974854
7757964
2195
0.7214134393717171
15603181
2392
0.8692806496743007
31709836
2508
0.7506193770034645
18151385
2537
0.260965851654996
18769839
2656
0.6865117739107426
9009951
2683
0.9347120321935446
1903418
2783
0.634397105582532
33299727
2957
0.9036046637182006
37062574
3014
0.22479209985516402
14858769
3147
0.04469880707288354
32870675
3444
0.5066181905669945
19215921
3484
0.6008980123086539
11220384
3723
0.01479725914510488
32170732
4413
0.18088382228189614
NEW
48865594
42
7365144
358
0.611883845370815
19227136
522
0.7853375710837619
19214639
534
0.36705431704688374
6902930
562
0.10780751970886493
14579493
640
0.8338449915153685
6902933
657
0.7205932414018933
41522043
670
0.8675612305253684
17791429
673
0.2023271452271218
7461171
689
0.5344616092472371
6677293
727
0.06503874043333302
7751408
737
0.6109770284101452
16250137
747
0.8430226667343458
14607762
757
0.7587986198694925
15197186
799
0.5905553274332237
17915296
851
0.25023072083138787
1940049
873
0.5552993691441876
9001725
1370
0.3704527011701708
15176721
1900
0.03210829789132852
19906425
1931
0.5550840994613678
6847951
2011
0.5190284223646368
7757964
2147
0.3516487725395667
19524316
2155
0.7828480333010566
36136934
2254
0.2942545404516519
15603181
2344
0.3629510074240435
31709836
2460
0.3272414423145803
18151385
2489
0.2949960764272024
15431724
2564
0.03402333050560613
18769839
2608
0.393702951144979
11220384
2626
0.35330068839972917
19591127
2630
0.5985336299427838
9009951
2635
0.8808263752414429
1903418
2735
0.5372009533617381
33299727
2909
0.14865752558655798
32179802
2946
0.3077184476149847
19591126
2947
0.2861433796680113
37062574
2966
0.30626335603678756
14858769
3099
0.24172989907536102
32170732
3316
0.849713411023239
32870675
3396
0.7790731239575645
19215921
4020
0.05072153233002352
14125616
4396
0.9551448862566451
16136122
5548
0.42011797903060066
NEW
19591127
72
19591126
289
0.8953013912748023
36136934
572
0.5949111587182868
32179802
630
0.7571182079569401
15431724
734
0.34695174467021384
19524316
947
0.6307398175287763
19524327
966
0.12231463785480323
9001729
969
0.27124762561749616
5983027
982
0.1276469238043273
5907297
1040
0.46393300153108075
9001727
1050
0.8282595356150508
31709836
1075
0.15532216798774712
19531582
1120
0.39286441731728816
33299727
1249
0.3634024512452104
18752420
1493
0.4289602961798712
13710445
1532
0.13494397695377436
9001725
1539
0.4464559549023833
7461174
1586
0.2244157415170206
15176721
1606
0.08882337298848231
1940049
1623
0.7092054666084698
17915296
1645
0.8326528480033908
20805410
1652
0.864239766652105
15603181
1737
0.7078187841162641
15197179
1761
0.43335963466300187
19514897
1767
0.5895691730067493
6677293
1768
0.04575715927247981
15197181
1825
0.7968538041819971
16272469
1868
0.22736610842639804
16253106
1972
0.4623655018840541
14579493
1976
0.9963954855944823
16253108
1980
0.3614676373130945
18464147
1989
0.8593919052018277
14579494
1993
0.3699270315352128
9009951
2028
0.542638897058402
7770986
2041
0.31279806138494937
49650310
2057
0.6097900647625769
18130744
2061
0.8456674182021058
41522043
2070
0.28996214495681727
17791429
2073
0.9296548004050581
18130746
2080
0.1337755462110224
19227136
2086
0.006077976702737797
7461171
2089
0.24384794870750615
19214639
2098
0.8066661336507113
14125616
2100
0.709962332798677
6902930
2126
0.8398993379349561
7751408
2137
0.8896175502565835
16250137
2147
0.5408490848101272
15197186
2191
0.38712178974656475
6902933
2221
0.2563003791109262
7751409
2228
0.027126430010182556
19906425
2274
0.1325854137062309
21049304
2276
0.02296678290430143
13227225
2306
0.3822077114446695
14607762
2321
0.5909456299350744
18021636
2349
0.7068692675890107
7816860
2350
0.8464619896648348
18769839
2424
0.05693583043815276
48865594
2509
0.2774710348940268
7365144
2529
0.696824534716837
1964777
2569
0.9691061019449405
37062574
2806
0.3365267211706938
6847951
2828
0.04747226892013079
22337371
2931
0.07387306419511974
18151385
3306
0.22082651737135006
7757964
3441
0.09071512094682255
1903418
3552
0.4759133836830606
13227229
3641
0.557567780709292
16136122
3718
0.7925728758751686
14858769
3916
0.4521934283280812
11220384
4159
0.48044811937100973
32870675
4213
0.9929872116690688
19215921
4253
0.43039090477460307
32170732
5659
0.960858202348328
NEW
22337371
11
13227229
817
0.1758126671630703
18021636
825
0.24472114515699173
1964777
1721
0.3447032907806432
11220384
3435
0.7349778566539072
7757964
3962
0.4734088703224796
16136122
4408
0.023859828051228216
19215921
4829
0.5737199257096623
32870675
5105
0.8967293101811252
18151385
5300
0.5736917405850467
1903418
5546
0.0380314437820537
14858769
5910
0.2713445925310525
NEW
15431724
72
19591127
66
0.7813084888653741
19591126
355
0.6835448176761811
36136934
638
0.7344165602378392
32179802
696
0.2776412197923235
19524316
1013
0.16682840868147475
19524327
1032
0.1316478254639979
9001729
1035
0.6917996082322588
5983027
1048
0.37386747873376514
5907297
1106
0.8764750112240434
9001727
1116
0.5519107303464029
31709836
1141
0.41010148488853093
19531582
1186
0.8242793362329879
33299727
1315
0.6249004079737475
18752420
1559
0.9583693383835684
13710445
1598
0.8444695443358446
9001725
1605
0.163354898426456
7461174
1652
0.9075892959597472
15176721
1672
0.3445072505112816
1940049
1689
0.535884073445075
17915296
1711
0.6997819729344094
20805410
1718
0.06494339851622988
15603181
1803
0.905789743893414
15197179
1827
0.6013736145368895
19514897
1833
0.8774982618351077
6677293
1834
0.39208601736436843
15197181
1891
0.10626514415154142
16272469
1934
0.1643136254534726
16253106
2038
0.4592691021379708
14579493
2042
0.31089676403346
16253108
2046
0.5884099730615093
18464147
2055
0.028916314478802718
14579494
2059
0.4797324834815965
9009951
2094
0.17254398816658412
7770986
2107
0.35996370688300827
49650310
2123
0.5329022651823713
18130744
2127
0.05253663128276054
41522043
2136
0.21679108097270128
17791429
2139
0.7823205506374954
18130746
2146
0.5484768680625318
19227136
2152
0.41014094292365144
7461171
2155
0.5786095300413787
19214639
2164
0.6321143655935302
14125616
2166
0.5441178088723588
6902930
2192
0.005045655420561235
7751408
2203
0.0031404198464282107
16250137
2213
0.9109546520142792
15197186
2257
0.4683126313219669
6902933
2287
0.10766194287358555
7751409
2294
0.10680319583341957
19906425
2340
0.13784092245157398
21049304
2342
0.9712677540713257
13227225
2372
0.09872859967373249
14607762
2387
0.6053587106292693
18021636
2415
0.5746033149003806
7816860
2416
0.1417440219925742
18769839
2490
0.5731273540978162
48865594
2575
0.9189911051940344
7365144
2595
0.2067877574686069
1964777
2635
0.5035555866317322
37062574
2872
0.4471435986517419
6847951
2894
0.959981256957859
22337371
2997
0.33072424295707314
18151385
3372
0.4899026043454173
7757964
3507
0.4926653770208642
1903418
3618
0.7103018759347602
13227229
3707
0.28208692209247643
16136122
3784
0.9935907834848425
14858769
3982
0.10950807603720081
11220384
4225
0.40447259191546736
32870675
4279
0.18207519534481775
19215921
4319
0.8773232175259515
32170732
5725
0.690997997677137
NEW
32179802
31
15431724
439
0.7472708225791339
19591127
505
0.5744155517726036
19591126
794
0.5206335950090547
36136934
1077
0.6381431916321239
18752420
1142
0.6164022295364366
19524316
1257
0.4797033621801313
31709836
1580
0.578661739716847
16253108
1629
0.9341650455824441
18021636
1998
0.1269923820639518
15176721
2111
0.7031751781747156
1964777
2218
0.13285602236028904
15603181
2242
0.20386002221772104
9009951
2533
0.767769035425715
22337371
2580
0.19782195081538945
33299727
2659
0.32481954772758037
15197186
2696
0.3512054237179715
19906425
2779
0.5580620133885758
14125616
2870
0.9068234376633585
18769839
2929
0.3819000363286622
16136122
3283
0.19381900195741097
37062574
3287
0.8202560164976762
13227229
3290
0.787605300986318
6847951
3333
0.6667559737574071
18151385
3811
0.9943274256492416
7757964
3946
0.21408897074776834
1903418
4057
0.654390121808364
14858769
4421
0.013014594650441191
32870675
4718
0.42639361535623266
19215921
4758
0.13719649909867793
11220384
5463
0.0669336121786398
32170732
6305
0.1452699604954848
NEW
19591126
42
32179802
341
0.3070988217314954
36136934
763
0.46056120439721393
15431724
779
0.7402086104258978
19591127
845
0.4240523031738286
31709836
1007
0.377569905759249
33299727
1084
0.8380328175147093
19524316
1138
0.8531185938080532
19524327
1157
0.5050322982611465
9001729
1160
0.5201884133571859
9001727
1241
0.5058433641041146
19531582
1311
0.19389361218071688
9009951
1407
0.7566073895662808
18752420
1482
0.06341269554457019
15603181
1577
0.5710491601314164
9001725
1730
0.2956414568411342
7461174
1777
0.44114939947893617
14125616
1811
0.24418990856037315
1940049
1814
0.27708950960930756
17915296
1836
0.5875971100770359
20805410
1843
0.7325759020171363
16253108
1969
0.4731301331476553
18769839
2264
0.6301594046752144
18021636
2338
0.11593434138450165
15197186
2382
0.6165404039733359
7751409
2419
0.7790598104831301
19906425
2465
0.0718516147119993
21049304
2467
0.5725729823792127
15176721
2557
0.5994196004575819
1964777
2558
0.6972675450289068
37062574
2622
0.591531492945225
22337371
2920
0.21123626359371073
6847951
3019
0.9384081158923818
18151385
3497
0.909700045358878
14858769
3616
0.786165029819309
16136122
3623
0.7270823378506827
13227229
3630
0.7974146390162458
7757964
3632
0.14556185754392748
1903418
3743
0.8958294521362314
32870675
4404
0.3295552650250806
19215921
4444
0.3320857371084519
11220384
5803
0.20721711837530943
32170732
6645
0.7698923248478449
NEW
36136934
42
31709836
825
0.04767010290757945
33299727
902
0.212166484880705
19591126
932
0.4989880511161946
9009951
1225
0.05185426298510021
32179802
1232
0.7727676764185692
15603181
1395
0.5005402182803881
15431724
1670
0.1053886060282041
19591127
1736
0.6101066549677611
18769839
2082
0.6658447580144398
18752420
2373
0.12567200091984254
15176721
2375
0.29052872540700425
37062574
2440
0.3873650916227972
9001725
2468
0.33488572454948295
7461174
2515
0.4078136187305301
1940049
2552
0.27186849765731325
17915296
2574
0.39329592951548986
20805410
2581
0.6221918428748157
19524316
2646
0.22921042780998524
19524327
2665
0.2591979622109597
15197179
2690
0.5228617351871564
6677293
2697
0.9325250274364859
14125616
2702
0.4746836464981119
15197186
2804
0.04366258965638925
7751409
2841
0.24716905322546712
16253108
2860
0.7799530159854843
19906425
2887
0.31134387264479035
21049304
2889
0.8718509298503061
7365144
3142
0.9941098502325942
18021636
3229
0.6346029904768595
14858769
3434
0.7248248218766608
6847951
3441
0.9464050203654425
1964777
3449
0.21284542324949485
22337371
3811
0.210101638284365
1903418
3822
0.48430925583865136
16136122
3908
0.6573104083458039
18151385
3919
0.6991901045645726
7757964
4054
0.048299268816865526
13227229
4521
0.36975120482885326
11220384
4772
0.5669674993145902
32870675
4826
0.7482089734658047
19215921
4866
0.6299461672719352
32170732
6272
0.06208237545765405
NEW
31709836
53
33299727
945
0.24734131405899473
15603181
951
0.09585250116003485
19591126
975
0.2683099269263537
9009951
1254
0.5708222711474987
9001725
1260
0.2989321474642259
32179802
1275
0.4132081507121401
1940049
1344
0.7272925474030925
17915296
1366
0.45339573531404886
20805410
1373
0.26900478306316244
19524316
1438
0.3249571712638123
15197179
1482
0.8464261254093401
19514897
1488
0.36659291500900715
6677293
1489
0.7304594499568083
15197181
1546
0.5378827046629879
16272469
1589
0.45219717370189483
14579493
1697
0.6829911163332363
15431724
1713
0.4829227801791336
19591127
1779
0.6857826394530663
41522043
1791
0.48846880955750505
17791429
1794
0.003789021226981215
19227136
1807
0.6940824689929995
7461171
1810
0.9238990112614053
19214639
1819
0.6083411897130365
6902930
1847
0.404388381067039
7751408
1858
0.8119847109768344
16250137
1868
0.1389833420475005
15197186
1912
0.43561062455910704
6902933
1942
0.16018963700635314
19906425
1995
0.24795855757712826
37062574
2032
0.8803748635796352
14607762
2042
0.3260577488965525
18769839
2125
0.5174515430163221
48865594
2230
0.15502704093165132
7365144
2250
0.7629770365789607
36136934
2351
0.7371163158034262
18752420
2416
0.7976974025725442
15176721
2418
0.10810978879993427
6847951
2549
0.1447748912254142
14125616
2745
0.24904333585573646
16253108
2903
0.7540335086803468
14858769
2990
0.13001745119057495
18151385
3027
0.33954380174176857
7757964
3162
0.8715327721380073
18021636
3272
0.6338778904964558
1903418
3378
0.30118354256924595
1964777
3492
0.48965839898493113
22337371
3854
0.5167843667228345
11220384
3880
0.8449806655569531
32870675
3934
0.14127449788427326
16136122
3951
0.49441761571469733
19215921
3974
0.423360022672879
13227229
4564
0.4702496695519641
32170732
5380
0.057264218587386284
NEW
1964777
41
18752420
1279
0.06606012271766959
13710445
1318
0.8747304407639789
16253108
1332
0.13177853774643922
18464147
1399
0.4152543565941379
49650310
1409
0.0686519366044509
22337371
1428
0.7722345461546982
19531567
1550
0.8656060185982075
19531571
1566
0.21226758454118744
18185281
1587
0.7842858496562859
32179802
1599
0.4942454401761829
15197179
1621
0.7361198835489107
15431724
1689
0.8994354624482553
19591127
1755
0.6465404144625868
9001729
1811
0.0016558980311889293
19227136
1870
0.8926496071344409
19591126
1876
0.6394487953586304
19214639
1882
0.2829035575889447
6902930
1910
0.33436758936754196
6902933
2005
0.6506764343562254
13227229
2138
0.16883278391754108
18021636
2146
0.41587406176819874
36136934
2327
0.4842881110863734
33299727
2838
0.9662214927028379
31709836
2845
0.47955548073928456
14125616
3049
0.28671186361507484
16136122
3279
0.12741000596958707
9009951
3341
0.36435528414985674
15603181
3415
0.7346725482365687
19906425
4029
0.7863160043777141
18769839
4102
0.8508671057349638
11220384
4311
0.9814055059178565
15176721
4395
0.18915715287939916
37062574
4460
0.4044665934141588
6847951
4583
0.3204326537072597
7757964
4838
0.8853216876993487
18151385
5061
0.3997590298604604
32170732
5153
0.44167534099980266
1903418
5307
0.2997452007779634
14858769
5454
0.2497894999574206
19215921
5705
0.6766819814215344
32870675
5981
0.6671469562447133
NEW
7757964
56
11220384
300
0.5546173709364872
6847951
1195
0.2750689414965545
18151385
1433
0.5550643614434049
1903418
1679
0.7518610022287513
19906425
1985
0.4541041618735193
14858769
2043
0.9721644235358208
19215921
2109
0.04569255262803207
32870675
2385
0.35754257619733054
15176721
2391
0.5145766689079881
18769839
3099
0.05681714277323857
48865594
3129
0.5620727626833294
15603181
3148
0.7202970552379143
32170732
3201
0.223867930679142
7365144
3366
0.2359428655569431
37062574
3457
0.7149314288402162
19227136
3530
0.931942484939327
19214639
3542
0.2296281896341259
6902930
3570
0.1115215974947803
15197186
3645
0.6154104668932588
14579493
3648
0.8925808741578173
6902933
3665
0.3793462856548191
14579494
3665
0.7755777249939251
41522043
3678
0.9346681475743651
17791429
3681
0.08470748293706098
7751409
3682
0.1590654801645366
7461171
3697
0.9247724566107213
21049304
3730
0.7302924798735677
6677293
3735
0.9021649442376886
7751408
3745
0.7936407488464903
15197181
3753
0.9842630937781001
16250137
3755
0.9688786178773764
14607762
3765
0.2565069669428872
7816860
3794
0.6434567421793498
17915296
3859
0.2978666718298617
18752426
3867
0.7493175329020433
1940049
3881
0.5788440997946084
20805410
3932
0.5608439523865097
13227225
3978
0.9151976858683664
9001725
3998
0.4627883968309736
22337371
4221
0.13700172759035467
13227229
4631
0.554002668191146
18021636
4639
0.886333544726841
19524316
4783
0.5131423718665482
1964777
4792
0.7958289714996298
19524327
4802
0.4470636076672083
36136934
4882
0.26069278852513234
31709836
5088
0.7653108857837636
15431724
5192
0.9627535690154582
19591127
5258
0.22198447937208576
9009951
5263
0.17919528082287672
18752420
5379
0.5895667816101027
33299727
5537
0.48118734614751213
32179802
6391
0.3813026560026316
19591126
6668
0.5474055532477122
16136122
7799
0.22591189194708916
14125616
7841
0.6611433810074208
NEW
11220384
56
7757964
527
0.9803337009804478
19215921
1809
0.7822434126656612
6847951
2042
0.20556036085330454
32870675
2085
0.46943425171232633
18151385
2280
0.9432264084584381
1903418
2526
0.03597913301274658
48865594
2829
0.7354315576810836
19906425
2832
0.1410788061794579
14858769
2890
0.8993547382489462
32170732
2901
0.11861280902489701
7365144
3066
0.2767626479295825
19227136
3230
0.11905225476873371
15176721
3238
0.05484817170864875
19214639
3242
0.06337071424052076
6902930
3270
0.030395304272547996
15197186
3345
0.28127249936365184
14579493
3348
0.5486313491248099
6902933
3365
0.9099341565802102
14579494
3365
0.6789873966313662
41522043
3378
0.8717232673689386
17791429
3381
0.33316477109625997
7751409
3382
0.816148868170369
7461171
3397
0.5303444870572531
21049304
3430
0.41687263581044876
6677293
3435
0.8671487845291524
7751408
3445
0.051346444953408676
15197181
3453
0.1562627290625358
16250137
3455
0.17905300027782545
14607762
3465
0.8107727450500914
7816860
3494
0.77304130732494
17915296
3559
0.7277186545574466
18752426
3567
0.3752267175509696
1940049
3581
0.47366222313903406
20805410
3632
0.7436503340112456
13227225
3678
0.5099380169493
9001725
3698
0.47256927769989654
22337371
3921
0.9814969871133338
18769839
3946
0.3050143897881249
15603181
3995
0.39981999672845747
37062574
4304
0.3615597161044587
13227229
4331
0.9993431297987158
18021636
4339
0.9958841652586491
19524316
4483
0.9633890022380288
1964777
4492
0.10277561117084122
19524327
4502
0.37806272149487297
36136934
4582
0.17116576245022797
31709836
4788
0.162391807929956
15431724
4892
0.24534827889189514
19591127
4958
0.274734812764019
9009951
4963
0.8616034142921968
18752420
5079
0.8468522095978636
33299727
5237
0.42304107638399757
32179802
6091
0.13884220841924744
19591126
6368
0.898710986756283
16136122
7499
0.13434187009072285
14125616
7541
0.04817182147125321
NEW
6847951
54
18151385
926
0.453048056377648
19906425
1050
0.022144951253022183
1903418
1172
0.9969201691072137
7757964
1369
0.4441081066913779
14858769
1536
0.27070741536360454
15176721
1644
0.28534590318954123
11220384
1779
0.7331421569993939
32870675
1833
0.6838220317897626
19215921
1873
0.40182860356829253
7365144
1976
0.5801576140540872
19227136
2140
0.5152283750820918
19214639
2152
0.7349988670699054
6902930
2180
0.5650199088964766
14579493
2258
0.5122655705754561
6902933
2275
0.8704359216522274
14579494
2275
0.25145172032736096
41522043
2288
0.9450273126172996
17791429
2291
0.17668002173675545
7461171
2307
0.7808654173690093
6677293
2345
0.496102172469823
18769839
2352
0.3737891808550058
7751408
2355
0.6061211862609014
15197181
2363
0.06738370915138936
16250137
2365
0.4325448478004954
14607762
2375
0.7875044422107685
15603181
2401
0.7950469464670835
7816860
2404
0.8610376506446398
1940049
2439
0.9802215174783735
15197186
2460
0.7030306561248565
17915296
2461
0.23819645655329957
20805410
2468
0.25927940923887016
18752426
2477
0.7924881204080831
7751409
2497
0.20399922449698538
48865594
2513
0.8649057005179879
9001725
2534
0.7145192941525891
21049304
2545
0.6873659651488753
7461174
2581
0.3303547224193121
13227225
2588
0.09908410076807816
37062574
2710
0.30896731726482063
19524316
2860
0.03752630466375062
19524327
2879
0.8245961727164683
31709836
3143
0.5296235065704158
9009951
3444
0.8324195881898
33299727
3592
0.0090649462160306
19591126
3630
0.9038179771677329
32179802
3930
0.3371445021615145
36136934
4029
0.4985920552829004
32170732
4351
0.5278818827641623
15431724
4368
0.09871894784841528
19591127
4434
0.19036725552561573
22337371
5371
0.21079796682815533
14125616
5400
0.24798815775404703
1964777
5942
0.22906774133722907
16136122
8949
0.7990269432282283
NEW
19906425
44
6847951
1049
0.5192120463999452
15176721
1267
0.5978205225347233
18151385
1292
0.26968359591927304
1903418
1538
0.690136955437761
18769839
1539
0.7996587763262609
7365144
1599
0.18865193287337334
19227136
1763
0.2018116238935912
19214639
1775
0.06053544609096129
6902930
1803
0.7278080736975792
14579493
1881
0.48344367580646264
6902933
1898
0.9418419580654781
14858769
1902
0.7510340000875392
41522043
1911
0.8228565359698741
17791429
1914
0.6449932630620514
7461171
1930
0.09264268753643312
6677293
1968
0.48611979702293595
7751408
1978
0.6912181011408173
16250137
1988
0.9089893396811259
14607762
1998
0.5723466105106729
15603181
2024
0.5280454341460935
7757964
2041
0.613443054729121
1940049
2062
0.6605928969215487
15197186
2083
0.14125206646981447
17915296
2084
0.8052735150601107
20805410
2091
0.28652961211980477
48865594
2136
0.6324225553086044
9001725
2157
0.4695688443546029
37062574
2333
0.39262581283650333
11220384
2451
0.8589878251540652
19524316
2483
0.2873282871211391
32870675
2505
0.6670599221194251
19215921
2545
0.944119723723235
31709836
2766
0.877460710094961
33299727
3215
0.5010966115785055
19591126
3253
0.13020052824393635
32179802
3553
0.3093574679637435
36136934
3652
0.4014027024229647
9009951
3895
0.11823826380611613
15431724
3991
0.1532961479733428
19591127
4057
0.10046627602508873
32170732
4214
0.3362612742445771
1964777
5770
0.8182661632715423
22337371
6043
0.9970713861739577
16136122
6229
0.41897075586856614
NEW
15176721
58
19906425
1102
0.9858022676130362
18769839
1529
3.803627460953196E-4
15603181
1578
0.011562044733574695
6847951
1656
0.30061132275080626
1940049
1705
0.9306653624310751
15197186
1726
0.07123395377886299
17915296
1727
0.9697128538663382
20805410
1734
0.6910053599465653
7751409
1763
0.6029310842737438
9001725
1800
0.6034618147407617
21049304
1811
0.98390410128391
7461174
1847
0.9261807263407364
37062574
1887
0.34542610223090886
7365144
2028
0.32191180804261543
18151385
2134
0.2496997852016145
19227136
2192
0.7593939774187104
19214639
2204
0.319689105811397
6902930
2232
0.7700260558918941
14579493
2310
0.389431423036261
31709836
2320
0.9492783688027054
6902933
2327
0.35796438900418626
14579494
2327
0.8105775783752889
41522043
2340
0.3528011050963562
17791429
2343
0.3042496641602821
7461171
2359
0.7422864055121721
1903418
2380
0.8229753852794113
6677293
2397
0.6725076972918607
7751408
2407
0.864230688927909
15197181
2415
0.9376626093972532
16250137
2417
0.5736090887907356
7757964
2425
0.369971119887905
14607762
2427
0.5931379065041783
7816860
2456
0.5065587325815033
18752426
2529
0.2562115327927236
48865594
2565
0.9595491552231059
9009951
2621
0.554206832513428
13227225
2640
0.7883346123967683
14858769
2744
0.12597641032712814
33299727
2769
0.8092119781196391
19591126
2807
0.045115029101649884
11220384
2987
0.4399747754543123
32870675
3041
0.4841748754138434
19215921
3081
0.5814597851908664
19524316
3107
0.5809953559848218
32179802
3107
0.6034031835814123
19524327
3126
0.5092736098523023
15197179
3151
0.60033928336229
19514897
3157
0.9308136724803051
36136934
3206
0.2898665835999602
16272469
3258
0.5760641615610888
15431724
3545
0.7687349813315628
19591127
3611
0.6362191278921159
18752420
4248
0.5533163713496339
14125616
4577
0.2560714910962564
32170732
4643
0.09468171704271389
1964777
5324
0.5718572101527664
22337371
5686
0.16241452826528946
16136122
5783
0.15051737003112142
NEW
33299727
47
9009951
781
0.9762649193817394
31709836
982
0.142269197309281
15603181
1552
0.7747337196038954
19591126
1570
0.07137204571816258
32179802
1579
0.14174586080235774
15431724
2017
0.6528837122559468
14125616
2051
0.06691781379538453
19591127
2083
0.8565353768836387
18769839
2239
0.5448687915203714
37062574
2263
0.24123951947968392
15176721
2532
0.8810138227250494
9001725
2625
0.2819466025392402
36136934
2655
0.574877828865466
1940049
2709
0.5094613330249089
17915296
2731
0.20988179331555035
20805410
2738
0.11642960069884722
19524316
2803
0.6565914082634668
15197179
2847
0.6601430469672835
6677293
2854
0.763534428680662
15197181
2911
0.35433828099013465
15197186
2961
0.6879524901573337
19906425
3044
0.5051757812353412
14579493
3062
0.9334536443065178
41522043
3156
0.05657471095616784
17791429
3159
0.7907930980255291
19227136
3172
0.1906909797985057
7461171
3175
0.20337631983639737
19214639
3184
0.03231022281409335
6902930
3212
0.5351219577078754
7751408
3223
0.8611715348517733
16250137
3233
0.44273723317328395
7365144
3299
0.8017477413276538
6902933
3307
0.13806444963534248
14607762
3407
0.7719164055608888
14858769
3591
0.06290205575325047
48865594
3595
0.8945210797925117
6847951
3598
0.13565434114765573
1964777
3796
0.551428002907952
1903418
3979
0.716518746691338
16136122
3979
0.5588351173176661
18151385
4076
0.6789969252781946
7757964
4211
0.4139230426092454
13227229
4868
0.07676126202515787
11220384
4929
0.3832085386301438
32870675
4983
0.9158940300497178
19215921
5023
0.1270516178536637
32170732
6429
0.24593419510215997
NEW
15603181
69
9009951
1249
0.16568821733597128
18769839
1257
0.8848406879863209
31709836
1338
0.4510411443598792
15176721
1550
0.5118531545590014
37062574
1568
0.6046626960426787
33299727
1787
0.9703748988051252
19591126
1825
0.5828654115717122
9001725
1947
0.4956099698609756
7461174
1994
0.030909565231670544
1940049
2031
0.24708090211768596
17915296
2053
0.8626710766579277
20805410
2060
0.21577806530792143
19524316
2125
0.45226990872178485
32179802
2125
0.9741176039280072
19524327
2144
0.6295771998603723
15197179
2169
0.23180795568942214
19514897
2175
0.6403499828024833
6677293
2176
0.09296379879082117
36136934
2224
0.6500962760210794
15197181
2233
0.8233087557175038
16272469
2276
0.8529089833743865
15197186
2283
0.8281420441030576
7751409
2320
0.9848075486054124
9001729
2320
0.11210614896811255
19906425
2366
0.0560988375596978
21049304
2368
0.39400356355015564
16253106
2380
0.5075467340440878
14579493
2384
0.14041333604981876
18464147
2397
0.1874804730723061
9001727
2401
0.3702266232578538
14579494
2401
0.5462589519108165
7770986
2449
0.18114628957233314
18130744
2469
0.08374793033014705
19531582
2471
0.5245015542964007
41522043
2478
0.27579408246798076
17791429
2481
0.9753602564699116
18130746
2488
0.18635060983291185
19227136
2494
0.7329452454119153
19531567
2495
0.5603073283570702
7461171
2497
0.166979435834119
19214639
2506
0.033710643885463853
19531571
2511
0.1771089589104874
18185281
2532
0.9165597743756752
6902930
2534
0.9364374637312065
7751408
2545
0.8504910494488339
16250137
2555
0.18101327180293492
15431724
2563
0.14929713899627028
14858769
2609
0.7225412505042642
7365144
2621
0.25237761988629026
19591127
2629
0.892464035527167
6902933
2629
0.9960174732707983
13227225
2714
0.9658164352135804
14607762
2729
0.19909559340894167
7816860
2758
0.5099741215507436
48865594
2917
0.8108213301104743
6847951
2920
0.006787621923706522
1903418
2997
0.84888990732886
13227229
2997
0.9099355142733534
18752420
3266
0.9156709443357485
18151385
3398
0.6290923273338025
7757964
3533
0.8944553097978036
14125616
3595
0.3382570683566072
11220384
4251
0.7522674713977702
32870675
4305
0.2500223361237799
1964777
4342
0.2933112148600793
19215921
4345
0.2965030128546734
22337371
4704
0.37888861177986455
16136122
4801
0.43003195591047516
32170732
5751
0.0448730615536318
NEW
18769839
69
14858769
1576
0.8746382199722185
1903418
1964
0.17391113615029274
18151385
2108
0.19794786364902872
15176721
2331
0.8119803070060725
15603181
2857
0.5608060671570443
19906425
3034
0.8313762330359245
37062574
3165
0.6700602569073038
6847951
3170
0.7363990502364451
7757964
3501
0.9931353446946953
31709836
3599
0.8638380356496985
32870675
3703
0.578970611743628
19215921
3743
0.7558246923925797
9009951
3900
0.20939275590661777
11220384
3911
0.8638687121548134
7365144
3960
0.622016907883932
33299727
4048
0.09416819742193916
19591126
4086
0.69736807713653
19227136
4124
0.717975961794904
19214639
4136
0.9892916535410397
6902930
4164
0.3674171729933928
9001725
4208
0.9521992746857469
14579493
4242
0.8153223764967129
7461174
4255
0.03771430247054941
6902933
4259
0.9241209346198951
14579494
4259
0.3064148455296336
41522043
4272
0.04851772981263636
17791429
4275
0.8403144860636262
7461171
4291
0.6225562311218658
1940049
4292
0.5142918928337337
17915296
4314
0.06488916375174303
20805410
4321
0.2588277162799021
6677293
4329
0.2358885740099016
7751408
4339
0.9441974195130722
15197181
4347
0.794016644452177
16250137
4349
0.2629008957270752
14607762
4359
0.07215153262904217
32179802
4386
0.26090211953878983
19524316
4386
0.7509535591006714
7816860
4388
0.45064972829084415
19524327
4405
0.197624346605485
15197179
4430
0.16442469633512036
19514897
4436
0.994435614459621
15197186
4444
0.11300628199068052
18752426
4461
0.8601959924100122
7751409
4481
0.09278674361796857
36136934
4485
0.9055139456154588
48865594
4497
0.7282392071258372
21049304
4529
0.32356164521786945
16272469
4537
0.7931267361779355
13227225
4572
0.1444308203348469
9001729
4581
0.47322545079310985
18464147
4658
0.3436053901093987
9001727
4662
0.3189437893583368
7770986
4710
0.24218939397476902
18130744
4730
0.19449681449782674
19531582
4732
0.9450804917752378
18130746
4749
0.3208104633698048
19531567
4756
0.28815191698328435
19531571
4772
0.2947805040861844
18185281
4793
0.9897070044793282
15431724
4824
0.46371565803537185
19591127
4890
0.08613315971344127
13227229
5258
0.1596979983505753
18752420
5527
0.26606352049955584
14125616
5856
0.42626805164384896
32170732
6483
0.9688392366814214
1964777
6603
0.07448174024875365
22337371
6965
0.47715836603949446
16136122
7062
0.21531078805449877
NEW
18151385
57
1903418
460
0.1841341748513754
14858769
824
0.06201470526156461
6847951
1276
0.553322846674118
19906425
1424
0.4640695815714858
7757964
1607
0.3964998920117514
15176721
1830
0.7111930203298379
11220384
2017
0.17607741022815304
32870675
2071
0.9727748872649132
19215921
2111
0.3831878691760514
18769839
2306
0.8585571646111569
15603181
2356
0.26287889643703843
7365144
2604
0.9977709063731541
37062574
2664
0.44694353475874493
19227136
2768
0.9363327160687953
19214639
2780
0.43316542126630286
6902930
2808
0.6984432715572816
14579493
2886
0.41581733235265217
6902933
2903
0.9064668176249335
14579494
2903
0.1528726939937186
41522043
2916
0.7108680832666001
17791429
2919
0.3554592606396141
7461171
2935
0.9629416424876255
6677293
2973
0.3376038477582133
7751408
2983
0.03290534094272224
15197181
2991
0.2804262787958812
16250137
2993
0.6035920194643845
14607762
3003
0.6838924358143539
7816860
3032
0.27752974613948433
1940049
3067
0.21841506406196554
15197186
3088
0.24784902394793717
17915296
3089
0.8935061045790706
20805410
3096
0.8795125409601456
31709836
3098
0.9549651319512491
18752426
3105
0.3082772074932565
7751409
3125
0.25749613878215294
48865594
3141
0.025138396726998802
9001725
3162
0.6660606249769542
21049304
3173
0.5114679486217593
7461174
3209
0.774706209482706
13227225
3216
0.9154609821703866
9009951
3399
0.4321910566205689
33299727
3547
0.3077973352580866
19591126
3585
0.0937111695065922
19524316
3885
0.47067226575273513
32179802
3885
0.31981515239499847
19524327
3904
0.4097514571262695
15197179
3929
0.087664676076182
19514897
3935
0.7364800283313044
36136934
3984
0.31480375516833503
15431724
4323
0.8549684068712606
19591127
4389
0.7982921362935744
32170732
4589
0.06295853494897963
18752420
5026
0.89732131250183
14125616
5355
0.5028403849954912
22337371
5609
0.8182735786494255
1964777
6180
0.592158182474477
16136122
6561
0.45873787859546733
NEW
9009951
67
33299727
801
0.5424656505648017
31709836
1042
0.9205183160652617
15603181
1292
0.7128294149524811
19591126
1339
0.07854643695071462
37062574
1483
0.4149346188290981
32179802
1639
0.8883417693002288
14125616
2068
0.9189372760038602
15431724
2077
0.40289339893051646
19591127
2143
0.534380352367744
18769839
2188
0.05231192635809856
9001725
2365
0.9432125032912205
7461174
2412
0.49621244905055206
1940049
2449
0.3299184462071174
17915296
2471
0.9975413954330041
20805410
2478
0.1278064763015525
15176721
2481
0.5735853527183589
19524316
2543
0.4245468812247164
19524327
2562
0.2694583029330885
15197179
2587
0.7411862096530708
19514897
2593
0.4638355767658199
6677293
2594
0.2172718305740282
15197181
2651
0.6765972568651603
16272469
2694
0.35372727442322893
15197186
2701
0.50199386247222
36136934
2715
0.7411706806394315
7751409
2738
0.9657096284029634
9001729
2738
0.44403196322451766
18752420
2780
0.30465720829168275
19906425
2784
0.4327983433351086
21049304
2786
0.22749993455264794
16253106
2798
0.1238205436852926
14579493
2802
0.5428961215405386
9001727
2819
0.36728919774495783
14579494
2819
0.380552952035346
7770986
2867
0.24131411595020236
18130744
2887
0.39474714538474864
19531582
2889
0.5887013832028519
41522043
2896
0.47652423761912355
17791429
2899
0.15134716600243137
18130746
2906
0.8329611971004444
19227136
2912
0.3965961747071861
7461171
2915
0.3714241982906077
19214639
2924
0.12501907023694092
6902930
2952
0.28356037924479194
7751408
2963
0.8375397801147554
16250137
2973
0.5158339826566631
7365144
3039
0.7125133689316935
6902933
3047
0.4768891802671704
13227225
3132
0.19416120630814027
14607762
3147
0.23114910541919786
7816860
3176
0.36978455240356123
16253108
3267
0.5052288154912815
48865594
3335
0.9645939294725632
6847951
3338
0.8594544508168028
14858769
3540
0.31313193500564396
18021636
3636
0.1996757391968491
18151385
3816
0.681575517606765
1964777
3856
0.6013925011045056
1903418
3928
0.8752506870600838
7757964
3951
0.9438690953817748
22337371
4218
0.9331739936085209
11220384
4669
0.6893938123313176
32870675
4723
0.6021707317845185
19215921
4763
0.9532834924133023
16136122
4829
0.11605523222449277
13227229
4928
0.7828972215544759
32170732
6169
0.9525636968600376
NEW
32870675
45
19215921
276
0.8661877237491769
6847951
1659
0.7774011150630489
1903418
1767
0.11769472242048284
7757964
1802
0.739219567747745
18151385
1897
0.21600131039034154
19906425
2449
0.8830333459235409
14858769
2481
0.9932936861472734
11220384
2735
0.38706381575421445
15176721
2855
0.9846649562787324
7365144
3187
0.9869930668206819
19227136
3351
0.6401973260741692
19214639
3363
0.6729069342134574
6902930
3391
0.9727728806637986
14579493
3469
0.07177193679556337
6902933
3486
0.3732615755952442
41522043
3499
0.8591884562564889
17791429
3502
0.16459826172097702
7461171
3518
0.7785855895624862
6677293
3556
0.20779491291641472
18769839
3563
0.037297437240697784
7751408
3566
0.6147757115600319
16250137
3576
0.8535254020455135
14607762
3586
0.79182488650279
15603181
3612
0.05562209219013581
1940049
3650
0.6382872810480924
15197186
3671
0.8981205207068382
17915296
3672
0.5909635862986975
20805410
3679
0.6233017404732505
9001725
3745
0.24653202157383491
37062574
3921
0.9317863346447286
19524316
4071
0.7515614005004756
31709836
4354
0.052723785666566325
48865594
4536
0.8396408234784113
32170732
4608
0.8488321664624485
9009951
4655
0.9633469419633917
33299727
4803
0.6321297558245788
19591126
4841
0.138832398909849
32179802
5141
0.5841451204107366
15431724
5579
0.9445080568978157
22337371
5628
0.804263901721299
19591127
5645
0.2224876649143237
13227229
6038
0.6893630440172601
18021636
6046
0.8801773960941125
1964777
6199
0.16781861239016638
36136934
6289
0.3157539091884074
NEW
14858769
49
1903418
1085
0.06529468252328186
15176721
1222
0.25954336389461397
18151385
1229
0.8155011703270864
18769839
1698
0.6758720985002622
15603181
1748
0.7965402439214281
19906425
1925
0.07731506123688625
37062574
2056
0.6758665502686656
6847951
2291
0.5140535581816522
31709836
2490
0.3907112677695511
7757964
2622
0.2920280914241409
9009951
2791
0.33563131883404695
32870675
2824
0.3996157271745372
7365144
2851
0.2373436515467161
19215921
2864
0.766685415028078
33299727
2939
0.28500412811712295
19591126
2977
0.003218497008209975
19227136
3015
0.7705430219030676
19214639
3027
0.656485462624406
11220384
3032
0.6506384718096269
6902930
3055
0.3534264404711185
9001725
3099
0.644597434142713
14579493
3133
0.3538975021286209
6902933
3150
0.25913370485717024
41522043
3163
0.004454271533036458
17791429
3166
0.21323703234239466
7461171
3182
0.65310227327533
1940049
3183
0.3085806977904336
17915296
3205
0.6428362070061647
20805410
3212
0.7409158610088487
6677293
3220
0.7538231766930009
7751408
3230
0.016468770621966167
16250137
3240
0.696892361839689
14607762
3250
0.06843671225398518
32179802
3277
0.08883192523007222
19524316
3277
0.35934087756702404
15197179
3321
0.45524852804785143
19514897
3327
0.9054346472357756
15197186
3335
0.7299192971358948
36136934
3376
0.4229042438229693
48865594
3388
0.04929799314666672
16272469
3428
0.5286802265970633
9001729
3472
0.3038808553323823
9001727
3553
0.9408741617549795
19531582
3623
0.4093772059560389
15431724
3715
0.42785940262515854
19591127
3781
0.9330736561963963
32170732
5466
0.3166488251385876
1964777
5494
0.965559978125142
16136122
5953
0.3594314243929404
NEW
19215921
54
32870675
276
0.7043594576069429
7757964
1910
0.7939832295262548
1903418
2110
0.431357295242073
6847951
2255
0.3443620856687911
11220384
2459
0.5657562674900865
18151385
2493
0.4711509797892035
14858769
2824
0.4822432814170785
19906425
3045
0.3769747750087755
15176721
3451
0.35187892806050447
18769839
4159
0.537652623704713
15603181
4208
0.5208098080788743
48865594
4260
0.999856917536216
32170732
4332
0.8472569033075906
7365144
4497
0.4533495867465548
37062574
4517
0.00648601415699368
19227136
4661
0.44370505001186333
19214639
4673
0.4108748989127846
6902930
4701
0.7869735007597038
15197186
4776
0.020141123967994834
14579493
4779
0.7311868124139578
6902933
4796
0.7057904377946537
14579494
4796
0.08428037175655234
41522043
4809
0.8325218100666858
17791429
4812
3.434644513000684E-4
7751409
4813
0.5044396566733793
7461171
4828
0.44568985483476
21049304
4861
0.2503587424490219
6677293
4866
0.3157520101135445
7751408
4876
0.37325103183340647
15197181
4884
0.4590698706286751
16250137
4886
0.42510894074889083
14607762
4896
0.40461123518994546
7816860
4925
0.2794437736307558
31709836
4950
0.7553976214004935
17915296
4990
0.6266841720958184
18752426
4998
0.08011137869555873
1940049
5012
0.8083965423965027
20805410
5063
0.7333475255809587
13227225
5109
0.20814754643228706
9001725
5129
0.5958919795708875
9009951
5251
0.7317285522888054
22337371
5352
0.9334279059332848
33299727
5399
0.617244542530913
19591126
5437
0.8130886318204397
13227229
5762
0.12424436405715178
18021636
5770
0.133107728148945
19524316
5914
0.8467659002095546
1964777
5923
0.8554139790965554
19524327
5933
0.09215047739547089
36136934
6013
0.48144548243852103
15431724
6323
0.15812412758329997
19591127
6389
0.8779137572099246
18752420
6510
0.44545989916221074
32179802
7522
0.8950526126132863
NEW
1903418
61
18151385
403
0.2611572980877467
14858769
814
0.6814840368784908
6847951
1465
0.32425912725299544
19906425
1613
0.496793844472882
7757964
1796
0.3880568075274218
15176721
1820
0.16793158055488244
32870675
1883
0.8715189761100739
19215921
1923
0.09444733149798179
11220384
2206
0.8604487089595176
18769839
2296
0.04930343944586113
15603181
2346
0.5343894185793386
37062574
2654
0.5686181993535908
7365144
2793
0.8160410832116838
19227136
2957
0.8004084839597492
19214639
2969
0.47142546439458344
6902930
2997
0.567518445730589
14579493
3075
0.7348823521313682
31709836
3088
0.5748980273422085
6902933
3092
0.8449498377759845
14579494
3092
0.09079748704344937
41522043
3105
0.2851586774648559
17791429
3108
0.6929683315413854
7461171
3124
0.4857652791968301
6677293
3162
0.385427302577419
7751408
3172
0.7945914035726808
15197181
3180
0.35269310116535346
16250137
3182
0.5316876148280739
14607762
3192
0.07371665793738347
7816860
3221
0.34587776289400585
1940049
3256
0.4171892396707564
15197186
3277
0.16187813594477773
17915296
3278
0.5868492500118934
20805410
3285
0.09325149771060381
18752426
3294
0.48626463848872714
7751409
3314
0.47571218721827946
48865594
3330
0.7869106859200911
21049304
3362
0.9021227082790874
9009951
3389
0.9738920731119021
13227225
3405
0.8979280464569046
33299727
3537
0.12619006144017353
19591126
3575
0.8248886671410143
9001725
3697
0.5817981071125934
7461174
3744
0.23105837946693564
19524316
3875
0.8146112752490351
32179802
3875
0.24339082388428157
19524327
3894
0.38465231199717487
15197179
3919
0.6216543268717263
19514897
3925
0.24447082922417318
36136934
3974
0.7321253349265519
16272469
4026
0.7237859254003416
9001729
4070
0.2585701017874573
9001727
4151
0.3562277152806318
19531582
4221
0.8261978861325068
15431724
4313
0.2440660144310245
19591127
4379
0.5795835948893326
32170732
4778
0.7199126040685153
18752420
5016
0.914145739459434
14125616
5345
0.7024949669070215
22337371
5798
0.12688638835033128
1964777
6092
0.8537930278583928
16136122
6551
0.4181335850648693
NEW
14125616
31
33299727
1643
0.6273017208269809
32179802
1706
0.9624848320006097
9009951
1825
0.7052518971505151
19591126
1875
0.2726616093479214
15431724
2144
0.5127354804302643
19591127
2210
0.7313105562929717
31709836
2405
0.27840682412796813
36136934
2782
0.46780789272050616
15603181
2975
0.9974689726160496
19524316
3020
0.04284814469246978
37062574
3023
0.10881847852194149
18769839
3662
0.08415960986517401
1964777
3923
0.3934623086007022
15176721
3955
0.8313439408902755
9001725
4048
0.6577057399263647
1940049
4132
0.8139700099486538
17915296
4154
0.007335269079432716
20805410
4161
0.7501688309181821
16136122
4284
0.7264065961122187
15197186
4384
0.4367119819163965
19906425
4467
0.9277400220111892
13227229
4995
0.45766548721206923
14858769
5014
0.676393246489901
6847951
5021
0.09708070352387965
1903418
5402
0.339922142394366
18151385
5499
0.8598177210972581
7757964
5634
0.580970937103114
11220384
6352
0.5196311872578542
32870675
6406
0.9726030382664513
19215921
6446
0.9893383780107989
32170732
8010
0.43185957896829974
NEW
16136122
24
18752420
3024
0.48661972832921296
13710445
3063
0.9825120628872788
32179802
3344
0.2212793030764313
19591126
3621
0.17717843365282837
1964777
3810
0.004250122484692587
22337371
4172
0.4383420374786623
15431724
4220
0.9520249111104313
19591127
4286
0.6769233336203209
33299727
4583
0.5874092582368199
31709836
4604
0.5785971749580325
14125616
4794
0.7015388461853482
36136934
4858
0.6278474359052142
13227229
4882
0.004109095500751336
18021636
4890
0.18674778084347887
9009951
5086
0.8379909625021108
15603181
5174
0.13172587105910794
18769839
5861
0.6382346106690288
15176721
6154
0.7523011509863508
37062574
6219
0.7693994899261267
19906425
6560
0.8593052723056492
6847951
7114
0.35283076190885376
14858769
7213
0.5678438747900285
11220384
7522
0.49868130057160254
7757964
8049
0.6968098603558119
NEW
37062574
51
18769839
953
0.36604367275708716
15176721
1246
0.5498054989603223
9009951
1601
0.8965109520146516
15603181
1611
0.3526953997843266
19906425
2038
0.1879643714969591
31709836
2075
0.36463940107486836
33299727
2214
0.9106468268937463
14858769
2305
0.649413093919088
19591126
2562
0.1090062768275537
6847951
2592
0.3923114397747368
9001725
2684
0.20089079896102457
1903418
2693
0.12826575242435556
1940049
2768
0.07908032109298102
17915296
2790
0.16543290315934578
20805410
2797
0.3656052548881119
18151385
2837
0.15500881110147724
32179802
2862
0.07171440414248609
19524316
2862
0.185068801697846
15197179
2906
0.008719702939037899
19514897
2912
0.929669066492339
6677293
2913
0.18839668433862367
36136934
2961
0.4331988951095376
7365144
2964
0.3854162496170158
15197181
2970
0.6761241447380113
16272469
3013
0.8258051277249985
15197186
3020
0.4770029063932738
9001729
3057
0.26019182929776563
14579493
3121
0.8153067978994053
19227136
3128
0.2022185581928485
9001727
3138
0.7915880629832326
19214639
3140
0.9127523537555747
14125616
3148
0.1104672058617322
6902930
3168
0.41928683792022525
19531582
3208
0.8154709759520593
41522043
3215
0.935201726311078
17791429
3218
0.6137477750488061
7461171
3234
0.021471635945001677
7751408
3282
0.29707257081229477
16250137
3292
0.5782471029945669
15431724
3300
0.7403949348915262
7757964
3361
0.7078505199622316
6902933
3366
0.6906790427721347
19591127
3366
0.9246487497594637
14607762
3466
0.9502525698387096
48865594
3501
0.44961152455104847
11220384
3923
0.716767588990809
32870675
3977
0.09490127592616526
19215921
4017
0.3257522270863853
1964777
5079
0.7714470667811631
32170732
5579
0.7142909885977694
16136122
5909
0.02314056530331776
NEW
32170732
57
11220384
2968
0.8014354375814573
48865594
3205
0.3661893592561771
7365144
3442
0.0814603454186339
7757964
3495
0.08052874872853977
19227136
3606
0.9221140656807214
19214639
3618
0.5294120312427268
6902930
3646
0.9267604784894466
15197186
3721
0.9688767984949864
14579493
3724
0.7850943988259792
6902933
3741
0.12435588151773047
14579494
3741
0.0333780034752823
41522043
3754
0.8590232200743589
17791429
3757
0.2564616547825872
7751409
3758
0.917418912813003
7461171
3773
0.3779173787837993
21049304
3806
0.7064939209033064
6677293
3811
0.642241231888251
7751408
3821
0.16058436182837266
15197181
3829
0.7382254064034318
16250137
3831
0.04122691150073743
14607762
3841
0.7423239203709783
7816860
3870
0.23954233068661823
17915296
3935
0.37533995380529417
18752426
3943
0.2986531500030888
1940049
3957
0.6183622843526144
20805410
4008
0.05489431738661388
13227225
4054
0.3810243423542723
9001725
4074
0.9361825459185624
7461174
4121
0.46641557263974676
22337371
4294
0.5587122901299857
19215921
4362
0.04504367788065167
6847951
4595
0.16215196701554535
15176721
4604
0.7009415668750391
19906425
4635
0.5298566967872425
32870675
4638
0.5152850343978692
13227229
4704
0.09355000007139103
18021636
4712
0.7288029713644328
18151385
4833
0.23884091642938599
19524316
4859
0.09901850131007395
1964777
4865
0.5543409930992053
19524327
4878
0.9202773281237905
36136934
4958
0.12666229541427243
15603181
5048
0.7850416960152622
1903418
5079
0.5279686281480459
31709836
5164
0.9686291440017344
15431724
5268
0.0019026620299195107
18769839
5312
0.9541452950875571
19591127
5334
0.4856272080569306
9009951
5339
0.17062326871477884
14858769
5443
0.5465342301711484
18752420
5452
0.7892828042214134
33299727
5613
0.42614664490851883
19591126
5651
0.1574291460438575
37062574
5670
0.1132494283103268
32179802
6464
0.5970229330447525
16136122
7872
0.4838448421766436
14125616
7914
0.2586857196369239
NEW
33237965
0
NEW
32163491
0
NEW
32878105
50
14858769
1532
0.8957660062628191
37062574
1910
0.10830793828630747
1903418
2033
0.3874589753092459
18151385
2177
0.9920668674683099
18769839
2333
0.5584418534488693
15176721
2400
0.839237488719294
15603181
2926
0.8862753053509878
19906425
3103
0.13650808458583874
9009951
3197
0.3226662952370616
6847951
3239
0.761541858555058
7757964
3570
0.4988344001938164
31709836
3668
0.4693248249826665
32870675
3772
0.3248779470549451
33299727
3810
0.8576043425203793
19215921
3812
0.585097089212761
11220384
3980
0.5257737003378178
7365144
4029
0.7846916515258644
19591126
4155
0.6163376658837418
19227136
4193
0.7947136807066617
19214639
4205
0.6741779172449994
6902930
4233
0.1515001665594401
9001725
4277
0.1639148031523946
14579493
4311
0.40204732680631183
6902933
4328
0.3905583773295278
41522043
4341
0.9340485474645751
17791429
4344
0.5172996193342694
7461171
4360
0.9028597368649478
1940049
4361
0.8637826604077609
17915296
4383
0.3598627046343561
20805410
4390
0.3987182698373709
6677293
4398
0.5180758337730246
7751408
4408
0.9655639906422222
16250137
4418
0.36004584227090697
14607762
4428
0.15565753460139697
32179802
4455
0.9268010041526699
19524316
4455
0.17921284391290604
15197179
4499
0.6298395536434943
19514897
4505
0.5936714871429934
15197186
4513
0.6337732187135384
36136934
4554
0.29686410788439854
48865594
4566
0.6764790277086097
16272469
4606
0.9482235419808678
9001729
4650
0.8656894235517857
9001727
4731
0.566973056830821
14125616
4744
0.8332550642406708
19531582
4801
0.7969857028901177
15431724
4893
0.7863539984635369
19591127
4959
0.5021933296455223
1964777
6672
0.19232741807196452
16136122
7131
0.44546267186636923
