19514897	16250137	23	45	12	12		254197	24	45	12	12		143054
19514897	18130267	23	45	8	8		128175	24	45	8	8		110172
19514897	18752428	23	45	8	8		117064	24	45	8	8		107206
19514897	18752426	23	45	8	8		102620	24	45	8	8		113100
19514897	18130598	23	45	8	8		118021	24	45	8	8		113197
19514897	14579088	23	45	8	8		110205	24	45	8	8		107429
19514897	18464147	23	45	8	8		106675	24	45	8	8		102476
19514897	41522043	23	45	12	12		107010	24	45	12	12		105844
19514897	14579494	23	45	11	11		106967	24	45	11	11		101219
19514897	15197179	23	45	10	10		110710	24	45	10	10		113125
19514897	16272469	23	45	8	8		115172	24	45	8	8		105992
19514897	16211076	23	45	8	8		106320	24	45	8	8		103854
19514897	16253106	23	45	9	9		111397	24	45	9	9		104683
19514897	14579493	23	45	11	11		104938	24	45	11	11		101988
19514897	49650310	23	45	8	8		102244	24	45	8	8		103562
19514897	7770986	23	45	8	8		99820	24	45	8	8		106767
19514897	17791429	23	45	9	9		106159	24	45	9	9		107648
19514897	7461171	23	45	11	11		107342	24	45	11	11		106998
19514897	6677293	23	45	10	10		104752	24	45	10	10		103187
19514897	21057006	23	45	11	11		104503	24	45	11	11		104720
19514897	18021634	23	45	12	12		104696	24	45	12	12		103581
19514897	13955186	23	45	10	10		107305	24	45	10	10		112696
19514897	16210652	23	45	10	10		108033	24	45	10	10		106633
19514897	14579476	23	45	12	12		105677	24	45	12	12		99716
19514897	7459221	23	45	8	8		113724	24	45	8	8		106673
19514897	18754874	23	45	11	11		105253	24	45	11	11		103429
19514897	35497190	23	45	12	12		102448	24	45	12	12		94999
19514897	9001623	23	45	9	9		102099	24	45	9	9		101562
19514897	15178444	23	45	9	9		98098	24	45	9	9		96513
16250137	19514897	25	81	12	12		97870	25	81	12	12		98884
16250137	18130267	25	81	14	14		97929	25	81	14	14		94900
16250137	18752428	25	81	14	14		96405	25	81	14	14		96170
16250137	18752426	25	81	14	14		93782	25	81	14	14		95015
16250137	18130598	25	81	14	14		95905	25	81	14	14		96856
16250137	14579088	25	81	14	14		106363	25	81	14	14		96305
16250137	18464147	25	81	12	12		94677	25	81	12	12		99107
16250137	41522043	25	81	13	13		97015	25	81	13	13		95757
16250137	14579494	25	81	13	13		92888	25	81	13	13		95343
16250137	15197179	25	81	13	13		97560	25	81	13	13		99791
16250137	16272469	25	81	12	12		99968	25	81	12	12		96852
16250137	16211076	25	81	14	14		95286	25	81	14	14		97688
16250137	16253106	25	81	12	12		107070	25	81	12	12		105861
16250137	14579493	25	81	13	13		104328	25	81	13	13		102739
16250137	49650310	25	81	12	12		97836	25	81	12	12		94882
16250137	7770986	25	81	14	14		95600	25	81	14	14		93503
16250137	17791429	25	81	12	12		96898	25	81	12	12		90824
16250137	7461171	25	81	13	13		96012	25	81	13	13		96021
16250137	6677293	25	81	12	12		94597	25	81	12	12		99301
16250137	21057006	25	81	13	13		97551	25	81	13	13		97761
16250137	18021634	25	81	12	12		112634	25	81	12	12		95689
16250137	13955186	25	81	15	15		98207	25	81	15	15		100058
16250137	16210652	25	81	14	14		102241	25	81	14	14		96315
16250137	14579476	25	81	13	13		100979	25	81	13	13		94835
16250137	7459221	25	81	16	16		99968	25	81	16	16		96071
16250137	18754874	25	81	12	12		99067	25	81	12	12		101133
16250137	35497190	25	81	14	14		103619	25	81	14	14		100542
16250137	9001623	25	81	13	13		94458	25	81	13	13		93397
16250137	15178444	25	81	13	13		96218	25	81	13	13		93852
18130267	19514897	8	26	6	6		93559	8	26	6	6		92379
18130267	16250137	8	26	6	6		92827	8	26	6	6		102896
18130267	18752428	8	26	5	5		91743	8	26	5	5		93237
18130267	18752426	8	26	5	5		95412	8	26	5	5		94701
18130267	18130598	8	26	5	5		92866	8	26	5	5		103845
18130267	14579088	8	26	5	5		97058	8	26	5	5		94486
18130267	18464147	8	26	6	6		97953	8	26	6	6		89877
18130267	41522043	8	26	8	8		92544	8	26	8	8		99090
18130267	14579494	8	26	8	8		98072	8	26	8	8		98367
18130267	15197179	8	26	6	6		97513	8	26	6	6		94277
18130267	16272469	8	26	6	6		95304	8	26	6	6		89147
18130267	16211076	8	26	5	5		89766	8	26	5	5		90869
18130267	16253106	8	26	5	5		93189	8	26	5	5		92717
18130267	14579493	8	26	8	8		92800	8	26	8	8		93469
18130267	49650310	8	26	4	4		91776	8	26	4	4		94937
18130267	7770986	8	26	5	5		93152	8	26	5	5		91541
18130267	17791429	8	26	6	6		96100	8	26	6	6		92358
18130267	7461171	8	26	8	8		97066	8	26	8	8		95148
18130267	6677293	8	26	6	6		95762	8	26	6	6		87727
18130267	21057006	8	26	6	6		97606	8	26	6	6		98046
18130267	18021634	8	26	8	8		104987	8	26	8	8		95444
18130267	13955186	8	26	6	6		95136	8	26	6	6		96873
18130267	16210652	8	26	6	6		94771	8	26	6	6		96747
18130267	14579476	8	26	8	8		99085	8	26	8	8		97308
18130267	7459221	8	26	5	5		98042	8	26	5	5		90159
18130267	18754874	8	26	7	7		98203	8	26	7	7		98388
18130267	35497190	8	26	10	10		92876	8	26	10	10		101476
18130267	9001623	8	26	6	6		104787	8	26	6	6		101579
18130267	15178444	8	26	7	7		92154	8	26	7	7		92443
18752428	19514897	8	26	6	6		96687	8	26	6	6		90144
18752428	16250137	8	26	6	6		95557	8	26	6	6		93991
18752428	18130267	8	26	5	5		93408	8	26	5	5		101050
18752428	18752426	8	26	5	5		94006	8	26	5	5		93662
18752428	18130598	8	26	5	5		102705	8	26	5	5		108480
18752428	14579088	8	26	5	5		94000	8	26	5	5		94166
18752428	18464147	8	26	6	6		97580	8	26	6	6		91065
18752428	41522043	8	26	8	8		94307	8	26	8	8		102483
18752428	14579494	8	26	8	8		92524	8	26	8	8		92767
18752428	15197179	8	26	6	6		94203	8	26	6	6		95378
18752428	16272469	8	26	6	6		96980	8	26	6	6		94220
18752428	16211076	8	26	5	5		94413	8	26	5	5		95884
18752428	16253106	8	26	5	5		93453	8	26	5	5		96033
18752428	14579493	8	26	8	8		98048	8	26	8	8		95538
18752428	49650310	8	26	4	4		94452	8	26	4	4		97916
18752428	7770986	8	26	5	5		106619	8	26	5	5		95160
18752428	17791429	8	26	6	6		92497	8	26	6	6		101390
18752428	7461171	8	26	8	8		92399	8	26	8	8		92567
18752428	6677293	8	26	6	6		95452	8	26	6	6		91551
18752428	21057006	8	26	6	6		89232	8	26	6	6		93284
18752428	18021634	8	26	8	8		98154	8	26	8	8		92032
18752428	13955186	8	26	6	6		93040	8	26	6	6		95416
18752428	16210652	8	26	6	6		98481	8	26	6	6		96376
18752428	14579476	8	26	8	8		90749	8	26	8	8		95125
18752428	7459221	8	26	5	5		95075	8	26	5	5		93829
18752428	18754874	8	26	7	7		96186	8	26	7	7		94530
18752428	35497190	8	26	10	10		91836	8	26	10	10		93250
18752428	9001623	8	26	6	6		100050	8	26	6	6		90851
18752428	15178444	8	26	7	7		93636	8	26	7	7		101861
18752426	19514897	18	46	7	7		92716	18	46	7	7		100275
18752426	16250137	18	46	10	10		100819	18	46	10	10		98049
18752426	18130267	18	46	7	7		95155	18	46	7	7		97482
18752426	18752428	18	46	7	7		96843	18	46	7	7		92640
18752426	18130598	18	46	7	7		101253	18	46	7	7		102193
18752426	14579088	18	46	7	7		96867	18	46	7	7		98144
18752426	18464147	18	46	7	7		99287	18	46	7	7		100661
18752426	41522043	18	46	13	13		97922	18	46	13	13		96134
18752426	14579494	18	46	10	10		95875	18	46	10	10		94180
18752426	15197179	18	46	9	9		97885	18	46	9	9		95669
18752426	16272469	18	46	7	7		92207	18	46	7	7		92089
18752426	16211076	18	46	7	7		87340	18	46	7	7		90725
18752426	16253106	18	46	8	8		92958	18	46	8	8		95319
18752426	14579493	18	46	10	10		97063	18	46	10	10		97497
18752426	49650310	18	46	6	6		91004	18	46	6	6		94388
18752426	7770986	18	46	7	7		98808	18	46	7	7		96187
18752426	17791429	18	46	10	10		89483	18	46	10	10		97117
18752426	7461171	18	46	10	10		95233	18	46	10	10		93997
18752426	6677293	18	46	11	11		91378	18	46	11	11		93339
18752426	21057006	18	46	10	10		99357	18	46	10	10		96495
18752426	18021634	18	46	13	13		94840	18	46	13	13		93165
18752426	13955186	18	46	9	9		93066	18	46	9	9		94248
18752426	16210652	18	46	10	10		102187	18	46	10	10		98153
18752426	14579476	18	46	11	11		96873	18	46	11	11		92786
18752426	7459221	18	46	7	7		95337	18	46	7	7		93517
18752426	18754874	18	46	9	9		104093	18	46	9	9		105027
18752426	35497190	18	46	11	11		98913	18	46	11	11		97924
18752426	9001623	18	46	6	6		95955	18	46	6	6		99910
18752426	15178444	18	46	9	9		93188	18	46	9	9		97911
18130598	19514897	12	43	9	9		97119	12	43	9	9		99051
18130598	16250137	12	43	10	10		96853	12	43	10	10		96742
18130598	18130267	12	43	8	8		92900	12	43	8	8		95031
18130598	18752428	12	43	8	8		92868	12	43	8	8		96738
18130598	18752426	12	43	8	8		94846	12	43	8	8		87923
18130598	14579088	12	43	8	8		90761	12	43	8	8		100993
18130598	18464147	12	43	9	9		97382	12	43	9	9		94905
18130598	41522043	12	43	10	10		96662	12	43	10	10		96148
18130598	14579494	12	43	10	10		99054	12	43	10	10		98770
18130598	15197179	12	43	10	10		100815	12	43	10	10		94750
18130598	16272469	12	43	9	9		93086	12	43	9	9		91715
18130598	16211076	12	43	8	8		97848	12	43	8	8		90795
18130598	16253106	12	43	8	8		97168	12	43	8	8		97577
18130598	14579493	12	43	10	10		95030	12	43	10	10		93085
18130598	49650310	12	43	7	7		92552	12	43	7	7		92597
18130598	7770986	12	43	8	8		99787	12	43	8	8		95392
18130598	17791429	12	43	8	8		105519	12	43	8	8		97086
18130598	7461171	12	43	10	10		100294	12	43	10	10		96868
18130598	6677293	12	43	8	8		99770	12	43	8	8		100776
18130598	21057006	12	43	9	9		93575	12	43	9	9		97704
18130598	18021634	12	43	10	10		96149	12	43	10	10		95730
18130598	13955186	12	43	9	9		100771	12	43	9	9		94939
18130598	16210652	12	43	9	9		97015	12	43	9	9		95280
18130598	14579476	12	43	10	10		101516	12	43	10	10		105944
18130598	7459221	12	43	8	8		96214	12	43	8	8		95962
18130598	18754874	12	43	10	10		93473	12	43	10	10		104966
18130598	35497190	12	43	11	11		93199	12	43	11	11		98641
18130598	9001623	12	43	12	12		96505	12	43	12	12		87883
18130598	15178444	12	43	9	9		102941	12	43	9	9		92427
14579088	19514897	20	72	16	16		91524	20	72	16	16		92211
14579088	16250137	20	72	12	12		92547	20	72	12	12		95854
14579088	18130267	20	72	13	13		94907	20	72	13	13		89422
14579088	18752428	20	72	13	13		91487	20	72	13	13		92639
14579088	18752426	20	72	13	13		92553	20	72	13	13		90784
14579088	18130598	20	72	13	13		94772	20	72	13	13		89785
14579088	18464147	20	72	16	16		90065	20	72	16	16		89541
14579088	41522043	20	72	11	11		90422	20	72	11	11		93776
14579088	14579494	20	72	13	13		92116	20	72	13	13		95035
14579088	15197179	20	72	11	11		92959	20	72	11	11		93903
14579088	16272469	20	72	15	15		90587	20	72	15	15		90298
14579088	16211076	20	72	13	13		101543	20	72	13	13		89102
14579088	16253106	20	72	12	12		90948	20	72	12	12		97399
14579088	14579493	20	72	13	13		94030	20	72	13	13		98505
14579088	49650310	20	72	12	12		98465	20	72	12	12		94952
14579088	7770986	20	72	13	13		89901	20	72	13	13		93389
14579088	17791429	20	72	11	11		92575	20	72	11	11		93598
14579088	7461171	20	72	13	13		95832	20	72	13	13		97693
14579088	6677293	20	72	11	11		93047	20	72	11	11		98991
14579088	21057006	20	72	13	13		96559	20	72	13	13		94110
14579088	18021634	20	72	13	13		93777	20	72	13	13		92966
14579088	13955186	20	72	12	12		94185	20	72	12	12		103951
14579088	16210652	20	72	16	16		90678	20	72	16	16		91613
14579088	14579476	20	72	13	13		92094	20	72	13	13		91908
14579088	7459221	20	72	13	13		95498	20	72	13	13		91700
14579088	18754874	20	72	13	13		92234	20	72	13	13		97278
14579088	35497190	20	72	16	16		95906	20	72	16	16		95143
14579088	9001623	20	72	15	15		93975	20	72	15	15		90323
14579088	15178444	20	72	12	12		90386	20	72	12	12		99953
18464147	19514897	23	43	7	7		92592	24	43	7	7		93138
18464147	16250137	23	43	11	11		93622	24	43	11	11		92271
18464147	18130267	23	43	7	7		92241	24	43	7	7		89747
18464147	18752428	23	43	7	7		89785	24	43	7	7		91167
18464147	18752426	23	43	7	7		98450	24	43	7	7		94109
18464147	18130598	23	43	7	7		94582	24	43	7	7		96842
18464147	14579088	23	43	7	7		94020	24	43	7	7		102250
18464147	41522043	23	43	11	11		91870	24	43	11	11		93246
18464147	14579494	23	43	9	9		95875	24	43	9	9		89964
18464147	15197179	23	43	9	9		95668	24	43	9	9		93648
18464147	16272469	23	43	7	7		96673	24	43	7	7		90078
18464147	16211076	23	43	7	7		92107	24	43	7	7		93727
18464147	16253106	23	43	8	8		94411	24	43	8	8		91544
18464147	14579493	23	43	9	9		104585	24	43	9	9		94319
18464147	49650310	23	43	6	6		90441	24	43	6	6		99339
18464147	7770986	23	43	7	7		95475	24	43	7	7		90952
18464147	17791429	23	43	8	8		90348	24	43	8	8		99849
18464147	7461171	23	43	9	9		89878	24	43	9	9		92420
18464147	6677293	23	43	9	9		91038	24	43	9	9		100300
18464147	21057006	23	43	10	10		95628	24	43	10	10		95361
18464147	18021634	23	43	10	10		100706	24	43	10	10		97099
18464147	13955186	23	43	9	9		96344	24	43	9	9		103192
18464147	16210652	23	43	10	10		94451	24	43	10	10		94477
18464147	14579476	23	43	11	11		94325	24	43	11	11		91349
18464147	7459221	23	43	7	7		96773	24	43	7	7		93464
18464147	18754874	23	43	10	10		97194	24	43	10	10		92099
18464147	35497190	23	43	11	11		94479	24	43	11	11		100944
18464147	9001623	23	43	7	7		96588	24	43	7	7		95043
18464147	15178444	23	43	7	7		94769	24	43	7	7		91612
41522043	19514897	21	70	13	13		90717	21	70	13	13		93947
41522043	16250137	21	70	12	12		93617	21	70	12	12		92863
41522043	18130267	21	70	12	12		91640	21	70	12	12		92454
41522043	18752428	21	70	12	12		91800	21	70	12	12		95917
41522043	18752426	21	70	12	12		94885	21	70	12	12		93448
41522043	18130598	21	70	12	12		96294	21	70	12	12		97830
41522043	14579088	21	70	12	12		95376	21	70	12	12		100999
41522043	18464147	21	70	14	14		93337	21	70	14	14		97394
41522043	14579494	21	70	14	14		93267	21	70	14	14		93262
41522043	15197179	21	70	14	14		94378	21	70	14	14		94695
41522043	16272469	21	70	13	13		91388	21	70	13	13		95111
41522043	16211076	21	70	12	12		95589	21	70	12	12		92100
41522043	16253106	21	70	13	13		100097	21	70	13	13		92709
41522043	14579493	21	70	14	14		93744	21	70	14	14		97355
41522043	49650310	21	70	11	11		93577	21	70	11	11		105273
41522043	7770986	21	70	12	12		95981	21	70	12	12		93097
41522043	17791429	21	70	11	11		92131	21	70	11	11		90236
41522043	7461171	21	70	14	14		91017	21	70	14	14		94550
41522043	6677293	21	70	11	11		106993	21	70	11	11		96245
41522043	21057006	21	70	12	12		94731	21	70	12	12		95076
41522043	18021634	21	70	12	12		95136	21	70	12	12		93728
41522043	13955186	21	70	14	14		96531	21	70	14	14		102737
41522043	16210652	21	70	14	14		95709	21	70	14	14		93674
41522043	14579476	21	70	13	13		92071	21	70	13	13		95885
41522043	7459221	21	70	12	12		93459	21	70	12	12		93404
41522043	18754874	21	70	12	12		86449	21	70	12	12		95905
41522043	35497190	21	70	15	15		96071	21	70	15	15		106573
41522043	9001623	21	70	14	14		95982	21	70	14	14		91875
41522043	15178444	21	70	13	13		95940	21	70	13	13		94604
14579494	19514897	15	53	9	9		95630	15	53	9	9		96200
14579494	16250137	15	53	11	11		94230	15	53	11	11		95436
14579494	18130267	15	53	9	9		89241	15	53	9	9		91590
14579494	18752428	15	53	9	9		94414	15	53	9	9		91810
14579494	18752426	15	53	9	9		93232	15	53	9	9		94399
14579494	18130598	15	53	9	9		92052	15	53	9	9		102440
14579494	14579088	15	53	9	9		94837	15	53	9	9		93641
14579494	18464147	15	53	10	10		94695	15	53	10	10		99442
14579494	41522043	15	53	13	13		92884	15	53	13	13		90547
14579494	15197179	15	53	10	10		94612	15	53	10	10		96957
14579494	16272469	15	53	10	10		102606	15	53	10	10		90938
14579494	16211076	15	53	9	9		89136	15	53	9	9		89135
14579494	16253106	15	53	9	9		93396	15	53	9	9		91115
14579494	14579493	15	53	11	11		93351	15	53	11	11		92209
14579494	49650310	15	53	10	10		95942	15	53	10	10		94952
14579494	7770986	15	53	9	9		90852	15	53	9	9		102942
14579494	17791429	15	53	9	9		91842	15	53	9	9		93644
14579494	7461171	15	53	11	11		92271	15	53	11	11		88806
14579494	6677293	15	53	12	12		97463	15	53	12	12		94499
14579494	21057006	15	53	10	10		93748	15	53	10	10		94395
14579494	18021634	15	53	9	9		95328	15	53	9	9		96353
14579494	13955186	15	53	11	11		98991	15	53	11	11		96379
14579494	16210652	15	53	11	11		98131	15	53	11	11		96270
14579494	14579476	15	53	11	11		92574	15	53	11	11		94959
14579494	7459221	15	53	10	10		91572	15	53	10	10		96179
14579494	18754874	15	53	10	10		93768	15	53	10	10		92265
14579494	35497190	15	53	12	12		99607	15	53	12	12		93302
14579494	9001623	15	53	9	9		95635	15	53	9	9		96489
14579494	15178444	15	53	10	10		91953	15	53	10	10		91979
15197179	19514897	26	48	9	9		94791	26	48	9	9		95706
15197179	16250137	26	48	12	12		92640	26	48	12	12		96272
15197179	18130267	26	48	9	9		92493	26	48	9	9		93258
15197179	18752428	26	48	9	9		105277	26	48	9	9		96351
15197179	18752426	26	48	9	9		97839	26	48	9	9		93713
15197179	18130598	26	48	9	9		93103	26	48	9	9		94374
15197179	14579088	26	48	9	9		95764	26	48	9	9		95551
15197179	18464147	26	48	9	9		91515	26	48	9	9		97053
15197179	41522043	26	48	13	13		91507	26	48	13	13		95004
15197179	14579494	26	48	12	12		100790	26	48	12	12		95167
15197179	16272469	26	48	9	9		95787	26	48	9	9		92991
15197179	16211076	26	48	9	9		105489	26	48	9	9		91633
15197179	16253106	26	48	10	10		99783	26	48	10	10		94448
15197179	14579493	26	48	12	12		94910	26	48	12	12		99321
15197179	49650310	26	48	8	8		91914	26	48	8	8		93988
15197179	7770986	26	48	9	9		97496	26	48	9	9		94619
15197179	17791429	26	48	10	10		95780	26	48	10	10		93215
15197179	7461171	26	48	12	12		102029	26	48	12	12		98841
15197179	6677293	26	48	11	11		97919	26	48	11	11		94319
15197179	21057006	26	48	12	12		90964	26	48	12	12		99354
15197179	18021634	26	48	12	12		95433	26	48	12	12		98657
15197179	13955186	26	48	11	11		97442	26	48	11	11		103448
15197179	16210652	26	48	11	11		97065	26	48	11	11		94853
15197179	14579476	26	48	13	13		92506	26	48	13	13		102055
15197179	7459221	26	48	9	9		96205	26	48	9	9		91598
15197179	18754874	26	48	11	11		94030	26	48	11	11		94751
15197179	35497190	26	48	13	13		96919	26	48	13	13		94299
15197179	9001623	26	48	8	8		93037	26	48	8	8		95848
15197179	15178444	26	48	10	10		95491	26	48	10	10		97560
16272469	19514897	24	48	7	7		94599	25	48	7	7		92051
16272469	16250137	24	48	11	11		92636	25	48	11	11		91782
16272469	18130267	24	48	7	7		90071	25	48	7	7		93914
16272469	18752428	24	48	7	7		92559	25	48	7	7		100666
16272469	18752426	24	48	7	7		89047	25	48	7	7		92302
16272469	18130598	24	48	7	7		91280	25	48	7	7		94938
16272469	14579088	24	48	7	7		99877	25	48	7	7		88511
16272469	18464147	24	48	7	7		90471	25	48	7	7		93763
16272469	41522043	24	48	12	12		92585	25	48	12	12		89903
16272469	14579494	24	48	11	11		89822	25	48	11	11		92777
16272469	15197179	24	48	9	9		87342	25	48	9	9		92447
16272469	16211076	24	48	7	7		94581	25	48	7	7		91896
16272469	16253106	24	48	8	8		92024	25	48	8	8		94854
16272469	14579493	24	48	11	11		91701	25	48	11	11		92324
16272469	49650310	24	48	9	9		93249	25	48	9	9		93811
16272469	7770986	24	48	7	7		96500	25	48	7	7		97532
16272469	17791429	24	48	9	9		92791	25	48	9	9		95172
16272469	7461171	24	48	11	11		92156	25	48	11	11		92652
16272469	6677293	24	48	10	10		98065	25	48	10	10		97890
16272469	21057006	24	48	10	10		93947	25	48	10	10		93381
16272469	18021634	24	48	13	13		106917	25	48	13	13		95141
16272469	13955186	24	48	9	9		93825	25	48	9	9		92825
16272469	16210652	24	48	11	11		91559	25	48	11	11		95874
16272469	14579476	24	48	12	12		89907	25	48	12	12		90766
16272469	7459221	24	48	7	7		89663	25	48	7	7		95082
16272469	18754874	24	48	10	10		94634	25	48	10	10		103135
16272469	35497190	24	48	12	12		100746	25	48	12	12		92640
16272469	9001623	24	48	9	9		95016	25	48	9	9		96487
16272469	15178444	24	48	9	9		96253	25	48	9	9		93252
16211076	19514897	5	25	7	7		94447	5	25	7	7		101823
16211076	16250137	5	25	10	10		90049	5	25	10	10		88416
16211076	18130267	5	25	7	7		89469	5	25	7	7		95914
16211076	18752428	5	25	7	7		93718	5	25	7	7		89715
16211076	18752426	5	25	7	7		93230	5	25	7	7		90212
16211076	18130598	5	25	7	7		92284	5	25	7	7		88292
16211076	14579088	5	25	7	7		95222	5	25	7	7		88597
16211076	18464147	5	25	7	7		101375	5	25	7	7		91348
16211076	41522043	5	25	9	9		91312	5	25	9	9		94669
16211076	14579494	5	25	9	9		87882	5	25	9	9		92668
16211076	15197179	5	25	9	9		93984	5	25	9	9		91414
16211076	16272469	5	25	7	7		91254	5	25	7	7		93780
16211076	16253106	5	25	8	8		94128	5	25	8	8		93789
16211076	14579493	5	25	9	9		92538	5	25	9	9		93364
16211076	49650310	5	25	6	6		96529	5	25	6	6		91368
16211076	7770986	5	25	7	7		97179	5	25	7	7		96126
16211076	17791429	5	25	6	6		93945	5	25	6	6		93639
16211076	7461171	5	25	9	9		94836	5	25	9	9		94380
16211076	6677293	5	25	7	7		92469	5	25	7	7		95828
16211076	21057006	5	25	10	10		96856	5	25	10	10		91206
16211076	18021634	5	25	9	9		92168	5	25	9	9		90298
16211076	13955186	5	25	9	9		93921	5	25	9	9		98424
16211076	16210652	5	25	8	8		95756	5	25	8	8		91164
16211076	14579476	5	25	9	9		89569	5	25	9	9		88724
16211076	7459221	5	25	7	7		92246	5	25	7	7		90160
16211076	18754874	5	25	9	9		90079	5	25	9	9		90941
16211076	35497190	5	25	9	9		97437	5	25	9	9		90535
16211076	9001623	5	25	6	6		91429	5	25	6	6		95450
16211076	15178444	5	25	7	7		93853	5	25	7	7		87937
16253106	19514897	27	49	7	7		97056	28	49	7	7		95012
16253106	16250137	27	49	10	10		99122	28	49	10	10		93245
16253106	18130267	27	49	7	7		94221	28	49	7	7		94172
16253106	18752428	27	49	7	7		122952	28	49	7	7		98620
16253106	18752426	27	49	7	7		98641	28	49	7	7		93881
16253106	18130598	27	49	7	7		98402	28	49	7	7		96647
16253106	14579088	27	49	7	7		96769	28	49	7	7		95760
16253106	18464147	27	49	7	7		90953	28	49	7	7		102059
16253106	41522043	27	49	12	12		96630	28	49	12	12		97919
16253106	14579494	27	49	9	9		95921	28	49	9	9		96167
16253106	15197179	27	49	9	9		543916	28	49	9	9		147345
16253106	16272469	27	49	7	7		353951	28	49	7	7		105158
16253106	16211076	27	49	7	7		139773	28	49	7	7		188550
16253106	14579493	27	49	9	9		167381	28	49	9	9		253582
16253106	49650310	27	49	7	7		100716	28	49	7	7		97636
16253106	7770986	27	49	7	7		105630	28	49	7	7		96131
16253106	17791429	27	49	9	9		96587	28	49	9	9		102346
16253106	7461171	27	49	9	9		107768	28	49	9	9		96604
16253106	6677293	27	49	10	10		95802	28	49	10	10		95845
16253106	21057006	27	49	10	10		98592	28	49	10	10		98030
16253106	18021634	27	49	13	13		96876	28	49	13	13		97512
16253106	13955186	27	49	9	9		95068	28	49	9	9		98407
16253106	16210652	27	49	11	11		98099	28	49	11	11		97129
16253106	14579476	27	49	10	10		95418	28	49	10	10		98050
16253106	7459221	27	49	7	7		93209	28	49	7	7		105450
16253106	18754874	27	49	9	9		95847	28	49	9	9		98482
16253106	35497190	27	49	10	10		97644	28	49	10	10		96831
16253106	9001623	27	49	9	9		99109	28	49	9	9		97345
16253106	15178444	27	49	10	10		96181	28	49	10	10		92187
14579493	19514897	25	81	11	11		98115	25	81	11	11		96370
14579493	16250137	25	81	13	13		94100	25	81	13	13		99663
14579493	18130267	25	81	14	14		99741	25	81	14	14		92733
14579493	18752428	25	81	14	14		96297	25	81	14	14		93510
14579493	18752426	25	81	14	14		91022	25	81	14	14		95602
14579493	18130598	25	81	14	14		93409	25	81	14	14		97247
14579493	14579088	25	81	14	14		97506	25	81	14	14		95705
14579493	18464147	25	81	12	12		95097	25	81	12	12		95022
14579493	41522043	25	81	13	13		101953	25	81	13	13		90827
14579493	14579494	25	81	13	13		94095	25	81	13	13		96308
14579493	15197179	25	81	12	12		93672	25	81	12	12		96843
14579493	16272469	25	81	11	11		93419	25	81	11	11		92771
14579493	16211076	25	81	14	14		94209	25	81	14	14		94436
14579493	16253106	25	81	13	13		97036	25	81	13	13		93421
14579493	49650310	25	81	12	12		97073	25	81	12	12		94197
14579493	7770986	25	81	14	14		99238	25	81	14	14		95880
14579493	17791429	25	81	12	12		94326	25	81	12	12		95633
14579493	7461171	25	81	13	13		86892	25	81	13	13		96233
14579493	6677293	25	81	11	11		93367	25	81	11	11		94682
14579493	21057006	25	81	13	13		94689	25	81	13	13		93181
14579493	18021634	25	81	12	12		95356	25	81	12	12		96952
14579493	13955186	25	81	16	16		105278	25	81	16	16		128227
14579493	16210652	25	81	14	14		94548	25	81	14	14		93261
14579493	14579476	25	81	13	13		104110	25	81	13	13		93605
14579493	7459221	25	81	17	17		90279	25	81	17	17		92345
14579493	18754874	25	81	12	12		103270	25	81	12	12		130927
14579493	35497190	25	81	14	14		153009	25	81	14	14		98788
14579493	9001623	25	81	11	11		140631	25	81	11	11		114872
14579493	15178444	25	81	14	14		165236	25	81	14	14		99495
49650310	19514897	25	62	12	12		99667	25	62	12	12		95762
49650310	16250137	25	62	13	13		104129	25	62	13	13		94331
49650310	18130267	25	62	11	11		95191	25	62	11	11		95586
49650310	18752428	25	62	11	11		96625	25	62	11	11		96467
49650310	18752426	25	62	11	11		94631	25	62	11	11		96628
49650310	18130598	25	62	11	11		93701	25	62	11	11		99362
49650310	14579088	25	62	11	11		97952	25	62	11	11		99778
49650310	18464147	25	62	12	12		97242	25	62	12	12		94336
49650310	41522043	25	62	15	15		97065	25	62	15	15		93909
49650310	14579494	25	62	14	14		96801	25	62	14	14		95469
49650310	15197179	25	62	13	13		91839	25	62	13	13		103999
49650310	16272469	25	62	12	12		94321	25	62	12	12		93131
49650310	16211076	25	62	11	11		90310	25	62	11	11		98492
49650310	16253106	25	62	11	11		98069	25	62	11	11		98491
49650310	14579493	25	62	14	14		96022	25	62	14	14		96387
49650310	7770986	25	62	11	11		97554	25	62	11	11		94387
49650310	17791429	25	62	11	11		99530	25	62	11	11		95644
49650310	7461171	25	62	14	14		93593	25	62	14	14		102646
49650310	6677293	25	62	12	12		98992	25	62	12	12		98452
49650310	21057006	25	62	13	13		95505	25	62	13	13		96257
49650310	18021634	25	62	11	11		104408	25	62	11	11		98166
49650310	13955186	25	62	12	12		95745	25	62	12	12		98803
49650310	16210652	25	62	11	11		97339	25	62	11	11		96890
49650310	14579476	25	62	15	15		94472	25	62	15	15		96093
49650310	7459221	25	62	10	10		95714	25	62	10	10		97791
49650310	18754874	25	62	11	11		104206	25	62	11	11		95079
49650310	35497190	25	62	17	17		96183	25	62	17	17		96257
49650310	9001623	25	62	13	13		98893	25	62	13	13		92890
49650310	15178444	25	62	13	13		91509	25	62	13	13		90691
7770986	19514897	37	98	16	16		93914	37	98	16	16		93798
7770986	16250137	37	98	14	14		94976	37	98	14	14		96534
7770986	18130267	37	98	15	15		95858	37	98	15	15		102328
7770986	18752428	37	98	15	15		95040	37	98	15	15		93423
7770986	18752426	37	98	15	15		92859	37	98	15	15		98787
7770986	18130598	37	98	15	15		93492	37	98	15	15		92259
7770986	14579088	37	98	15	15		96549	37	98	15	15		98725
7770986	18464147	37	98	18	18		92622	37	98	18	18		92602
7770986	41522043	37	98	16	16		93230	37	98	16	16		97573
7770986	14579494	37	98	17	17		90248	37	98	17	17		93765
7770986	15197179	37	98	15	15		100924	37	98	15	15		93382
7770986	16272469	37	98	18	18		92078	37	98	18	18		89103
7770986	16211076	37	98	15	15		92893	37	98	15	15		93235
7770986	16253106	37	98	15	15		100098	37	98	15	15		93229
7770986	14579493	37	98	17	17		92614	37	98	17	17		94374
7770986	49650310	37	98	14	14		93951	37	98	14	14		99385
7770986	17791429	37	98	12	12		98499	37	98	12	12		95208
7770986	7461171	37	98	17	17		95645	37	98	17	17		97615
7770986	6677293	37	98	14	14		94402	37	98	14	14		95990
7770986	21057006	37	98	15	15		93227	37	98	15	15		95808
7770986	18021634	37	98	17	17		95206	37	98	17	17		97785
7770986	13955186	37	98	18	18		95680	37	98	18	18		93388
7770986	16210652	37	98	19	19		99434	37	98	19	19		97246
7770986	14579476	37	98	15	15		95153	37	98	15	15		102009
7770986	7459221	37	98	16	16		94202	37	98	16	16		90569
7770986	18754874	37	98	15	15		100653	37	98	15	15		95548
7770986	35497190	37	98	14	14		94942	37	98	14	14		98650
7770986	9001623	37	98	17	17		98048	37	98	17	17		97728
7770986	15178444	37	98	15	15		90928	37	98	15	15		94426
17791429	19514897	23	79	11	11		101537	23	79	11	11		98835
17791429	16250137	23	79	13	13		93325	23	79	13	13		88495
17791429	18130267	23	79	15	15		94604	23	79	15	15		102193
17791429	18752428	23	79	15	15		95638	23	79	15	15		92979
17791429	18752426	23	79	15	15		96708	23	79	15	15		95482
17791429	18130598	23	79	15	15		97925	23	79	15	15		95051
17791429	14579088	23	79	15	15		89138	23	79	15	15		94579
17791429	18464147	23	79	11	11		94088	23	79	11	11		95709
17791429	41522043	23	79	14	14		94073	23	79	14	14		98680
17791429	14579494	23	79	15	15		93169	23	79	15	15		93072
17791429	15197179	23	79	12	12		101569	23	79	12	12		91096
17791429	16272469	23	79	11	11		90471	23	79	11	11		93049
17791429	16211076	23	79	15	15		93740	23	79	15	15		97880
17791429	16253106	23	79	12	12		97269	23	79	12	12		94651
17791429	14579493	23	79	15	15		96570	23	79	15	15		107144
17791429	49650310	23	79	11	11		97421	23	79	11	11		94424
17791429	7770986	23	79	15	15		89327	23	79	15	15		94914
17791429	7461171	23	79	15	15		93598	23	79	15	15		97572
17791429	6677293	23	79	13	13		98485	23	79	13	13		97060
17791429	21057006	23	79	13	13		96539	23	79	13	13		96294
17791429	18021634	23	79	12	12		113237	23	79	12	12		114608
17791429	13955186	23	79	17	17		98571	23	79	17	17		96067
17791429	16210652	23	79	11	11		93971	23	79	11	11		99664
17791429	14579476	23	79	13	13		94103	23	79	13	13		100901
17791429	7459221	23	79	18	18		98173	23	79	18	18		94928
17791429	18754874	23	79	12	12		96207	23	79	12	12		93330
17791429	35497190	23	79	15	15		109299	23	79	15	15		97582
17791429	9001623	23	79	11	11		96737	23	79	11	11		96295
17791429	15178444	23	79	14	14		100701	23	79	14	14		93086
7461171	19514897	32	86	13	13		95160	32	86	13	13		93467
7461171	16250137	32	86	13	13		94254	32	86	13	13		96716
7461171	18130267	32	86	12	12		94251	32	86	12	12		95173
7461171	18752428	32	86	12	12		84848	32	86	12	12		91211
7461171	18752426	32	86	12	12		92143	32	86	12	12		95730
7461171	18130598	32	86	12	12		97644	32	86	12	12		95491
7461171	14579088	32	86	12	12		94665	32	86	12	12		96157
7461171	18464147	32	86	12	12		95482	32	86	12	12		93720
7461171	41522043	32	86	13	13		93127	32	86	13	13		94584
7461171	14579494	32	86	11	11		101856	32	86	11	11		97853
7461171	15197179	32	86	11	11		91899	32	86	11	11		96414
7461171	16272469	32	86	13	13		93176	32	86	13	13		93674
7461171	16211076	32	86	12	12		101571	32	86	12	12		89819
7461171	16253106	32	86	11	11		95565	32	86	11	11		111961
7461171	14579493	32	86	11	11		107321	32	86	11	11		95731
7461171	49650310	32	86	13	13		99235	32	86	13	13		98614
7461171	7770986	32	86	12	12		101966	32	86	12	12		98863
7461171	17791429	32	86	12	12		93398	32	86	12	12		94223
7461171	6677293	32	86	12	12		98226	32	86	12	12		96198
7461171	21057006	32	86	12	12		93549	32	86	12	12		95615
7461171	18021634	32	86	11	11		108863	32	86	11	11		100074
7461171	13955186	32	86	14	14		96196	32	86	14	14		96854
7461171	16210652	32	86	17	17		100174	32	86	17	17		97877
7461171	14579476	32	86	14	14		94156	32	86	14	14		91713
7461171	7459221	32	86	13	13		97337	32	86	13	13		93998
7461171	18754874	32	86	13	13		93279	32	86	13	13		100525
7461171	35497190	32	86	12	12		94244	32	86	12	12		96202
7461171	9001623	32	86	17	17		97799	32	86	17	17		98459
7461171	15178444	32	86	10	10		92210	32	86	10	10		93353
6677293	19514897	22	64	11	11		96531	23	64	11	11		98606
6677293	16250137	22	64	14	14		93160	23	64	14	14		98641
6677293	18130267	22	64	10	10		97051	23	64	10	10		94996
6677293	18752428	22	64	10	10		99244	23	64	10	10		94856
6677293	18752426	22	64	10	10		93951	23	64	10	10		89292
6677293	18130598	22	64	10	10		103605	23	64	10	10		96241
6677293	14579088	22	64	10	10		94725	23	64	10	10		100780
6677293	18464147	22	64	11	11		96293	23	64	11	11		97266
6677293	41522043	22	64	14	14		93003	23	64	14	14		98420
6677293	14579494	22	64	13	13		140505	23	64	13	13		94383
6677293	15197179	22	64	13	13		97233	23	64	13	13		99858
6677293	16272469	22	64	11	11		93895	23	64	11	11		96690
6677293	16211076	22	64	10	10		104438	23	64	10	10		98155
6677293	16253106	22	64	9	9		98835	23	64	9	9		100391
6677293	14579493	22	64	13	13		95816	23	64	13	13		94778
6677293	49650310	22	64	10	10		97573	23	64	10	10		95671
6677293	7770986	22	64	10	10		99955	23	64	10	10		99449
6677293	17791429	22	64	10	10		92944	23	64	10	10		92293
6677293	7461171	22	64	13	13		100364	23	64	13	13		96297
6677293	21057006	22	64	14	14		94946	23	64	14	14		97294
6677293	18021634	22	64	11	11		98512	23	64	11	11		96256
6677293	13955186	22	64	11	11		97607	23	64	11	11		97787
6677293	16210652	22	64	10	10		97847	23	64	10	10		103233
6677293	14579476	22	64	12	12		96056	23	64	12	12		94718
6677293	7459221	22	64	12	12		97698	23	64	12	12		104358
6677293	18754874	22	64	12	12		94746	23	64	12	12		99168
6677293	35497190	22	64	14	14		95275	23	64	14	14		96688
6677293	9001623	22	64	10	10		97178	23	64	10	10		95079
6677293	15178444	22	64	11	11		97166	23	64	11	11		91691
21057006	19514897	22	64	11	11		96933	23	64	11	11		96276
21057006	16250137	22	64	14	14		95142	23	64	14	14		94166
21057006	18130267	22	64	10	10		92616	23	64	10	10		92279
21057006	18752428	22	64	10	10		91936	23	64	10	10		94432
21057006	18752426	22	64	10	10		92039	23	64	10	10		91386
21057006	18130598	22	64	10	10		102656	23	64	10	10		96321
21057006	14579088	22	64	10	10		96097	23	64	10	10		94020
21057006	18464147	22	64	11	11		98312	23	64	11	11		97169
21057006	41522043	22	64	14	14		98898	23	64	14	14		98654
21057006	14579494	22	64	13	13		90987	23	64	13	13		94937
21057006	15197179	22	64	13	13		94610	23	64	13	13		95720
21057006	16272469	22	64	11	11		97678	23	64	11	11		100294
21057006	16211076	22	64	10	10		98262	23	64	10	10		94465
21057006	16253106	22	64	9	9		102113	23	64	9	9		95803
21057006	14579493	22	64	13	13		93694	23	64	13	13		93907
21057006	49650310	22	64	10	10		95924	23	64	10	10		98929
21057006	7770986	22	64	10	10		95419	23	64	10	10		89441
21057006	17791429	22	64	10	10		96063	23	64	10	10		96410
21057006	7461171	22	64	13	13		94568	23	64	13	13		98758
21057006	6677293	22	64	11	11		92936	23	64	11	11		91262
21057006	18021634	22	64	11	11		99028	23	64	11	11		99947
21057006	13955186	22	64	11	11		93607	23	64	11	11		96006
21057006	16210652	22	64	10	10		94000	23	64	10	10		98802
21057006	14579476	22	64	12	12		95076	23	64	12	12		97701
21057006	7459221	22	64	12	12		94915	23	64	12	12		90415
21057006	18754874	22	64	12	12		97880	23	64	12	12		96538
21057006	35497190	22	64	14	14		93626	23	64	14	14		93072
21057006	9001623	22	64	10	10		95658	23	64	10	10		105578
21057006	15178444	22	64	11	11		93547	23	64	11	11		95193
18021634	19514897	32	55	7	7		93254	33	55	7	7		95349
18021634	16250137	32	55	10	10		94163	33	55	10	10		94976
18021634	18130267	32	55	7	7		94625	33	55	7	7		93290
18021634	18752428	32	55	7	7		104099	33	55	7	7		94253
18021634	18752426	32	55	7	7		94491	33	55	7	7		96193
18021634	18130598	32	55	7	7		98006	33	55	7	7		96551
18021634	14579088	32	55	7	7		96844	33	55	7	7		95953
18021634	18464147	32	55	7	7		96041	33	55	7	7		103744
18021634	41522043	32	55	11	11		93261	33	55	11	11		93908
18021634	14579494	32	55	9	9		92681	33	55	9	9		97547
18021634	15197179	32	55	9	9		102804	33	55	9	9		99427
18021634	16272469	32	55	7	7		98681	33	55	7	7		99467
18021634	16211076	32	55	7	7		95870	33	55	7	7		91111
18021634	16253106	32	55	8	8		101506	33	55	8	8		92895
18021634	14579493	32	55	9	9		93113	33	55	9	9		97906
18021634	49650310	32	55	7	7		218364	33	55	7	7		102444
18021634	7770986	32	55	7	7		95400	33	55	7	7		98115
18021634	17791429	32	55	8	8		99951	33	55	8	8		96328
18021634	7461171	32	55	9	9		95563	33	55	9	9		97493
18021634	6677293	32	55	9	9		96948	33	55	9	9		96178
18021634	21057006	32	55	10	10		102265	33	55	10	10		93592
18021634	13955186	32	55	9	9		97428	33	55	9	9		94894
18021634	16210652	32	55	13	13		104960	33	55	13	13		94899
18021634	14579476	32	55	11	11		97192	33	55	11	11		95595
18021634	7459221	32	55	7	7		94273	33	55	7	7		92884
18021634	18754874	32	55	9	9		103770	33	55	9	9		96305
18021634	35497190	32	55	11	11		94304	33	55	11	11		99166
18021634	9001623	32	55	7	7		96645	33	55	7	7		95031
18021634	15178444	32	55	9	9		95709	33	55	9	9		94989
13955186	19514897	25	52	12	12		102227	26	52	12	12		98741
13955186	16250137	25	52	14	14		92927	26	52	14	14		95603
13955186	18130267	25	52	9	9		93490	26	52	9	9		96380
13955186	18752428	25	52	9	9		98616	26	52	9	9		95727
13955186	18752426	25	52	9	9		92983	26	52	9	9		95155
13955186	18130598	25	52	9	9		98354	26	52	9	9		94536
13955186	14579088	25	52	9	9		90780	26	52	9	9		99331
13955186	18464147	25	52	12	12		95236	26	52	12	12		91856
13955186	41522043	25	52	12	12		100678	26	52	12	12		95244
13955186	14579494	25	52	11	11		98652	26	52	11	11		100477
13955186	15197179	25	52	15	15		98816	26	52	15	15		96945
13955186	16272469	25	52	12	12		96554	26	52	12	12		94126
13955186	16211076	25	52	9	9		105319	26	52	9	9		91140
13955186	16253106	25	52	10	10		95483	26	52	10	10		95106
13955186	14579493	25	52	11	11		91902	26	52	11	11		97604
13955186	49650310	25	52	9	9		94658	26	52	9	9		92861
13955186	7770986	25	52	9	9		95264	26	52	9	9		103496
13955186	17791429	25	52	9	9		93284	26	52	9	9		92982
13955186	7461171	25	52	11	11		94039	26	52	11	11		100631
13955186	6677293	25	52	10	10		91036	26	52	10	10		130232
13955186	21057006	25	52	12	12		93106	26	52	12	12		97986
13955186	18021634	25	52	14	14		100026	26	52	14	14		100268
13955186	16210652	25	52	12	12		97837	26	52	12	12		98210
13955186	14579476	25	52	12	12		102382	26	52	12	12		95551
13955186	7459221	25	52	9	9		92617	26	52	9	9		94988
13955186	18754874	25	52	15	15		101436	26	52	15	15		94346
13955186	35497190	25	52	13	13		98765	26	52	13	13		94433
13955186	9001623	25	52	13	13		95415	26	52	13	13		93603
13955186	15178444	25	52	9	9		91809	26	52	9	9		93595
16210652	19514897	25	46	8	8		103781	26	46	8	8		95103
16210652	16250137	25	46	11	11		93071	26	46	11	11		96808
16210652	18130267	25	46	8	8		93832	26	46	8	8		103480
16210652	18752428	25	46	8	8		97766	26	46	8	8		92413
16210652	18752426	25	46	8	8		94873	26	46	8	8		96648
16210652	18130598	25	46	8	8		103977	26	46	8	8		95025
16210652	14579088	25	46	8	8		99646	26	46	8	8		94863
16210652	18464147	25	46	8	8		92987	26	46	8	8		93382
16210652	41522043	25	46	13	13		101075	26	46	13	13		101032
16210652	14579494	25	46	11	11		92780	26	46	11	11		95592
16210652	15197179	25	46	10	10		97780	26	46	10	10		98836
16210652	16272469	25	46	8	8		98891	26	46	8	8		100249
16210652	16211076	25	46	8	8		98230	26	46	8	8		98822
16210652	16253106	25	46	9	9		99468	26	46	9	9		99708
16210652	14579493	25	46	11	11		99736	26	46	11	11		95986
16210652	49650310	25	46	8	8		97554	26	46	8	8		96260
16210652	7770986	25	46	8	8		92276	26	46	8	8		96538
16210652	17791429	25	46	10	10		98200	26	46	10	10		96820
16210652	7461171	25	46	11	11		105253	26	46	11	11		101240
16210652	6677293	25	46	11	11		102177	26	46	11	11		97568
16210652	21057006	25	46	11	11		98211	26	46	11	11		96629
16210652	18021634	25	46	12	12		126443	26	46	12	12		98904
16210652	13955186	25	46	10	10		98618	26	46	10	10		179177
16210652	14579476	25	46	13	13		289774	26	46	13	13		227398
16210652	7459221	25	46	8	8		97962	26	46	8	8		96314
16210652	18754874	25	46	10	10		102029	26	46	10	10		263845
16210652	35497190	25	46	14	14		96247	26	46	14	14		98521
16210652	9001623	25	46	11	11		94877	26	46	11	11		93393
16210652	15178444	25	46	9	9		98173	26	46	9	9		94919
14579476	19514897	24	71	10	10		100799	24	71	10	10		95974
14579476	16250137	24	71	14	14		95137	24	71	14	14		95992
14579476	18130267	24	71	12	12		90885	24	71	12	12		99877
14579476	18752428	24	71	12	12		95687	24	71	12	12		95757
14579476	18752426	24	71	12	12		95438	24	71	12	12		95090
14579476	18130598	24	71	12	12		92754	24	71	12	12		104697
14579476	14579088	24	71	12	12		96724	24	71	12	12		100493
14579476	18464147	24	71	11	11		93330	24	71	11	11		94375
14579476	41522043	24	71	12	12		97665	24	71	12	12		92647
14579476	14579494	24	71	12	12		97477	24	71	12	12		91522
14579476	15197179	24	71	13	13		93872	24	71	13	13		94820
14579476	16272469	24	71	10	10		98808	24	71	10	10		98613
14579476	16211076	24	71	12	12		93610	24	71	12	12		96221
14579476	16253106	24	71	12	12		101787	24	71	12	12		106372
14579476	14579493	24	71	12	12		96927	24	71	12	12		93692
14579476	49650310	24	71	11	11		100402	24	71	11	11		99104
14579476	7770986	24	71	12	12		94802	24	71	12	12		92734
14579476	17791429	24	71	10	10		101059	24	71	10	10		92806
14579476	7461171	24	71	12	12		95725	24	71	12	12		99866
14579476	6677293	24	71	10	10		94196	24	71	10	10		95816
14579476	21057006	24	71	15	15		95084	24	71	15	15		97784
14579476	18021634	24	71	14	14		96758	24	71	14	14		95528
14579476	13955186	24	71	13	13		96635	24	71	13	13		93939
14579476	16210652	24	71	13	13		97680	24	71	13	13		99822
14579476	7459221	24	71	14	14		92907	24	71	14	14		93532
14579476	18754874	24	71	13	13		100128	24	71	13	13		96268
14579476	35497190	24	71	13	13		95337	24	71	13	13		95520
14579476	9001623	24	71	11	11		94780	24	71	11	11		94491
14579476	15178444	24	71	10	10		89079	24	71	10	10		94430
7459221	19514897	18	59	10	10		96622	18	59	10	10		99190
7459221	16250137	18	59	11	11		94532	18	59	11	11		97978
7459221	18130267	18	59	9	9		90512	18	59	9	9		93720
7459221	18752428	18	59	9	9		97198	18	59	9	9		93762
7459221	18752426	18	59	9	9		88799	18	59	9	9		91852
7459221	18130598	18	59	9	9		100530	18	59	9	9		91964
7459221	14579088	18	59	9	9		95499	18	59	9	9		104001
7459221	18464147	18	59	10	10		92288	18	59	10	10		93986
7459221	41522043	18	59	14	14		88847	18	59	14	14		93579
7459221	14579494	18	59	12	12		94869	18	59	12	12		90346
7459221	15197179	18	59	11	11		91222	18	59	11	11		98606
7459221	16272469	18	59	10	10		93554	18	59	10	10		93966
7459221	16211076	18	59	9	9		95934	18	59	9	9		101056
7459221	16253106	18	59	9	9		96885	18	59	9	9		96616
7459221	14579493	18	59	12	12		96065	18	59	12	12		100390
7459221	49650310	18	59	8	8		94852	18	59	8	8		90317
7459221	7770986	18	59	9	9		94187	18	59	9	9		107251
7459221	17791429	18	59	12	12		94373	18	59	12	12		96879
7459221	7461171	18	59	12	12		91325	18	59	12	12		95032
7459221	6677293	18	59	10	10		93111	18	59	10	10		91970
7459221	21057006	18	59	11	11		93174	18	59	11	11		95627
7459221	18021634	18	59	11	11		96962	18	59	11	11		92735
7459221	13955186	18	59	11	11		99357	18	59	11	11		96995
7459221	16210652	18	59	10	10		95636	18	59	10	10		92582
7459221	14579476	18	59	13	13		105714	18	59	13	13		96761
7459221	18754874	18	59	11	11		93709	18	59	11	11		95316
7459221	35497190	18	59	13	13		92078	18	59	13	13		98569
7459221	9001623	18	59	13	13		92122	18	59	13	13		105184
7459221	15178444	18	59	13	13		92763	18	59	13	13		98186
18754874	19514897	22	47	8	8		98091	23	47	8	8		99105
18754874	16250137	22	47	12	12		93983	23	47	12	12		97514
18754874	18130267	22	47	8	8		96827	23	47	8	8		97521
18754874	18752428	22	47	8	8		95228	23	47	8	8		95015
18754874	18752426	22	47	8	8		98154	23	47	8	8		88382
18754874	18130598	22	47	8	8		91822	23	47	8	8		94595
18754874	14579088	22	47	8	8		100573	23	47	8	8		96634
18754874	18464147	22	47	8	8		94368	23	47	8	8		92843
18754874	41522043	22	47	12	12		99573	23	47	12	12		96214
18754874	14579494	22	47	12	12		94614	23	47	12	12		104778
18754874	15197179	22	47	11	11		95129	23	47	11	11		94515
18754874	16272469	22	47	8	8		92999	23	47	8	8		94737
18754874	16211076	22	47	8	8		93333	23	47	8	8		93828
18754874	16253106	22	47	10	10		97023	23	47	10	10		95443
18754874	14579493	22	47	12	12		95900	23	47	12	12		257979
18754874	49650310	22	47	8	8		98706	23	47	8	8		96861
18754874	7770986	22	47	8	8		98004	23	47	8	8		94847
18754874	17791429	22	47	9	9		99540	23	47	9	9		99278
18754874	7461171	22	47	12	12		99112	23	47	12	12		100314
18754874	6677293	22	47	10	10		106263	23	47	10	10		98218
18754874	21057006	22	47	11	11		97321	23	47	11	11		97803
18754874	18021634	22	47	10	10		98881	23	47	10	10		96282
18754874	13955186	22	47	10	10		102768	23	47	10	10		98802
18754874	16210652	22	47	10	10		100929	23	47	10	10		98400
18754874	14579476	22	47	12	12		95706	23	47	12	12		97458
18754874	7459221	22	47	8	8		96555	23	47	8	8		92166
18754874	35497190	22	47	12	12		97808	23	47	12	12		92452
18754874	9001623	22	47	9	9		96023	23	47	9	9		107417
18754874	15178444	22	47	10	10		92103	23	47	10	10		101071
35497190	19514897	25	63	10	10		99648	25	63	10	10		97582
35497190	16250137	25	63	14	14		169536	25	63	14	14		96236
35497190	18130267	25	63	10	10		95780	25	63	10	10		92765
35497190	18752428	25	63	10	10		96698	25	63	10	10		97116
35497190	18752426	25	63	10	10		103127	25	63	10	10		92690
35497190	18130598	25	63	10	10		90710	25	63	10	10		97328
35497190	14579088	25	63	10	10		446304	25	63	10	10		186671
35497190	18464147	25	63	11	11		98099	25	63	11	11		95716
35497190	41522043	25	63	13	13		147496	25	63	13	13		113672
35497190	14579494	25	63	12	12		93709	25	63	12	12		93931
35497190	15197179	25	63	12	12		97101	25	63	12	12		97513
35497190	16272469	25	63	10	10		91815	25	63	10	10		93943
35497190	16211076	25	63	10	10		90475	25	63	10	10		95399
35497190	16253106	25	63	10	10		96240	25	63	10	10		92961
35497190	14579493	25	63	12	12		94204	25	63	12	12		93787
35497190	49650310	25	63	9	9		97142	25	63	9	9		99544
35497190	7770986	25	63	10	10		97244	25	63	10	10		99173
35497190	17791429	25	63	10	10		100166	25	63	10	10		96324
35497190	7461171	25	63	12	12		94980	25	63	12	12		93479
35497190	6677293	25	63	11	11		95942	25	63	11	11		96748
35497190	21057006	25	63	13	13		97337	25	63	13	13		98934
35497190	18021634	25	63	13	13		95077	25	63	13	13		96811
35497190	13955186	25	63	12	12		98483	25	63	12	12		98648
35497190	16210652	25	63	12	12		97446	25	63	12	12		98196
35497190	14579476	25	63	12	12		99879	25	63	12	12		95748
35497190	7459221	25	63	10	10		89688	25	63	10	10		95009
35497190	18754874	25	63	13	13		103673	25	63	13	13		104507
35497190	9001623	25	63	9	9		99141	25	63	9	9		95055
35497190	15178444	25	63	10	10		93144	25	63	10	10		95204
9001623	19514897	24	53	12	12		101845	25	53	12	12		95293
9001623	16250137	24	53	14	14		97395	25	53	14	14		95010
9001623	18130267	24	53	9	9		91299	25	53	9	9		98249
9001623	18752428	24	53	9	9		89671	25	53	9	9		95760
9001623	18752426	24	53	9	9		96003	25	53	9	9		92005
9001623	18130598	24	53	9	9		92980	25	53	9	9		95391
9001623	14579088	24	53	9	9		95994	25	53	9	9		96148
9001623	18464147	24	53	12	12		93011	25	53	12	12		94949
9001623	41522043	24	53	12	12		92896	25	53	12	12		94192
9001623	14579494	24	53	12	12		97073	25	53	12	12		93401
9001623	15197179	24	53	15	15		100512	25	53	15	15		96314
9001623	16272469	24	53	12	12		94171	25	53	12	12		95651
9001623	16211076	24	53	9	9		92442	25	53	9	9		96515
9001623	16253106	24	53	10	10		98851	25	53	10	10		94211
9001623	14579493	24	53	12	12		97594	25	53	12	12		96794
9001623	49650310	24	53	9	9		99723	25	53	9	9		96268
9001623	7770986	24	53	9	9		99856	25	53	9	9		111519
9001623	17791429	24	53	9	9		100596	25	53	9	9		96392
9001623	7461171	24	53	12	12		91418	25	53	12	12		104877
9001623	6677293	24	53	10	10		100139	25	53	10	10		94889
9001623	21057006	24	53	12	12		104335	25	53	12	12		96098
9001623	18021634	24	53	14	14		102931	25	53	14	14		105001
9001623	13955186	24	53	11	11		93553	25	53	11	11		97461
9001623	16210652	24	53	12	12		98826	25	53	12	12		99634
9001623	14579476	24	53	12	12		99981	25	53	12	12		92134
9001623	7459221	24	53	9	9		91812	25	53	9	9		98456
9001623	18754874	24	53	15	15		103636	25	53	15	15		95832
9001623	35497190	24	53	13	13		99257	25	53	13	13		100773
9001623	15178444	24	53	10	10		97777	25	53	10	10		95920
15178444	19514897	23	67	9	9		94158	23	67	9	9		90617
15178444	16250137	23	67	13	13		95352	23	67	13	13		89485
15178444	18130267	23	67	12	12		94243	23	67	12	12		92429
15178444	18752428	23	67	12	12		91305	23	67	12	12		99535
15178444	18752426	23	67	12	12		92568	23	67	12	12		92002
15178444	18130598	23	67	12	12		93020	23	67	12	12		103359
15178444	14579088	23	67	12	12		91431	23	67	12	12		92197
15178444	18464147	23	67	11	11		103771	23	67	11	11		93631
15178444	41522043	23	67	13	13		90454	23	67	13	13		92702
15178444	14579494	23	67	11	11		94921	23	67	11	11		92319
15178444	15197179	23	67	10	10		95017	23	67	10	10		91542
15178444	16272469	23	67	9	9		109134	23	67	9	9		90517
15178444	16211076	23	67	12	12		101004	23	67	12	12		89212
15178444	16253106	23	67	10	10		95215	23	67	10	10		277809
15178444	14579493	23	67	11	11		225438	23	67	11	11		236225
15178444	49650310	23	67	10	10		94681	23	67	10	10		96621
15178444	7770986	23	67	12	12		93735	23	67	12	12		152449
15178444	17791429	23	67	12	12		98068	23	67	12	12		93410
15178444	7461171	23	67	11	11		93383	23	67	11	11		89654
15178444	6677293	23	67	11	11		93440	23	67	11	11		97847
15178444	21057006	23	67	11	11		96231	23	67	11	11		95188
15178444	18021634	23	67	11	11		92908	23	67	11	11		94579
15178444	13955186	23	67	13	13		95601	23	67	13	13		96257
15178444	16210652	23	67	12	12		95550	23	67	12	12		94543
15178444	14579476	23	67	13	13		96145	23	67	13	13		94402
15178444	7459221	23	67	12	12		94851	23	67	12	12		92688
15178444	18754874	23	67	11	11		94554	23	67	11	11		94795
15178444	35497190	23	67	12	12		94452	23	67	12	12		93039
15178444	9001623	23	67	9	9		109629	23	67	9	9		93789
