15197179	19514897	100	0.7965379290036891
15197179	16272469	201	0.9228653477250877
15197179	14579493	215	0.8199569996976397
15197179	14579494	232	0.7716374542964
15197179	16253106	305	0.9982154250354999
15197179	41522043	309	0.6598866454658783
15197179	17791429	312	0.41409762014255036
15197179	18464147	322	0.2326605219604989
15197179	19227136	325	0.5375513923027404
15197179	19514975	328	0.9074512830939735
15197179	7461171	328	0.6340567474296436
15197179	19214639	337	0.48294631233923935
15197179	21057006	363	0.5834303930476619
15197179	6902930	365	0.9680097676948318
15197179	6677293	366	0.7815449116053127
15197179	7770986	374	0.723273803889334
15197179	7751408	376	0.6426566998923642
15197179	17915296	384	0.0668599244574678
15197179	15197181	384	0.05725403494874848
15197179	16250137	386	0.13097044381214573
15197179	18130744	394	0.9454882001607039
15197179	1940049	406	0.13896282143095917
15197179	18021634	406	0.28257116473945953
15197179	18130746	413	0.7369705793281793
15197179	19531567	420	0.047290899280340915
15197179	19531571	436	0.7483308322681175
15197179	18130598	440	0.6392521595997206
15197179	18185281	457	0.6396656965681398
15197179	6902933	460	0.49605539362712614
15197179	49650310	470	0.6682671234937646
15197179	13955186	479	0.01884016715891501
15197179	20805410	539	0.6261239120057563
15197179	14579476	540	0.6658775115161467
15197179	7365144	545	0.5489969666256788
15197179	13227225	545	0.1504888410386368
15197179	9001725	556	0.3768905763277204
15197179	14607762	560	0.7310122158553006
15197179	7816860	589	0.2990225692296521
15197179	7461174	603	0.5830441782956606
15197179	7459221	616	0.7689261420188814
15197179	9001729	681	0.2339304875212307
15197179	18021636	799	0.3421865881665269
15197179	16210652	828	0.25400576306863876
15197179	19531582	832	0.1991904579387862
15197179	15197186	837	0.5325933095236226
15197179	7751409	874	0.39783676711899685
15197179	12916234	880	0.3484642192503049
15197179	19524316	900	0.8690009290641793
15197179	13227229	922	0.9588780258034475
15197179	21049304	922	0.4492104606718248
15197179	30241004	934	0.970961441711912
15197179	33070192	1002	0.7799923385080348
15197179	18754874	1016	0.9497743298161321
15197179	35497190	1054	0.6301935260040324
15197179	14579063	1091	0.0315648686094111
15197179	19588677	1103	0.6293287899393843
15197179	15357084	1165	0.5339602423443891
15197179	15178444	1204	0.3205149456633679
15197179	22337104	1449	0.47488979924445696
15197179	14723315	1452	0.16511193805896307
15197179	17950573	1501	0.2648378705443317
15197179	13499757	1567	0.8206072459003082
15197179	18130267	469	0.48656837478622583
15197179	18752428	470	0.7883182568206886
15197179	18752426	434	0.6970198094686271
15197179	14579088	952	0.14731514023186276
15197179	16253108	289	0.697096533853983
15197179	14579536	1026	0.07499263769449971
15197179	16211076	504	0.5503395803715471
15197179	17916549	1143	0.045340251441671975
15197179	9001623	888	0.6498844448178575
15197179	35495295	2052	0.057737203671520354
15197179	35495294	1922	0.3966021626324564
15197179	33070146	1839	0.11904263097452805
15197179	15394142	1843	0.7190797432924113
15197179	18678271	1738	0.02835966494765374
15197179	15357081	3562	0.45913651147254264
15197179	15357077	3538	0.6273377299788094
15197179	35450538	2130	0.6584568662507423
15197179	13683935	1389	8.16612528503069E-4
16272469	16253106	104	0.9982154250354999
16272469	19514897	129	0.7965379290036891
16272469	18464147	137	0.2326605219604989
16272469	19514975	143	0.9074512830939735
16272469	7770986	173	0.723273803889334
16272469	18130744	193	0.9454882001607039
16272469	15197179	201	0.17990265817563544
16272469	18021634	205	0.28257116473945953
16272469	18130746	212	0.7369705793281793
16272469	19531567	235	0.047290899280340915
16272469	18130598	239	0.6392521595997206
16272469	19531571	251	0.7483308322681175
16272469	49650310	269	0.6682671234937646
16272469	18185281	272	0.6396656965681398
16272469	13955186	294	0.01884016715891501
16272469	14579493	392	0.8199569996976397
16272469	14579494	409	0.7716374542964
16272469	7459221	431	0.7689261420188814
16272469	6677293	469	0.7815449116053127
16272469	21057006	472	0.5834303930476619
16272469	41522043	486	0.6598866454658783
16272469	17791429	489	0.41409762014255036
16272469	19524316	491	0.8690009290641793
16272469	17915296	491	0.0668599244574678
16272469	9001729	496	0.2339304875212307
16272469	19227136	502	0.5375513923027404
16272469	7461171	505	0.6340567474296436
16272469	1940049	513	0.13896282143095917
16272469	19214639	514	0.48294631233923935
16272469	6902930	542	0.9680097676948318
16272469	7751408	553	0.6426566998923642
16272469	16250137	563	0.13097044381214573
16272469	18021636	598	0.3421865881665269
16272469	18754874	607	0.9497743298161321
16272469	16210652	627	0.25400576306863876
16272469	6902933	637	0.49605539362712614
16272469	20805410	646	0.6261239120057563
16272469	19531582	647	0.1991904579387862
16272469	12916234	695	0.3484642192503049
16272469	14579476	717	0.6658775115161467
16272469	13227229	721	0.9588780258034475
16272469	13227225	722	0.1504888410386368
16272469	7365144	722	0.5489969666256788
16272469	14607762	737	0.7310122158553006
16272469	7816860	766	0.2990225692296521
16272469	19588677	918	0.6293287899393843
16272469	15197186	944	0.5325933095236226
16272469	15178444	1003	0.3205149456633679
16272469	21049304	1029	0.4492104606718248
16272469	30241004	1111	0.970961441711912
16272469	33070192	1179	0.7799923385080348
16272469	35497190	1231	0.6301935260040324
16272469	14723315	1251	0.16511193805896307
16272469	22337104	1264	0.47488979924445696
16272469	14579063	1268	0.0315648686094111
16272469	15357084	1342	0.5339602423443891
16272469	17950573	1678	0.2648378705443317
16272469	13499757	1744	0.8206072459003082
16272469	15197181	690	0.05725403494874848
16272469	7461174	504	0.5830441782956606
16272469	9001725	342	0.3768905763277204
16272469	9001623	703	0.6498844448178575
16272469	13683935	1496	8.16612528503069E-4
16211076	18130598	8	0.6392521595997206
16211076	16253106	127	0.9982154250354999
16211076	7770986	196	0.723273803889334
16211076	18021634	228	0.28257116473945953
16211076	49650310	292	0.6682671234937646
16211076	13955186	492	0.01884016715891501
16211076	15197179	504	0.17990265817563544
16211076	14579493	643	0.8199569996976397
16211076	16210652	650	0.25400576306863876
16211076	9001729	694	0.2339304875212307
16211076	17791429	740	0.41409762014255036
16211076	13227229	744	0.9588780258034475
16211076	7461171	756	0.6340567474296436
16211076	21057006	791	0.5834303930476619
16211076	6902930	793	0.9680097676948318
16211076	6677293	794	0.7815449116053127
16211076	7751408	804	0.6426566998923642
16211076	18754874	805	0.9497743298161321
16211076	6902933	888	0.49605539362712614
16211076	12916234	893	0.3484642192503049
16211076	14579476	968	0.6658775115161467
16211076	7365144	973	0.5489969666256788
16211076	14607762	988	0.7310122158553006
16211076	15178444	1026	0.3205149456633679
16211076	19588677	1116	0.6293287899393843
16211076	14723315	1274	0.16511193805896307
16211076	30241004	1362	0.970961441711912
16211076	33070192	1430	0.7799923385080348
16211076	22337104	1462	0.47488979924445696
16211076	35497190	1482	0.6301935260040324
16211076	14579063	1519	0.0315648686094111
16211076	15357084	1593	0.5339602423443891
16211076	17950573	1929	0.2648378705443317
16211076	13499757	1995	0.8206072459003082
16253106	7770986	69	0.723273803889334
16253106	18130744	89	0.9454882001607039
16253106	18130746	108	0.7369705793281793
16253106	16211076	127	0.5503395803715471
16253106	18130598	135	0.6392521595997206
16253106	15197179	277	0.17990265817563544
16253106	18021634	355	0.28257116473945953
16253106	19514897	377	0.7965379290036891
16253106	14579493	416	0.8199569996976397
16253106	14579494	433	0.7716374542964
16253106	18021636	494	0.3421865881665269
16253106	41522043	510	0.6598866454658783
16253106	17791429	513	0.41409762014255036
16253106	16210652	523	0.25400576306863876
16253106	19227136	526	0.5375513923027404
16253106	7461171	529	0.6340567474296436
16253106	19214639	538	0.48294631233923935
16253106	21057006	564	0.5834303930476619
16253106	6902930	566	0.9680097676948318
16253106	6677293	567	0.7815449116053127
16253106	7751408	577	0.6426566998923642
16253106	16250137	587	0.13097044381214573
16253106	13227229	617	0.9588780258034475
16253106	13955186	619	0.01884016715891501
16253106	6902933	661	0.49605539362712614
16253106	17915296	661	0.0668599244574678
16253106	1940049	683	0.13896282143095917
16253106	14579476	741	0.6658775115161467
16253106	7365144	746	0.5489969666256788
16253106	13227225	746	0.1504888410386368
16253106	14607762	761	0.7310122158553006
16253106	7816860	790	0.2990225692296521
16253106	20805410	816	0.6261239120057563
16253106	9001725	833	0.3768905763277204
16253106	15178444	899	0.3205149456633679
16253106	18754874	932	0.9497743298161321
16253106	12916234	1020	0.3484642192503049
16253106	15197186	1114	0.5325933095236226
16253106	30241004	1135	0.970961441711912
16253106	14723315	1147	0.16511193805896307
16253106	21049304	1199	0.4492104606718248
16253106	33070192	1228	0.7799923385080348
16253106	19588677	1243	0.6293287899393843
16253106	35497190	1255	0.6301935260040324
16253106	14579063	1292	0.0315648686094111
16253106	15357084	1366	0.5339602423443891
16253106	22337104	1589	0.47488979924445696
16253106	17950573	1702	0.2648378705443317
16253106	13499757	1768	0.8206072459003082
16253106	18130267	92	0.48656837478622583
16253106	18752428	93	0.7883182568206886
16253106	18752426	57	0.6970198094686271
16253106	14579088	803	0.14731514023186276
16253106	18464147	91	0.2326605219604989
16253106	16253108	140	0.697096533853983
16253106	19531582	414	0.1991904579387862
16253106	14579536	877	0.07499263769449971
16253106	16272469	104	0.9228653477250877
16253106	49650310	233	0.6682671234937646
16253106	15197181	523	0.05725403494874848
16253106	7751409	1053	0.39783676711899685
16253106	17916549	766	0.045340251441671975
16253106	7459221	540	0.7689261420188814
16253106	9001623	809	0.6498844448178575
16253106	35495295	1675	0.057737203671520354
16253106	35495294	1545	0.3966021626324564
16253106	33070146	1462	0.11904263097452805
16253106	15394142	1466	0.7190797432924113
16253106	18678271	1361	0.02835966494765374
16253106	15357081	2183	0.45913651147254264
16253106	15357077	2159	0.6273377299788094
16253106	35450538	1327	0.6584568662507423
14579493	14579494	17	0.7716374542964
14579493	13227225	330	0.1504888410386368
14579493	14579476	367	0.6658775115161467
14579493	6902933	487	0.49605539362712614
14579493	6902930	510	0.9680097676948318
14579493	19214639	538	0.48294631233923935
14579493	7751408	544	0.6426566998923642
14579493	19227136	550	0.5375513923027404
14579493	14607762	587	0.7310122158553006
14579493	17791429	749	0.41409762014255036
14579493	7365144	758	0.5489969666256788
14579493	30241004	761	0.970961441711912
14579493	7461171	765	0.6340567474296436
14579493	21057006	800	0.5834303930476619
14579493	6677293	803	0.7815449116053127
14579493	18021634	811	0.28257116473945953
14579493	16210652	814	0.25400576306863876
14579493	33070192	821	0.7799923385080348
14579493	49650310	875	0.6682671234937646
14579493	13227229	885	0.9588780258034475
14579493	16253106	938	0.9982154250354999
14579493	1940049	949	0.13896282143095917
14579493	15357084	992	0.5339602423443891
14579493	7770986	1007	0.723273803889334
14579493	35497190	1049	0.6301935260040324
14579493	13955186	1075	0.01884016715891501
14579493	15197179	1087	0.17990265817563544
14579493	14579063	1170	0.0315648686094111
14579493	7459221	1212	0.7689261420188814
14579493	9001729	1277	0.2339304875212307
14579493	18754874	1388	0.9497743298161321
14579493	12916234	1476	0.3484642192503049
14579493	15178444	1494	0.3205149456633679
14579493	15197186	1532	0.5325933095236226
14579493	21049304	1617	0.4492104606718248
14579493	19588677	1699	0.6293287899393843
14579493	14723315	1751	0.16511193805896307
14579493	13499757	1811	0.8206072459003082
14579493	22337104	2045	0.47488979924445696
14579493	16250137	144	0.13097044381214573
14579493	18130267	608	0.48656837478622583
14579493	18752428	609	0.7883182568206886
14579493	18752426	573	0.6970198094686271
14579493	14579088	1091	0.14731514023186276
14579493	18464147	379	0.2326605219604989
14579493	41522043	150	0.6598866454658783
14579493	16253108	428	0.697096533853983
14579493	18021636	441	0.3421865881665269
14579493	18130744	847	0.9454882001607039
14579493	18130746	827	0.7369705793281793
14579493	14579536	644	0.07499263769449971
14579493	17915296	331	0.0668599244574678
14579493	7816860	793	0.2990225692296521
14579493	20805410	432	0.6261239120057563
14579493	16272469	392	0.9228653477250877
14579493	16211076	643	0.5503395803715471
14579493	15197181	248	0.05725403494874848
14579493	7751409	778	0.39783676711899685
14579493	17916549	491	0.045340251441671975
14579493	7461174	612	0.5830441782956606
14579493	35495295	1400	0.057737203671520354
14579493	35495294	1270	0.3966021626324564
14579493	33070146	1187	0.11904263097452805
14579493	15394142	1191	0.7190797432924113
14579493	18678271	1086	0.02835966494765374
14579493	15357081	1908	0.45913651147254264
14579493	15357077	1884	0.6273377299788094
14579493	17950573	1169	0.2648378705443317
14579493	35450538	1052	0.6584568662507423
14579493	13683935	1604	8.16612528503069E-4
49650310	19514975	48	0.9074512830939735
49650310	16272469	129	0.9228653477250877
49650310	19531567	140	0.047290899280340915
49650310	18464147	142	0.2326605219604989
49650310	19531571	156	0.7483308322681175
49650310	18185281	177	0.6396656965681398
49650310	13955186	199	0.01884016715891501
49650310	5983027	216	0.7202233047576987
49650310	16253106	233	0.9982154250354999
49650310	19514897	242	0.7965379290036891
49650310	5907297	274	0.858675474345504
49650310	7770986	302	0.723273803889334
49650310	15197179	314	0.17990265817563544
49650310	18130744	322	0.9454882001607039
49650310	18021634	334	0.28257116473945953
49650310	7459221	336	0.7689261420188814
49650310	18130746	341	0.7369705793281793
49650310	19524316	396	0.8690009290641793
49650310	9001729	401	0.2339304875212307
49650310	9001725	455	0.3768905763277204
49650310	9001727	482	0.3977700732268954
49650310	18754874	512	0.9497743298161321
49650310	14579494	535	0.7716374542964
49650310	19531582	552	0.1991904579387862
49650310	6677293	582	0.7815449116053127
49650310	21057006	585	0.5834303930476619
49650310	12916234	600	0.3484642192503049
49650310	17915296	604	0.0668599244574678
49650310	41522043	612	0.6598866454658783
49650310	1940049	626	0.13896282143095917
49650310	19227136	628	0.5375513923027404
49650310	19214639	640	0.48294631233923935
49650310	6902930	668	0.9680097676948318
49650310	16250137	689	0.13097044381214573
49650310	16210652	756	0.25400576306863876
49650310	20805410	759	0.6261239120057563
49650310	6902933	763	0.49605539362712614
49650310	19588677	823	0.6293287899393843
49650310	14579476	843	0.6658775115161467
49650310	13227225	848	0.1504888410386368
49650310	13227229	850	0.9588780258034475
49650310	7816860	892	0.2990225692296521
49650310	15178444	1132	0.3205149456633679
49650310	21049304	1142	0.4492104606718248
49650310	22337104	1169	0.47488979924445696
49650310	30241004	1237	0.970961441711912
49650310	33070192	1305	0.7799923385080348
49650310	35497190	1357	0.6301935260040324
49650310	14723315	1380	0.16511193805896307
49650310	14579063	1394	0.0315648686094111
49650310	15357084	1468	0.5339602423443891
49650310	17950573	1804	0.2648378705443317
49650310	13499757	1870	0.8206072459003082
49650310	18130267	257	0.48656837478622583
49650310	18752428	258	0.7883182568206886
49650310	18752426	222	0.6970198094686271
49650310	14579088	740	0.14731514023186276
49650310	16253108	77	0.697096533853983
49650310	18021636	90	0.3421865881665269
49650310	14579536	814	0.07499263769449971
49650310	16211076	292	0.5503395803715471
49650310	14579493	875	0.8199569996976397
49650310	17791429	744	0.41409762014255036
49650310	7461171	876	0.6340567474296436
49650310	15197181	688	0.05725403494874848
49650310	7751408	923	0.6426566998923642
49650310	7751409	1218	0.39783676711899685
49650310	17916549	931	0.045340251441671975
49650310	15197186	1077	0.5325933095236226
49650310	14607762	1262	0.7310122158553006
49650310	13710445	405	0.1722014363683687
49650310	7365144	826	0.5489969666256788
49650310	9001623	993	0.6498844448178575
49650310	35495295	1840	0.057737203671520354
49650310	35495294	1710	0.3966021626324564
49650310	33070146	1627	0.11904263097452805
49650310	15394142	1631	0.7190797432924113
49650310	18678271	1526	0.02835966494765374
49650310	15357081	3350	0.45913651147254264
49650310	15357077	3326	0.6273377299788094
49650310	35450538	1918	0.6584568662507423
49650310	13683935	2354	8.16612528503069E-4
7770986	18130744	19	0.9454882001607039
7770986	18130746	38	0.7369705793281793
7770986	18021636	425	0.3421865881665269
7770986	18021634	451	0.28257116473945953
7770986	16210652	454	0.25400576306863876
7770986	49650310	515	0.6682671234937646
7770986	13227229	525	0.9588780258034475
7770986	16253106	578	0.9982154250354999
7770986	16272469	645	0.9228653477250877
7770986	16211076	705	0.5503395803715471
7770986	13955186	715	0.01884016715891501
7770986	15197179	727	0.17990265817563544
7770986	5983027	732	0.7202233047576987
7770986	5907297	790	0.858675474345504
7770986	7459221	852	0.7689261420188814
7770986	14579493	866	0.8199569996976397
7770986	9001729	917	0.2339304875212307
7770986	17791429	963	0.41409762014255036
7770986	9001725	971	0.3768905763277204
7770986	7461171	979	0.6340567474296436
7770986	9001727	998	0.3977700732268954
7770986	21057006	1014	0.5834303930476619
7770986	6902930	1016	0.9680097676948318
7770986	6677293	1017	0.7815449116053127
7770986	7751408	1027	0.6426566998923642
7770986	18754874	1028	0.9497743298161321
7770986	15197181	1035	0.05725403494874848
7770986	6902933	1111	0.49605539362712614
7770986	12916234	1116	0.3484642192503049
7770986	15178444	1134	0.3205149456633679
7770986	1940049	1142	0.13896282143095917
7770986	14579476	1191	0.6658775115161467
7770986	7365144	1196	0.5489969666256788
7770986	14607762	1211	0.7310122158553006
7770986	19588677	1339	0.6293287899393843
7770986	14723315	1391	0.16511193805896307
7770986	30241004	1585	0.970961441711912
7770986	33070192	1658	0.7799923385080348
7770986	22337104	1685	0.47488979924445696
7770986	35497190	1705	0.6301935260040324
7770986	14579063	1742	0.0315648686094111
7770986	15357084	1816	0.5339602423443891
7770986	17950573	2152	0.2648378705443317
7770986	13499757	2218	0.8206072459003082
7770986	18678271	2765	0.02835966494765374
7770986	15357081	3237	0.45913651147254264
7770986	16250137	390	0.13097044381214573
7770986	18130267	161	0.48656837478622583
7770986	18752428	162	0.7883182568206886
7770986	18752426	126	0.6970198094686271
7770986	14579088	872	0.14731514023186276
7770986	18464147	160	0.2326605219604989
7770986	41522043	494	0.6598866454658783
7770986	14579494	990	0.7716374542964
7770986	16253108	209	0.697096533853983
7770986	19227136	510	0.5375513923027404
7770986	19214639	522	0.48294631233923935
7770986	21049304	1074	0.4492104606718248
7770986	19531582	483	0.1991904579387862
7770986	14579536	946	0.07499263769449971
7770986	13227225	867	0.1504888410386368
7770986	7816860	1137	0.2990225692296521
7770986	7751409	1122	0.39783676711899685
7770986	17916549	835	0.045340251441671975
7770986	15197186	981	0.5325933095236226
7770986	9001623	878	0.6498844448178575
7770986	35495295	1744	0.057737203671520354
7770986	35495294	1614	0.3966021626324564
7770986	33070146	1531	0.11904263097452805
7770986	15394142	1535	0.7190797432924113
7770986	15357077	2228	0.6273377299788094
7770986	35450538	1396	0.6584568662507423
17791429	15197181	72	0.05725403494874848
17791429	21057006	110	0.5834303930476619
17791429	6677293	113	0.7815449116053127
17791429	41522043	154	0.6598866454658783
17791429	17915296	237	0.0668599244574678
17791429	16250137	251	0.13097044381214573
17791429	1940049	259	0.13896282143095917
17791429	14579493	304	0.8199569996976397
17791429	19227136	350	0.5375513923027404
17791429	7461171	353	0.6340567474296436
17791429	19214639	362	0.48294631233923935
17791429	6902930	390	0.9680097676948318
17791429	7751408	401	0.6426566998923642
17791429	20805410	467	0.6261239120057563
17791429	6902933	485	0.49605539362712614
17791429	14579476	565	0.6658775115161467
17791429	16253106	579	0.9982154250354999
17791429	14607762	585	0.7310122158553006
17791429	15197179	639	0.17990265817563544
17791429	19514897	645	0.7965379290036891
17791429	7770986	648	0.723273803889334
17791429	18021634	680	0.28257116473945953
17791429	49650310	744	0.6682671234937646
17791429	16272469	746	0.9228653477250877
17791429	9001725	750	0.3768905763277204
17791429	15197186	765	0.5325933095236226
17791429	21049304	850	0.4492104606718248
17791429	19514975	873	0.9074512830939735
17791429	30241004	959	0.970961441711912
17791429	19531567	965	0.047290899280340915
17791429	19531571	981	0.7483308322681175
17791429	18185281	1002	0.6396656965681398
17791429	33070192	1027	0.7799923385080348
17791429	19524316	1082	0.8690009290641793
17791429	16210652	1102	0.25400576306863876
17791429	14579063	1116	0.0315648686094111
17791429	15357084	1190	0.5339602423443891
17791429	13227229	1196	0.9588780258034475
17791429	18754874	1198	0.9497743298161321
17791429	17950573	1316	0.2648378705443317
17791429	19531582	1377	0.1991904579387862
17791429	13499757	1382	0.8206072459003082
17791429	15178444	1478	0.3205149456633679
17791429	19588677	1648	0.6293287899393843
17791429	14723315	1726	0.16511193805896307
17791429	33070146	2129	0.11904263097452805
17791429	15394142	2133	0.7190797432924113
17791429	35497190	2216	0.6301935260040324
17791429	18130267	705	0.48656837478622583
17791429	18752428	706	0.7883182568206886
17791429	18752426	670	0.6970198094686271
17791429	14579088	1188	0.14731514023186276
17791429	18464147	476	0.2326605219604989
17791429	14579494	732	0.7716374542964
17791429	16253108	525	0.697096533853983
17791429	18021636	538	0.3421865881665269
17791429	18130744	944	0.9454882001607039
17791429	18130746	924	0.7369705793281793
17791429	14579536	677	0.07499263769449971
17791429	13227225	1183	0.1504888410386368
17791429	7816860	826	0.2990225692296521
17791429	16211076	740	0.5503395803715471
17791429	7751409	811	0.39783676711899685
17791429	17916549	524	0.045340251441671975
17791429	7461174	517	0.5830441782956606
17791429	7365144	419	0.5489969666256788
17791429	13955186	582	0.01884016715891501
17791429	7459221	925	0.7689261420188814
17791429	35495295	1433	0.057737203671520354
17791429	35495294	1303	0.3966021626324564
17791429	22337104	1894	0.47488979924445696
17791429	18678271	1119	0.02835966494765374
17791429	15357081	1941	0.45913651147254264
17791429	15357077	1917	0.6273377299788094
17791429	35450538	1085	0.6584568662507423
17791429	13683935	1701	8.16612528503069E-4
7461171	14579536	217	0.07499263769449971
7461171	14579088	268	0.14731514023186276
7461171	13227225	331	0.1504888410386368
7461171	14579476	368	0.6658775115161467
7461171	6902933	488	0.49605539362712614
7461171	6902930	511	0.9680097676948318
7461171	19214639	539	0.48294631233923935
7461171	7751408	545	0.6426566998923642
7461171	19227136	551	0.5375513923027404
7461171	14607762	588	0.7310122158553006
7461171	7816860	617	0.2990225692296521
7461171	14579493	717	0.8199569996976397
7461171	14579494	734	0.7716374542964
7461171	41522043	747	0.6598866454658783
7461171	17791429	750	0.41409762014255036
7461171	7365144	759	0.5489969666256788
7461171	30241004	762	0.970961441711912
7461171	18021636	786	0.3421865881665269
7461171	21057006	801	0.5834303930476619
7461171	6677293	804	0.7815449116053127
7461171	18021634	812	0.28257116473945953
7461171	16210652	815	0.25400576306863876
7461171	33070192	822	0.7799923385080348
7461171	16250137	824	0.13097044381214573
7461171	49650310	876	0.6682671234937646
7461171	13227229	886	0.9588780258034475
7461171	17915296	928	0.0668599244574678
7461171	16253106	939	0.9982154250354999
7461171	1940049	950	0.13896282143095917
7461171	15357084	993	0.5339602423443891
7461171	7770986	1008	0.723273803889334
7461171	35497190	1050	0.6301935260040324
7461171	13955186	1076	0.01884016715891501
7461171	15197179	1088	0.17990265817563544
7461171	14579063	1171	0.0315648686094111
7461171	7459221	1213	0.7689261420188814
7461171	9001729	1278	0.2339304875212307
7461171	18754874	1389	0.9497743298161321
7461171	12916234	1477	0.3484642192503049
7461171	15178444	1495	0.3205149456633679
7461171	15197186	1533	0.5325933095236226
7461171	21049304	1618	0.4492104606718248
7461171	19588677	1700	0.6293287899393843
7461171	14723315	1752	0.16511193805896307
7461171	13499757	1812	0.8206072459003082
7461171	22337104	2046	0.47488979924445696
7461171	18130267	721	0.48656837478622583
7461171	18752428	722	0.7883182568206886
7461171	18752426	686	0.6970198094686271
7461171	18464147	492	0.2326605219604989
7461171	16253108	541	0.697096533853983
7461171	18130744	960	0.9454882001607039
7461171	18130746	940	0.7369705793281793
7461171	20805410	481	0.6261239120057563
7461171	16272469	505	0.9228653477250877
7461171	16211076	756	0.5503395803715471
7461171	15197181	297	0.05725403494874848
7461171	7751409	827	0.39783676711899685
7461171	17916549	540	0.045340251441671975
7461171	7461174	725	0.5830441782956606
7461171	35495295	1449	0.057737203671520354
7461171	35495294	1319	0.3966021626324564
7461171	33070146	1236	0.11904263097452805
7461171	15394142	1240	0.7190797432924113
7461171	18678271	1135	0.02835966494765374
7461171	15357081	1957	0.45913651147254264
7461171	15357077	1933	0.6273377299788094
7461171	17950573	1218	0.2648378705443317
7461171	35450538	1101	0.6584568662507423
7461171	13683935	1717	8.16612528503069E-4
6677293	21057006	3	0.5834303930476619
6677293	41522043	57	0.6598866454658783
6677293	15197181	57	0.05725403494874848
6677293	17791429	113	0.41409762014255036
6677293	17915296	124	0.0668599244574678
6677293	1940049	146	0.13896282143095917
6677293	16250137	154	0.13097044381214573
6677293	14579493	207	0.8199569996976397
6677293	19227136	253	0.5375513923027404
6677293	7461171	256	0.6340567474296436
6677293	19214639	265	0.48294631233923935
6677293	6902930	293	0.9680097676948318
6677293	7751408	304	0.6426566998923642
6677293	20805410	354	0.6261239120057563
6677293	6902933	388	0.49605539362712614
6677293	14579476	468	0.6658775115161467
6677293	7365144	473	0.5489969666256788
6677293	16253106	482	0.9982154250354999
6677293	14607762	488	0.7310122158553006
6677293	15197179	526	0.17990265817563544
6677293	19514897	532	0.7965379290036891
6677293	7770986	551	0.723273803889334
6677293	16211076	609	0.5503395803715471
6677293	16272469	633	0.9228653477250877
6677293	9001725	637	0.3768905763277204
6677293	49650310	647	0.6682671234937646
6677293	15197186	652	0.5325933095236226
6677293	7461174	684	0.5830441782956606
6677293	7751409	689	0.39783676711899685
6677293	21049304	737	0.4492104606718248
6677293	5983027	864	0.7202233047576987
6677293	5907297	922	0.858675474345504
6677293	19524316	969	0.8690009290641793
6677293	9001729	1049	0.2339304875212307
6677293	18754874	1085	0.9497743298161321
6677293	13227229	1099	0.9588780258034475
6677293	9001727	1130	0.3977700732268954
6677293	15178444	1381	0.3205149456633679
6677293	18130267	759	0.48656837478622583
6677293	18752428	760	0.7883182568206886
6677293	18752426	724	0.6970198094686271
6677293	18130598	786	0.6392521595997206
6677293	14579088	1242	0.14731514023186276
6677293	18464147	530	0.2326605219604989
6677293	14579494	786	0.7716374542964
6677293	16253108	579	0.697096533853983
6677293	18021636	592	0.3421865881665269
6677293	18130744	998	0.9454882001607039
6677293	18130746	978	0.7369705793281793
6677293	14579536	731	0.07499263769449971
6677293	13227225	1237	0.1504888410386368
6677293	7816860	880	0.2990225692296521
6677293	17916549	578	0.045340251441671975
6677293	18021634	1052	0.28257116473945953
6677293	13955186	636	0.01884016715891501
6677293	16210652	967	0.25400576306863876
6677293	7459221	979	0.7689261420188814
6677293	35497190	1101	0.6301935260040324
6677293	9001623	1156	0.6498844448178575
6677293	12916234	1147	0.3484642192503049
6677293	30241004	1495	0.970961441711912
6677293	35495295	1487	0.057737203671520354
6677293	35495294	1357	0.3966021626324564
6677293	13499757	949	0.8206072459003082
6677293	33070146	1274	0.11904263097452805
6677293	14579063	789	0.0315648686094111
6677293	15394142	1278	0.7190797432924113
6677293	15357084	1922	0.5339602423443891
6677293	33070192	1067	0.7799923385080348
6677293	18678271	1173	0.02835966494765374
6677293	14723315	1633	0.16511193805896307
6677293	15357081	1995	0.45913651147254264
6677293	15357077	1971	0.6273377299788094
6677293	17950573	1256	0.2648378705443317
6677293	35450538	1139	0.6584568662507423
6677293	13683935	1396	8.16612528503069E-4
15197181	21057006	54	0.5834303930476619
15197181	6677293	57	0.7815449116053127
15197181	17791429	72	0.41409762014255036
15197181	41522043	98	0.6598866454658783
15197181	17915296	181	0.0668599244574678
15197181	16250137	195	0.13097044381214573
15197181	1940049	203	0.13896282143095917
15197181	14579493	248	0.8199569996976397
15197181	19227136	294	0.5375513923027404
15197181	7461171	297	0.6340567474296436
15197181	19214639	306	0.48294631233923935
15197181	6902930	334	0.9680097676948318
15197181	7751408	345	0.6426566998923642
15197181	20805410	411	0.6261239120057563
15197181	6902933	429	0.49605539362712614
15197181	14579476	509	0.6658775115161467
15197181	7365144	514	0.5489969666256788
15197181	16253106	523	0.9982154250354999
15197181	14607762	529	0.7310122158553006
15197181	15197179	583	0.17990265817563544
15197181	19514897	589	0.7965379290036891
15197181	7770986	592	0.723273803889334
15197181	18021634	624	0.28257116473945953
15197181	49650310	688	0.6682671234937646
15197181	16272469	690	0.9228653477250877
15197181	9001725	694	0.3768905763277204
15197181	15197186	709	0.5325933095236226
15197181	21049304	794	0.4492104606718248
15197181	19514975	817	0.9074512830939735
15197181	30241004	903	0.970961441711912
15197181	19531567	909	0.047290899280340915
15197181	19531571	925	0.7483308322681175
15197181	18185281	946	0.6396656965681398
15197181	33070192	971	0.7799923385080348
15197181	35497190	1023	0.6301935260040324
15197181	19524316	1026	0.8690009290641793
15197181	16210652	1046	0.25400576306863876
15197181	14579063	1060	0.0315648686094111
15197181	15357084	1134	0.5339602423443891
15197181	13227229	1140	0.9588780258034475
15197181	18754874	1142	0.9497743298161321
15197181	19531582	1321	0.1991904579387862
15197181	15178444	1422	0.3205149456633679
15197181	13499757	1536	0.8206072459003082
15197181	19588677	1592	0.6293287899393843
15197181	14723315	1670	0.16511193805896307
15197181	7461174	461	0.5830441782956606
15197181	13683935	1453	8.16612528503069E-4
6902930	19214639	29	0.48294631233923935
6902930	19227136	40	0.5375513923027404
6902930	6902933	95	0.49605539362712614
6902930	7751408	152	0.6426566998923642
6902930	14579476	175	0.6658775115161467
6902930	14607762	195	0.7310122158553006
6902930	14579493	206	0.8199569996976397
6902930	14579494	223	0.7716374542964
6902930	7816860	224	0.2990225692296521
6902930	41522043	236	0.6598866454658783
6902930	17791429	239	0.41409762014255036
6902930	7461171	255	0.6340567474296436
6902930	14579536	261	0.07499263769449971
6902930	21057006	290	0.5834303930476619
6902930	6677293	293	0.7815449116053127
6902930	7365144	308	0.5489969666256788
6902930	15197181	311	0.05725403494874848
6902930	16250137	313	0.13097044381214573
6902930	17915296	417	0.0668599244574678
6902930	1940049	439	0.13896282143095917
6902930	16253106	481	0.9982154250354999
6902930	13227225	536	0.1504888410386368
6902930	7770986	550	0.723273803889334
6902930	30241004	569	0.970961441711912
6902930	18021634	582	0.28257116473945953
6902930	16211076	608	0.5503395803715471
6902930	49650310	646	0.6682671234937646
6902930	35497190	689	0.6301935260040324
6902930	14579063	726	0.0315648686094111
6902930	16272469	776	0.9228653477250877
6902930	33070192	778	0.7799923385080348
6902930	15357084	800	0.5339602423443891
6902930	13955186	846	0.01884016715891501
6902930	15197179	858	0.17990265817563544
6902930	5983027	863	0.7202233047576987
6902930	5907297	921	0.858675474345504
6902930	15197186	945	0.5325933095236226
6902930	7751409	982	0.39783676711899685
6902930	16210652	1004	0.25400576306863876
6902930	21049304	1030	0.4492104606718248
6902930	9001729	1048	0.2339304875212307
6902930	13227229	1098	0.9588780258034475
6902930	9001725	1102	0.3768905763277204
6902930	9001727	1129	0.3977700732268954
6902930	18754874	1159	0.9497743298161321
6902930	12916234	1247	0.3484642192503049
6902930	17950573	1264	0.2648378705443317
6902930	13499757	1330	0.8206072459003082
6902930	15178444	1380	0.3205149456633679
6902930	19588677	1470	0.6293287899393843
6902930	14723315	1628	0.16511193805896307
6902930	22337104	1816	0.47488979924445696
6902930	19514897	833	0.7965379290036891
6902930	18130267	758	0.48656837478622583
6902930	18752428	759	0.7883182568206886
6902930	18752426	723	0.6970198094686271
6902930	18130598	785	0.6392521595997206
6902930	14579088	1241	0.14731514023186276
6902930	18464147	529	0.2326605219604989
6902930	16253108	578	0.697096533853983
6902930	18021636	591	0.3421865881665269
6902930	18130744	997	0.9454882001607039
6902930	18130746	977	0.7369705793281793
6902930	19531582	847	0.1991904579387862
6902930	20805410	518	0.6261239120057563
6902930	17916549	413	0.045340251441671975
6902930	7461174	762	0.5830441782956606
6902930	7459221	978	0.7689261420188814
6902930	9001623	1242	0.6498844448178575
6902930	35495295	1322	0.057737203671520354
6902930	35495294	1192	0.3966021626324564
6902930	33070146	1109	0.11904263097452805
6902930	15394142	1113	0.7190797432924113
6902930	18678271	880	0.02835966494765374
6902930	15357081	1147	0.45913651147254264
6902930	15357077	1123	0.6273377299788094
6902930	35450538	846	0.6584568662507423
6902930	13683935	1754	8.16612528503069E-4
9001727	5907297	93	0.858675474345504
9001727	19514975	152	0.9074512830939735
9001727	13955186	209	0.01884016715891501
9001727	5983027	226	0.7202233047576987
9001727	19531571	249	0.7483308322681175
9001727	16253108	250	0.697096533853983
9001727	18185281	270	0.6396656965681398
9001727	19531567	306	0.047290899280340915
9001727	49650310	327	0.6682671234937646
9001727	7459221	346	0.7689261420188814
9001727	18021634	500	0.28257116473945953
9001727	9001729	567	0.2339304875212307
9001727	18752420	668	0.3954245981916412
9001727	18754874	678	0.9497743298161321
9001727	21057006	751	0.5834303930476619
9001727	12916234	766	0.3484642192503049
9001727	17915296	770	0.0668599244574678
9001727	19227136	794	0.5375513923027404
9001727	19214639	806	0.48294631233923935
9001727	16210652	922	0.25400576306863876
9001727	19588677	989	0.6293287899393843
9001727	14579476	1009	0.6658775115161467
9001727	15178444	1298	0.3205149456633679
9001727	21049304	1308	0.4492104606718248
9001727	22337104	1335	0.47488979924445696
9001727	30241004	1403	0.970961441711912
9001727	33070192	1471	0.7799923385080348
9001727	35497190	1523	0.6301935260040324
9001727	14723315	1546	0.16511193805896307
9001727	14579063	1560	0.0315648686094111
9001727	15357084	1634	0.5339602423443891
9001727	17950573	1970	0.2648378705443317
9001727	13499757	2036	0.8206072459003082
9001727	19531582	312	0.1991904579387862
9001727	19524327	837	0.1851174335537512
9001727	19524316	856	0.8690009290641793
9001727	7770986	998	0.723273803889334
9001727	6677293	1130	0.7815449116053127
9001727	6902930	1129	0.9680097676948318
9001727	13227229	1543	0.9588780258034475
9001727	9001623	581	0.6498844448178575
9001727	13683935	1347	8.16612528503069E-4
7751408	14579536	109	0.07499263769449971
7751408	14579476	172	0.6658775115161467
7751408	6902933	292	0.49605539362712614
7751408	6902930	315	0.9680097676948318
7751408	19214639	343	0.48294631233923935
7751408	19227136	355	0.5375513923027404
7751408	13227225	378	0.1504888410386368
7751408	14607762	392	0.7310122158553006
7751408	7816860	421	0.2990225692296521
7751408	14579493	521	0.8199569996976397
7751408	14579494	538	0.7716374542964
7751408	41522043	551	0.6598866454658783
7751408	17791429	554	0.41409762014255036
7751408	7365144	563	0.5489969666256788
7751408	30241004	566	0.970961441711912
7751408	7461171	570	0.6340567474296436
7751408	21057006	605	0.5834303930476619
7751408	6677293	608	0.7815449116053127
7751408	33070192	626	0.7799923385080348
7751408	16250137	628	0.13097044381214573
7751408	17915296	732	0.0668599244574678
7751408	1940049	754	0.13896282143095917
7751408	15357084	797	0.5339602423443891
7751408	35497190	854	0.6301935260040324
7751408	18021634	859	0.28257116473945953
7751408	16210652	862	0.25400576306863876
7751408	49650310	923	0.6682671234937646
7751408	13227229	933	0.9588780258034475
7751408	14579063	975	0.0315648686094111
7751408	16253106	986	0.9982154250354999
7751408	7770986	1055	0.723273803889334
7751408	13955186	1123	0.01884016715891501
7751408	15197179	1135	0.17990265817563544
7751408	7459221	1260	0.7689261420188814
7751408	9001729	1325	0.2339304875212307
7751408	15197186	1337	0.5325933095236226
7751408	21049304	1422	0.4492104606718248
7751408	18754874	1436	0.9497743298161321
7751408	12916234	1524	0.3484642192503049
7751408	15178444	1542	0.3205149456633679
7751408	13499757	1616	0.8206072459003082
7751408	19588677	1747	0.6293287899393843
7751408	22337104	2093	0.47488979924445696
7751408	18130267	769	0.48656837478622583
7751408	18752428	770	0.7883182568206886
7751408	18752426	734	0.6970198094686271
7751408	14579088	1252	0.14731514023186276
7751408	18464147	540	0.2326605219604989
7751408	16253108	589	0.697096533853983
7751408	18021636	602	0.3421865881665269
7751408	18130744	1008	0.9454882001607039
7751408	18130746	988	0.7369705793281793
7751408	20805410	529	0.6261239120057563
7751408	16272469	553	0.9228653477250877
7751408	16211076	804	0.5503395803715471
7751408	15197181	345	0.05725403494874848
7751408	7751409	875	0.39783676711899685
7751408	17916549	588	0.045340251441671975
7751408	7461174	773	0.5830441782956606
7751408	35495295	1497	0.057737203671520354
7751408	35495294	1367	0.3966021626324564
7751408	33070146	1284	0.11904263097452805
7751408	15394142	1288	0.7190797432924113
7751408	18678271	914	0.02835966494765374
7751408	14723315	1643	0.16511193805896307
7751408	15357081	1181	0.45913651147254264
7751408	15357077	1157	0.6273377299788094
7751408	17950573	1266	0.2648378705443317
7751408	35450538	880	0.6584568662507423
7751408	13683935	1765	8.16612528503069E-4
5983027	5907297	58	0.858675474345504
5983027	13710445	308	0.1722014363683687
5983027	19588677	585	0.6293287899393843
5983027	13955186	595	0.01884016715891501
5983027	7459221	639	0.7689261420188814
5983027	18752420	643	0.3954245981916412
5983027	22337104	883	0.47488979924445696
5983027	18021634	886	0.28257116473945953
5983027	18754874	1064	0.9497743298161321
5983027	21057006	1137	0.5834303930476619
5983027	12916234	1152	0.3484642192503049
5983027	14579476	1395	0.6658775115161467
5983027	15178444	1684	0.3205149456633679
5983027	30241004	1789	0.970961441711912
5983027	33070192	1857	0.7799923385080348
5983027	35497190	1909	0.6301935260040324
5983027	14579063	1946	0.0315648686094111
5983027	15357084	2020	0.5339602423443891
5983027	17950573	2356	0.2648378705443317
5983027	13499757	2422	0.8206072459003082
5983027	19514975	168	0.9074512830939735
5983027	19531567	270	0.047290899280340915
5983027	19531571	253	0.7483308322681175
5983027	18185281	232	0.6396656965681398
5983027	49650310	216	0.6682671234937646
5983027	7770986	732	0.723273803889334
5983027	6677293	864	0.7815449116053127
5983027	6902930	863	0.9680097676948318
5983027	9001727	226	0.3977700732268954
5983027	9001729	308	0.2339304875212307
5983027	13227229	1277	0.9588780258034475
5983027	16210652	422	0.25400576306863876
5983027	13683935	1279	8.16612528503069E-4
17915327	17915328	8	0.15561999784333724
17915327	19227136	411	0.5375513923027404
17915327	19214639	423	0.48294631233923935
17915327	14579494	546	0.7716374542964
17915327	41522043	559	0.6598866454658783
17915327	21057006	613	0.5834303930476619
17915327	14579476	626	0.6658775115161467
17915327	16250137	636	0.13097044381214573
17915327	7816860	675	0.2990225692296521
17915327	17915296	740	0.0668599244574678
17915327	13227225	859	0.1504888410386368
17915327	18021634	905	0.28257116473945953
17915327	30241004	1020	0.970961441711912
17915327	21049304	1081	0.4492104606718248
17915327	13955186	1169	0.01884016715891501
17915327	17950573	1209	0.2648378705443317
17915327	15357084	1251	0.5339602423443891
17915327	33070192	1252	0.7799923385080348
17915327	13499757	1275	0.8206072459003082
17915327	16210652	1327	0.25400576306863876
17915327	18754874	1482	0.9497743298161321
17915327	12916234	1570	0.3484642192503049
17915327	15178444	1703	0.3205149456633679
17915327	19588677	1793	0.6293287899393843
17915327	14723315	1951	0.16511193805896307
17915327	33070146	2022	0.11904263097452805
17915327	15394142	2026	0.7190797432924113
17915327	35497190	2109	0.6301935260040324
17915327	22337104	2139	0.47488979924445696
17915327	14579063	2301	0.0315648686094111
6902933	7751408	57	0.6426566998923642
6902933	14579536	166	0.07499263769449971
6902933	14579476	229	0.6658775115161467
6902933	6902930	372	0.9680097676948318
6902933	19214639	400	0.48294631233923935
6902933	19227136	412	0.5375513923027404
6902933	13227225	435	0.1504888410386368
6902933	14607762	449	0.7310122158553006
6902933	7816860	478	0.2990225692296521
6902933	14579493	578	0.8199569996976397
6902933	14579494	595	0.7716374542964
6902933	41522043	608	0.6598866454658783
6902933	17791429	611	0.41409762014255036
6902933	7365144	620	0.5489969666256788
6902933	30241004	623	0.970961441711912
6902933	7461171	627	0.6340567474296436
6902933	21057006	662	0.5834303930476619
6902933	6677293	665	0.7815449116053127
6902933	33070192	683	0.7799923385080348
6902933	16250137	685	0.13097044381214573
6902933	17915296	789	0.0668599244574678
6902933	1940049	811	0.13896282143095917
6902933	15357084	854	0.5339602423443891
6902933	35497190	911	0.6301935260040324
6902933	18021634	916	0.28257116473945953
6902933	16210652	919	0.25400576306863876
6902933	49650310	980	0.6682671234937646
6902933	13227229	990	0.9588780258034475
6902933	14579063	1032	0.0315648686094111
6902933	16253106	1043	0.9982154250354999
6902933	7770986	1112	0.723273803889334
6902933	13955186	1180	0.01884016715891501
6902933	15197179	1192	0.17990265817563544
6902933	7459221	1317	0.7689261420188814
6902933	9001729	1382	0.2339304875212307
6902933	15197186	1394	0.5325933095236226
6902933	21049304	1479	0.4492104606718248
6902933	18754874	1493	0.9497743298161321
6902933	12916234	1581	0.3484642192503049
6902933	15178444	1599	0.3205149456633679
6902933	13499757	1673	0.8206072459003082
6902933	19588677	1804	0.6293287899393843
6902933	22337104	2150	0.47488979924445696
6902933	19514897	928	0.7965379290036891
6902933	18130267	853	0.48656837478622583
6902933	18752428	854	0.7883182568206886
6902933	18752426	818	0.6970198094686271
6902933	18130598	880	0.6392521595997206
6902933	14579088	1336	0.14731514023186276
6902933	18464147	624	0.2326605219604989
6902933	16253108	673	0.697096533853983
6902933	18021636	686	0.3421865881665269
6902933	18130744	1092	0.9454882001607039
6902933	18130746	1072	0.7369705793281793
6902933	19531582	942	0.1991904579387862
6902933	20805410	613	0.6261239120057563
6902933	16272469	637	0.9228653477250877
6902933	16211076	888	0.5503395803715471
6902933	15197181	429	0.05725403494874848
6902933	7751409	795	0.39783676711899685
6902933	17916549	508	0.045340251441671975
6902933	7461174	857	0.5830441782956606
6902933	9001725	905	0.3768905763277204
6902933	9001623	1337	0.6498844448178575
6902933	35495295	1417	0.057737203671520354
6902933	35495294	1287	0.3966021626324564
6902933	33070146	1204	0.11904263097452805
6902933	15394142	1208	0.7190797432924113
6902933	18678271	857	0.02835966494765374
6902933	14723315	1727	0.16511193805896307
6902933	15357081	1124	0.45913651147254264
6902933	15357077	1100	0.6273377299788094
6902933	17950573	1186	0.2648378705443317
6902933	35450538	823	0.6584568662507423
6902933	13683935	1849	8.16612528503069E-4
17915328	19227136	402	0.5375513923027404
17915328	19214639	414	0.48294631233923935
17915328	14579494	537	0.7716374542964
17915328	41522043	550	0.6598866454658783
17915328	21057006	604	0.5834303930476619
17915328	14579476	617	0.6658775115161467
17915328	16250137	627	0.13097044381214573
17915328	7816860	666	0.2990225692296521
17915328	17915296	731	0.0668599244574678
17915328	13227225	850	0.1504888410386368
17915328	18021634	896	0.28257116473945953
17915328	30241004	1011	0.970961441711912
17915328	21049304	1072	0.4492104606718248
17915328	13955186	1160	0.01884016715891501
17915328	17950573	1200	0.2648378705443317
17915328	15357084	1242	0.5339602423443891
17915328	33070192	1243	0.7799923385080348
17915328	13499757	1266	0.8206072459003082
17915328	16210652	1318	0.25400576306863876
17915328	18754874	1473	0.9497743298161321
17915328	12916234	1561	0.3484642192503049
17915328	15178444	1694	0.3205149456633679
17915328	19588677	1784	0.6293287899393843
17915328	14723315	1942	0.16511193805896307
17915328	33070146	2013	0.11904263097452805
17915328	15394142	2017	0.7190797432924113
17915328	35497190	2100	0.6301935260040324
17915328	22337104	2130	0.47488979924445696
17915328	14579063	2292	0.0315648686094111
17915328	17915327	8	0.07011367195031637
7751409	21049304	48	0.4492104606718248
7751409	15197186	171	0.5325933095236226
7751409	7365144	502	0.5489969666256788
7751409	19227136	660	0.5375513923027404
7751409	19214639	672	0.48294631233923935
7751409	6902930	700	0.9680097676948318
7751409	14579493	778	0.8199569996976397
7751409	6902933	795	0.49605539362712614
7751409	14579494	795	0.7716374542964
7751409	41522043	808	0.6598866454658783
7751409	17791429	811	0.41409762014255036
7751409	7461171	827	0.6340567474296436
7751409	21057006	862	0.5834303930476619
7751409	6677293	865	0.7815449116053127
7751409	7751408	875	0.6426566998923642
7751409	14579476	875	0.6658775115161467
7751409	16250137	885	0.13097044381214573
7751409	14607762	895	0.7310122158553006
7751409	7816860	924	0.2990225692296521
7751409	17915296	989	0.0668599244574678
7751409	1940049	1011	0.13896282143095917
7751409	16253106	1053	0.9982154250354999
7751409	13227225	1108	0.1504888410386368
7751409	7770986	1122	0.723273803889334
7751409	18021634	1154	0.28257116473945953
7751409	49650310	1218	0.6682671234937646
7751409	30241004	1269	0.970961441711912
7751409	9001725	1296	0.3768905763277204
7751409	13955186	1418	0.01884016715891501
7751409	15197179	1430	0.17990265817563544
7751409	17950573	1458	0.2648378705443317
7751409	15357084	1500	0.5339602423443891
7751409	33070192	1501	0.7799923385080348
7751409	13499757	1524	0.8206072459003082
7751409	16210652	1576	0.25400576306863876
7751409	9001729	1620	0.2339304875212307
7751409	13227229	1670	0.9588780258034475
7751409	18754874	1731	0.9497743298161321
7751409	12916234	1819	0.3484642192503049
7751409	15178444	1952	0.3205149456633679
7751409	19588677	2042	0.6293287899393843
7751409	14723315	2200	0.16511193805896307
7751409	33070146	2271	0.11904263097452805
7751409	15394142	2275	0.7190797432924113
7751409	35497190	2358	0.6301935260040324
7751409	22337104	2388	0.47488979924445696
7751409	14579063	2550	0.0315648686094111
5907297	13710445	249	0.1722014363683687
5907297	5983027	317	0.7202233047576987
5907297	13955186	536	0.01884016715891501
5907297	7459221	580	0.7689261420188814
5907297	18752420	584	0.3954245981916412
5907297	49650310	654	0.6682671234937646
5907297	18021634	827	0.28257116473945953
5907297	9001729	894	0.2339304875212307
5907297	19588677	908	0.6293287899393843
5907297	18754874	1005	0.9497743298161321
5907297	21057006	1078	0.5834303930476619
5907297	12916234	1093	0.3484642192503049
5907297	14579476	1336	0.6658775115161467
5907297	15178444	1625	0.3205149456633679
5907297	22337104	1662	0.47488979924445696
5907297	30241004	1730	0.970961441711912
5907297	33070192	1798	0.7799923385080348
5907297	35497190	1850	0.6301935260040324
5907297	14579063	1887	0.0315648686094111
5907297	15357084	1961	0.5339602423443891
5907297	17950573	2297	0.2648378705443317
5907297	13499757	2363	0.8206072459003082
5907297	19514975	226	0.9074512830939735
5907297	19531567	137	0.047290899280340915
5907297	19531571	120	0.7483308322681175
5907297	18185281	99	0.6396656965681398
5907297	7770986	790	0.723273803889334
5907297	6677293	922	0.7815449116053127
5907297	6902930	921	0.9680097676948318
5907297	9001727	93	0.3977700732268954
5907297	13227229	1335	0.9588780258034475
5907297	16210652	480	0.25400576306863876
5907297	13683935	1337	8.16612528503069E-4
17916549	7365144	215	0.5489969666256788
17916549	19227136	373	0.5375513923027404
17916549	19214639	385	0.48294631233923935
17916549	6902930	413	0.9680097676948318
17916549	14579493	491	0.8199569996976397
17916549	14579494	508	0.7716374542964
17916549	6902933	508	0.49605539362712614
17916549	41522043	521	0.6598866454658783
17916549	17791429	524	0.41409762014255036
17916549	7461171	540	0.6340567474296436
17916549	21057006	575	0.5834303930476619
17916549	6677293	578	0.7815449116053127
17916549	7751408	588	0.6426566998923642
17916549	14579476	588	0.6658775115161467
17916549	16250137	598	0.13097044381214573
17916549	14607762	608	0.7310122158553006
17916549	7816860	637	0.2990225692296521
17916549	17915296	702	0.0668599244574678
17916549	1940049	724	0.13896282143095917
17916549	16253106	766	0.9982154250354999
17916549	13227225	821	0.1504888410386368
17916549	7770986	835	0.723273803889334
17916549	18021634	867	0.28257116473945953
17916549	49650310	931	0.6682671234937646
17916549	15197186	958	0.5325933095236226
17916549	30241004	982	0.970961441711912
17916549	21049304	1043	0.4492104606718248
17916549	13955186	1131	0.01884016715891501
17916549	15197179	1143	0.17990265817563544
17916549	17950573	1171	0.2648378705443317
17916549	15357084	1213	0.5339602423443891
17916549	33070192	1214	0.7799923385080348
17916549	13499757	1237	0.8206072459003082
17916549	16210652	1289	0.25400576306863876
17916549	9001729	1333	0.2339304875212307
17916549	13227229	1383	0.9588780258034475
17916549	18754874	1444	0.9497743298161321
17916549	12916234	1532	0.3484642192503049
17916549	15178444	1665	0.3205149456633679
17916549	19588677	1755	0.6293287899393843
17916549	14723315	1913	0.16511193805896307
17916549	33070146	1984	0.11904263097452805
17916549	15394142	1988	0.7190797432924113
17916549	35497190	2071	0.6301935260040324
17916549	22337104	2101	0.47488979924445696
17916549	14579063	2263	0.0315648686094111
15197186	7751409	38	0.39783676711899685
15197186	21049304	86	0.4492104606718248
15197186	7365144	361	0.5489969666256788
15197186	19227136	519	0.5375513923027404
15197186	19214639	531	0.48294631233923935
15197186	6902930	559	0.9680097676948318
15197186	14579493	637	0.8199569996976397
15197186	6902933	654	0.49605539362712614
15197186	14579494	654	0.7716374542964
15197186	41522043	667	0.6598866454658783
15197186	17791429	670	0.41409762014255036
15197186	7461171	686	0.6340567474296436
15197186	21057006	721	0.5834303930476619
15197186	6677293	724	0.7815449116053127
15197186	7751408	734	0.6426566998923642
15197186	14579476	734	0.6658775115161467
15197186	16250137	744	0.13097044381214573
15197186	14607762	754	0.7310122158553006
15197186	7816860	783	0.2990225692296521
15197186	17915296	848	0.0668599244574678
15197186	1940049	870	0.13896282143095917
15197186	16253106	912	0.9982154250354999
15197186	13227225	967	0.1504888410386368
15197186	7770986	981	0.723273803889334
15197186	18021634	1013	0.28257116473945953
15197186	49650310	1077	0.6682671234937646
15197186	30241004	1128	0.970961441711912
15197186	9001725	1155	0.3768905763277204
15197186	13955186	1277	0.01884016715891501
15197186	15197179	1289	0.17990265817563544
15197186	17950573	1317	0.2648378705443317
15197186	15357084	1359	0.5339602423443891
15197186	33070192	1360	0.7799923385080348
15197186	13499757	1383	0.8206072459003082
15197186	16210652	1435	0.25400576306863876
15197186	9001729	1479	0.2339304875212307
15197186	13227229	1529	0.9588780258034475
15197186	18754874	1590	0.9497743298161321
15197186	12916234	1678	0.3484642192503049
15197186	15178444	1811	0.3205149456633679
15197186	19588677	1901	0.6293287899393843
15197186	14723315	2059	0.16511193805896307
15197186	33070146	2130	0.11904263097452805
15197186	15394142	2134	0.7190797432924113
15197186	35497190	2217	0.6301935260040324
15197186	22337104	2247	0.47488979924445696
15197186	14579063	2409	0.0315648686094111
15197186	18464147	1077	0.2326605219604989
15197186	14579536	1460	0.07499263769449971
15197186	20805410	561	0.6261239120057563
15197186	16272469	944	0.9228653477250877
15197186	15197181	709	0.05725403494874848
15197186	17916549	958	0.045340251441671975
15197186	7461174	586	0.5830441782956606
15197186	35495295	1397	0.057737203671520354
15197186	35495294	1267	0.3966021626324564
15197186	18678271	1800	0.02835966494765374
15197186	15357081	1905	0.45913651147254264
15197186	15357077	1881	0.6273377299788094
15197186	35450538	2042	0.6584568662507423
15197186	13683935	1819	8.16612528503069E-4
9001729	9001727	82	0.3977700732268954
9001729	19531582	152	0.1991904579387862
9001729	5907297	175	0.858675474345504
9001729	19514975	234	0.9074512830939735
9001729	13955186	291	0.01884016715891501
9001729	5983027	308	0.7202233047576987
9001729	19531571	331	0.7483308322681175
9001729	16253108	332	0.697096533853983
9001729	18185281	352	0.6396656965681398
9001729	19531567	388	0.047290899280340915
9001729	7461174	400	0.5830441782956606
9001729	49650310	409	0.6682671234937646
9001729	7459221	428	0.7689261420188814
9001729	9001725	436	0.3768905763277204
9001729	18754874	493	0.9497743298161321
9001729	12916234	581	0.3484642192503049
9001729	18021634	582	0.28257116473945953
9001729	1940049	659	0.13896282143095917
9001729	18752420	750	0.3954245981916412
9001729	19588677	804	0.6293287899393843
9001729	21057006	833	0.5834303930476619
9001729	17915296	852	0.0668599244574678
9001729	19227136	876	0.5375513923027404
9001729	19214639	888	0.48294631233923935
9001729	16210652	1004	0.25400576306863876
9001729	21049304	1071	0.4492104606718248
9001729	14579476	1091	0.6658775115161467
9001729	22337104	1150	0.47488979924445696
9001729	15178444	1380	0.3205149456633679
9001729	30241004	1485	0.970961441711912
9001729	33070192	1553	0.7799923385080348
9001729	35497190	1605	0.6301935260040324
9001729	14723315	1628	0.16511193805896307
9001729	14579063	1642	0.0315648686094111
9001729	15357084	1716	0.5339602423443891
9001729	17950573	2052	0.2648378705443317
9001729	13499757	2118	0.8206072459003082
9001729	16250137	888	0.13097044381214573
9001729	18130267	659	0.48656837478622583
9001729	18752428	660	0.7883182568206886
9001729	18752426	624	0.6970198094686271
9001729	14579088	1142	0.14731514023186276
9001729	18464147	509	0.2326605219604989
9001729	41522043	992	0.6598866454658783
9001729	14579494	1260	0.7716374542964
9001729	18021636	492	0.3421865881665269
9001729	18130744	898	0.9454882001607039
9001729	18130746	878	0.7369705793281793
9001729	14579536	1216	0.07499263769449971
9001729	13227225	1137	0.1504888410386368
9001729	7816860	1635	0.2990225692296521
9001729	19524327	756	0.1851174335537512
9001729	19524316	775	0.8690009290641793
9001729	15197179	681	0.17990265817563544
9001729	16272469	496	0.9228653477250877
9001729	16211076	694	0.5503395803715471
9001729	14579493	1277	0.8199569996976397
9001729	7770986	917	0.723273803889334
9001729	7461171	1278	0.6340567474296436
9001729	6677293	1049	0.7815449116053127
9001729	6902930	1048	0.9680097676948318
9001729	7751408	1325	0.6426566998923642
9001729	6902933	1382	0.49605539362712614
9001729	7751409	1620	0.39783676711899685
9001729	17916549	1333	0.045340251441671975
9001729	15197186	1479	0.5325933095236226
9001729	13227229	1462	0.9588780258034475
9001729	14607762	1664	0.7310122158553006
9001729	13710445	645	0.1722014363683687
9001729	7365144	1228	0.5489969666256788
9001729	9001623	500	0.6498844448178575
9001729	35495295	2242	0.057737203671520354
9001729	35495294	2112	0.3966021626324564
9001729	33070146	2029	0.11904263097452805
9001729	15394142	2033	0.7190797432924113
9001729	18678271	1928	0.02835966494765374
9001729	15357081	3752	0.45913651147254264
9001729	15357077	3728	0.6273377299788094
9001729	35450538	2320	0.6584568662507423
9001729	13683935	1266	8.16612528503069E-4
1940049	17915296	22	0.0668599244574678
1940049	6677293	146	0.7815449116053127
1940049	21057006	149	0.5834303930476619
1940049	41522043	203	0.6598866454658783
1940049	15197181	203	0.05725403494874848
1940049	20805410	209	0.6261239120057563
1940049	17791429	259	0.41409762014255036
1940049	16250137	300	0.13097044381214573
1940049	14579493	353	0.8199569996976397
1940049	15197179	381	0.17990265817563544
1940049	19514897	387	0.7965379290036891
1940049	19227136	399	0.5375513923027404
1940049	7461171	402	0.6340567474296436
1940049	19214639	411	0.48294631233923935
1940049	6902930	439	0.9680097676948318
1940049	7751408	450	0.6426566998923642
1940049	16272469	488	0.9228653477250877
1940049	9001725	492	0.3768905763277204
1940049	15197186	507	0.5325933095236226
1940049	6902933	534	0.49605539362712614
1940049	7461174	539	0.5830441782956606
1940049	7751409	544	0.39783676711899685
1940049	21049304	592	0.4492104606718248
1940049	16253106	592	0.9982154250354999
1940049	18464147	609	0.2326605219604989
1940049	14579476	614	0.6658775115161467
1940049	19514975	615	0.9074512830939735
1940049	7365144	619	0.5489969666256788
1940049	14607762	634	0.7310122158553006
1940049	7770986	661	0.723273803889334
1940049	18130744	681	0.9454882001607039
1940049	18021634	693	0.28257116473945953
1940049	18130746	700	0.7369705793281793
1940049	19531567	707	0.047290899280340915
1940049	19531571	723	0.7483308322681175
1940049	18130598	727	0.6392521595997206
1940049	18185281	744	0.6396656965681398
1940049	49650310	757	0.6682671234937646
1940049	13955186	766	0.01884016715891501
1940049	19524316	824	0.8690009290641793
1940049	7459221	903	0.7689261420188814
1940049	18754874	940	0.9497743298161321
1940049	9001729	968	0.2339304875212307
1940049	18021636	1086	0.3421865881665269
1940049	16210652	1115	0.25400576306863876
1940049	19531582	1119	0.1991904579387862
1940049	12916234	1167	0.3484642192503049
1940049	13227229	1209	0.9588780258034475
1940049	19588677	1390	0.6293287899393843
1940049	15178444	1491	0.3205149456633679
1940049	22337104	1736	0.47488979924445696
1940049	14723315	1739	0.16511193805896307
1940049	14579494	932	0.7716374542964
1940049	14579536	877	0.07499263769449971
1940049	7816860	1026	0.2990225692296521
1940049	17916549	724	0.045340251441671975
1940049	35497190	1247	0.6301935260040324
1940049	30241004	1641	0.970961441711912
1940049	35495295	1633	0.057737203671520354
1940049	35495294	1503	0.3966021626324564
1940049	13499757	804	0.8206072459003082
1940049	33070146	1420	0.11904263097452805
1940049	14579063	935	0.0315648686094111
1940049	15394142	1424	0.7190797432924113
1940049	15357084	2068	0.5339602423443891
1940049	33070192	1213	0.7799923385080348
1940049	18678271	1319	0.02835966494765374
1940049	15357081	2141	0.45913651147254264
1940049	15357077	2117	0.6273377299788094
1940049	17950573	1292	0.2648378705443317
1940049	35450538	1285	0.6584568662507423
1940049	13683935	1251	8.16612528503069E-4
7461174	1940049	259	0.13896282143095917
7461174	17915296	281	0.0668599244574678
7461174	20805410	288	0.6261239120057563
7461174	9001725	305	0.3768905763277204
7461174	15197179	397	0.17990265817563544
7461174	19514897	403	0.7965379290036891
7461174	6677293	404	0.7815449116053127
7461174	21057006	407	0.5834303930476619
7461174	41522043	461	0.6598866454658783
7461174	15197181	461	0.05725403494874848
7461174	16272469	504	0.9228653477250877
7461174	17791429	517	0.41409762014255036
7461174	16250137	558	0.13097044381214573
7461174	15197186	586	0.5325933095236226
7461174	14579493	612	0.8199569996976397
7461174	18464147	625	0.2326605219604989
7461174	14579494	629	0.7716374542964
7461174	19514975	631	0.9074512830939735
7461174	19524316	649	0.8690009290641793
7461174	21049304	671	0.4492104606718248
7461174	18130744	697	0.9454882001607039
7461174	18021634	709	0.28257116473945953
7461174	18130746	716	0.7369705793281793
7461174	19227136	722	0.5375513923027404
7461174	19531567	723	0.047290899280340915
7461174	7461171	725	0.6340567474296436
7461174	19214639	734	0.48294631233923935
7461174	19531571	739	0.7483308322681175
7461174	18130598	743	0.6392521595997206
7461174	18185281	760	0.6396656965681398
7461174	6902930	762	0.9680097676948318
7461174	18754874	765	0.9497743298161321
7461174	7751408	773	0.6426566998923642
7461174	13955186	782	0.01884016715891501
7461174	6902933	857	0.49605539362712614
7461174	7459221	919	0.7689261420188814
7461174	14579476	937	0.6658775115161467
7461174	13227225	942	0.1504888410386368
7461174	7365144	942	0.5489969666256788
7461174	14607762	957	0.7310122158553006
7461174	7816860	986	0.2990225692296521
7461174	18021636	1102	0.3421865881665269
7461174	16210652	1131	0.25400576306863876
7461174	19531582	1135	0.1991904579387862
7461174	12916234	1183	0.3484642192503049
7461174	30241004	1331	0.970961441711912
7461174	33070192	1399	0.7799923385080348
7461174	19588677	1437	0.6293287899393843
7461174	35497190	1451	0.6301935260040324
7461174	22337104	1468	0.47488979924445696
7461174	14579063	1488	0.0315648686094111
7461174	15178444	1507	0.3205149456633679
7461174	15357084	1562	0.5339602423443891
7461174	14723315	1755	0.16511193805896307
7461174	13499757	1805	0.8206072459003082
7461174	17950573	1898	0.2648378705443317
7461174	9001729	400	0.2339304875212307
13227229	14579536	390	0.07499263769449971
13227229	14579088	452	0.14731514023186276
13227229	14579476	474	0.6658775115161467
13227229	13227225	515	0.1504888410386368
13227229	6902933	627	0.49605539362712614
13227229	6902930	650	0.9680097676948318
13227229	19214639	678	0.48294631233923935
13227229	7751408	684	0.6426566998923642
13227229	19227136	690	0.5375513923027404
13227229	14607762	727	0.7310122158553006
13227229	7816860	756	0.2990225692296521
13227229	33070192	779	0.7799923385080348
13227229	30241004	783	0.970961441711912
13227229	14579493	856	0.8199569996976397
13227229	14579494	873	0.7716374542964
13227229	41522043	886	0.6598866454658783
13227229	17791429	889	0.41409762014255036
13227229	7365144	898	0.5489969666256788
13227229	7461171	905	0.6340567474296436
13227229	21057006	940	0.5834303930476619
13227229	6677293	943	0.7815449116053127
13227229	15197181	961	0.05725403494874848
13227229	16250137	963	0.13097044381214573
13227229	18021636	970	0.3421865881665269
13227229	18021634	996	0.28257116473945953
13227229	16210652	999	0.25400576306863876
13227229	15357084	1014	0.5339602423443891
13227229	49650310	1060	0.6682671234937646
13227229	17915296	1067	0.0668599244574678
13227229	35497190	1071	0.6301935260040324
13227229	1940049	1089	0.13896282143095917
13227229	16253106	1123	0.9982154250354999
13227229	16272469	1190	0.9228653477250877
13227229	7770986	1192	0.723273803889334
13227229	14579063	1192	0.0315648686094111
13227229	16211076	1250	0.5503395803715471
13227229	13955186	1260	0.01884016715891501
13227229	15197179	1272	0.17990265817563544
13227229	5983027	1277	0.7202233047576987
13227229	5907297	1335	0.858675474345504
13227229	7459221	1397	0.7689261420188814
13227229	9001729	1462	0.2339304875212307
13227229	17950573	1513	0.2648378705443317
13227229	9001725	1516	0.3768905763277204
13227229	9001727	1543	0.3977700732268954
13227229	15197186	1554	0.5325933095236226
13227229	18754874	1573	0.9497743298161321
13227229	7751409	1591	0.39783676711899685
13227229	21049304	1639	0.4492104606718248
13227229	12916234	1661	0.3484642192503049
13227229	15178444	1679	0.3205149456633679
13227229	13499757	1833	0.8206072459003082
13227229	19588677	1884	0.6293287899393843
13227229	22337104	2230	0.47488979924445696
13227229	18130267	709	0.48656837478622583
13227229	18752428	710	0.7883182568206886
13227229	18752426	674	0.6970198094686271
13227229	18464147	708	0.2326605219604989
13227229	16253108	757	0.697096533853983
13227229	18130744	506	0.9454882001607039
13227229	18130746	486	0.7369705793281793
13227229	19531582	1031	0.1991904579387862
13227229	17916549	1383	0.045340251441671975
13227229	9001623	1426	0.6498844448178575
13227229	35495295	2292	0.057737203671520354
13227229	35495294	2162	0.3966021626324564
13227229	33070146	2079	0.11904263097452805
13227229	15394142	2083	0.7190797432924113
13227229	33070460	2952	0.7044572593925879
13227229	18678271	1750	0.02835966494765374
13227229	14723315	1033	0.16511193805896307
13227229	15357081	3252	0.45913651147254264
13227229	15357077	3228	0.6273377299788094
13227229	35450538	1820	0.6584568662507423
13227229	13683935	3938	8.16612528503069E-4
14607762	7816860	29	0.2990225692296521
14607762	35497190	498	0.6301935260040324
14607762	7365144	540	0.5489969666256788
14607762	14579063	619	0.0315648686094111
14607762	19227136	704	0.5375513923027404
14607762	19214639	716	0.48294631233923935
14607762	6902930	744	0.9680097676948318
14607762	14579493	822	0.8199569996976397
14607762	6902933	839	0.49605539362712614
14607762	17791429	855	0.41409762014255036
14607762	7461171	871	0.6340567474296436
14607762	21057006	906	0.5834303930476619
14607762	6677293	909	0.7815449116053127
14607762	7751408	919	0.6426566998923642
14607762	14579476	919	0.6658775115161467
14607762	17950573	940	0.2648378705443317
14607762	33070146	968	0.11904263097452805
14607762	15394142	972	0.7190797432924113
14607762	15197186	981	0.5325933095236226
14607762	1940049	1055	0.13896282143095917
14607762	21049304	1066	0.4492104606718248
14607762	16253106	1097	0.9982154250354999
14607762	7770986	1166	0.723273803889334
14607762	18021634	1198	0.28257116473945953
14607762	13499757	1260	0.8206072459003082
14607762	49650310	1262	0.6682671234937646
14607762	13955186	1462	0.01884016715891501
14607762	15197179	1474	0.17990265817563544
14607762	9001725	1552	0.3768905763277204
14607762	16210652	1620	0.25400576306863876
14607762	9001729	1664	0.2339304875212307
14607762	13227229	1714	0.9588780258034475
14607762	12916234	1863	0.3484642192503049
14607762	15178444	1996	0.3205149456633679
14607762	14723315	2244	0.16511193805896307
14607762	18754874	2453	0.9497743298161321
14607762	19588677	2592	0.6293287899393843
14607762	22337104	2623	0.47488979924445696
14607762	16250137	489	0.13097044381214573
14607762	18130267	953	0.48656837478622583
14607762	18752428	954	0.7883182568206886
14607762	18752426	918	0.6970198094686271
14607762	14579088	1436	0.14731514023186276
14607762	18464147	724	0.2326605219604989
14607762	41522043	431	0.6598866454658783
14607762	14579494	570	0.7716374542964
14607762	16253108	773	0.697096533853983
14607762	18021636	786	0.3421865881665269
14607762	18130744	1192	0.9454882001607039
14607762	18130746	1172	0.7369705793281793
14607762	14579536	515	0.07499263769449971
14607762	17915296	612	0.0668599244574678
14607762	13227225	1431	0.1504888410386368
14607762	20805410	713	0.6261239120057563
14607762	16272469	737	0.9228653477250877
14607762	16211076	988	0.5503395803715471
14607762	15197181	529	0.05725403494874848
14607762	7751409	895	0.39783676711899685
14607762	17916549	608	0.045340251441671975
14607762	7461174	957	0.5830441782956606
14607762	7459221	1173	0.7689261420188814
14607762	30241004	1525	0.970961441711912
14607762	35495295	1517	0.057737203671520354
14607762	35495294	1387	0.3966021626324564
14607762	15357084	1151	0.5339602423443891
14607762	33070192	851	0.7799923385080348
14607762	18678271	957	0.02835966494765374
14607762	15357081	1224	0.45913651147254264
14607762	15357077	1200	0.6273377299788094
14607762	35450538	923	0.6584568662507423
14607762	13683935	1949	8.16612528503069E-4
9001725	7461174	48	0.5830441782956606
9001725	1940049	307	0.13896282143095917
9001725	17915296	329	0.0668599244574678
9001725	20805410	336	0.6261239120057563
9001725	16272469	342	0.9228653477250877
9001725	15197179	445	0.17990265817563544
9001725	19514897	451	0.7965379290036891
9001725	6677293	452	0.7815449116053127
9001725	21057006	455	0.5834303930476619
9001725	18464147	463	0.2326605219604989
9001725	19514975	469	0.9074512830939735
9001725	41522043	509	0.6598866454658783
9001725	18130744	535	0.9454882001607039
9001725	18021634	547	0.28257116473945953
9001725	18130746	554	0.7369705793281793
9001725	19531567	561	0.047290899280340915
9001725	19531571	577	0.7483308322681175
9001725	18130598	581	0.6392521595997206
9001725	18185281	598	0.6396656965681398
9001725	16250137	606	0.13097044381214573
9001725	13955186	620	0.01884016715891501
9001725	14579494	677	0.7716374542964
9001725	19524316	697	0.8690009290641793
9001725	21049304	719	0.4492104606718248
9001725	7459221	757	0.7689261420188814
9001725	19227136	770	0.5375513923027404
9001725	19214639	782	0.48294631233923935
9001725	6902930	810	0.9680097676948318
9001725	18754874	813	0.9497743298161321
9001725	6902933	905	0.49605539362712614
9001725	18021636	940	0.3421865881665269
9001725	16210652	969	0.25400576306863876
9001725	19531582	973	0.1991904579387862
9001725	14579476	985	0.6658775115161467
9001725	13227225	990	0.1504888410386368
9001725	12916234	1021	0.3484642192503049
9001725	7816860	1034	0.2990225692296521
9001725	19588677	1244	0.6293287899393843
9001725	15178444	1345	0.3205149456633679
9001725	30241004	1379	0.970961441711912
9001725	33070192	1447	0.7799923385080348
9001725	35497190	1499	0.6301935260040324
9001725	14579063	1536	0.0315648686094111
9001725	22337104	1590	0.47488979924445696
9001725	14723315	1593	0.16511193805896307
9001725	15357084	1610	0.5339602423443891
9001725	13499757	1853	0.8206072459003082
9001725	17950573	1946	0.2648378705443317
9001725	19524327	229	0.1851174335537512
9001725	16253106	833	0.9982154250354999
9001725	49650310	455	0.6682671234937646
9001725	7770986	971	0.723273803889334
9001725	17791429	750	0.41409762014255036
9001725	15197181	694	0.05725403494874848
9001725	7751409	1296	0.39783676711899685
9001725	15197186	1155	0.5325933095236226
9001725	9001729	436	0.2339304875212307
9001725	13227229	1516	0.9588780258034475
9001725	14607762	1552	0.7310122158553006
9001725	9001623	553	0.6498844448178575
9001725	35495295	1750	0.057737203671520354
9001725	35495294	1620	0.3966021626324564
9001725	33070146	1537	0.11904263097452805
9001725	15394142	1541	0.7190797432924113
9001725	18678271	2153	0.02835966494765374
9001725	15357081	2258	0.45913651147254264
9001725	15357077	2234	0.6273377299788094
9001725	13683935	1167	8.16612528503069E-4
13710445	5983027	164	0.7202233047576987
13710445	5907297	222	0.858675474345504
13710445	19514975	230	0.9074512830939735
13710445	7459221	254	0.7689261420188814
13710445	13955186	287	0.01884016715891501
13710445	19531571	327	0.7483308322681175
13710445	16253108	328	0.697096533853983
13710445	18185281	348	0.6396656965681398
13710445	19531567	384	0.047290899280340915
13710445	49650310	405	0.6682671234937646
13710445	18752420	576	0.3954245981916412
13710445	18021634	578	0.28257116473945953
13710445	9001729	645	0.2339304875212307
13710445	18754874	756	0.9497743298161321
13710445	21057006	829	0.5834303930476619
13710445	12916234	844	0.3484642192503049
13710445	17915296	848	0.0668599244574678
13710445	19227136	872	0.5375513923027404
13710445	19214639	884	0.48294631233923935
13710445	16210652	1000	0.25400576306863876
13710445	19588677	1067	0.6293287899393843
13710445	14579476	1087	0.6658775115161467
13710445	15178444	1376	0.3205149456633679
13710445	21049304	1386	0.4492104606718248
13710445	22337104	1413	0.47488979924445696
13710445	30241004	1481	0.970961441711912
13710445	33070192	1549	0.7799923385080348
13710445	35497190	1601	0.6301935260040324
13710445	14723315	1624	0.16511193805896307
13710445	14579063	1638	0.0315648686094111
13710445	15357084	1712	0.5339602423443891
13710445	17950573	2048	0.2648378705443317
13710445	13499757	2114	0.8206072459003082
13710445	19531582	755	0.1991904579387862
13710445	9001623	790	0.6498844448178575
13710445	33070460	785	0.7044572593925879
13710445	13683935	1829	8.16612528503069E-4
7365144	19227136	268	0.5375513923027404
7365144	19214639	280	0.48294631233923935
7365144	6902930	308	0.9680097676948318
7365144	14579493	386	0.8199569996976397
7365144	14579494	403	0.7716374542964
7365144	6902933	403	0.49605539362712614
7365144	41522043	416	0.6598866454658783
7365144	17791429	419	0.41409762014255036
7365144	7461171	435	0.6340567474296436
7365144	21057006	470	0.5834303930476619
7365144	6677293	473	0.7815449116053127
7365144	7751408	483	0.6426566998923642
7365144	14579476	483	0.6658775115161467
7365144	16250137	493	0.13097044381214573
7365144	14607762	503	0.7310122158553006
7365144	7816860	532	0.2990225692296521
7365144	17915296	597	0.0668599244574678
7365144	1940049	619	0.13896282143095917
7365144	16253106	661	0.9982154250354999
7365144	13227225	716	0.1504888410386368
7365144	7770986	730	0.723273803889334
7365144	18021634	762	0.28257116473945953
7365144	49650310	826	0.6682671234937646
7365144	15197186	847	0.5325933095236226
7365144	30241004	877	0.970961441711912
7365144	21049304	932	0.4492104606718248
7365144	13955186	1026	0.01884016715891501
7365144	15197179	1038	0.17990265817563544
7365144	17950573	1060	0.2648378705443317
7365144	15357084	1108	0.5339602423443891
7365144	33070192	1109	0.7799923385080348
7365144	13499757	1126	0.8206072459003082
7365144	16210652	1184	0.25400576306863876
7365144	9001729	1228	0.2339304875212307
7365144	13227229	1278	0.9588780258034475
7365144	18754874	1339	0.9497743298161321
7365144	12916234	1427	0.3484642192503049
7365144	15178444	1560	0.3205149456633679
7365144	19588677	1650	0.6293287899393843
7365144	14723315	1808	0.16511193805896307
7365144	33070146	1873	0.11904263097452805
7365144	15394142	1877	0.7190797432924113
7365144	35497190	1960	0.6301935260040324
7365144	22337104	1996	0.47488979924445696
7365144	14579063	2152	0.0315648686094111
7365144	18130267	938	0.48656837478622583
7365144	18752428	939	0.7883182568206886
7365144	18752426	903	0.6970198094686271
7365144	14579088	1421	0.14731514023186276
7365144	18464147	709	0.2326605219604989
7365144	16253108	758	0.697096533853983
7365144	18021636	771	0.3421865881665269
7365144	18130744	1177	0.9454882001607039
7365144	18130746	1157	0.7369705793281793
7365144	14579536	686	0.07499263769449971
7365144	20805410	698	0.6261239120057563
7365144	16272469	722	0.9228653477250877
7365144	16211076	973	0.5503395803715471
7365144	15197181	514	0.05725403494874848
7365144	7751409	502	0.39783676711899685
7365144	17916549	215	0.045340251441671975
7365144	7461174	942	0.5830441782956606
7365144	7459221	1158	0.7689261420188814
7365144	35495295	1118	0.057737203671520354
7365144	35495294	988	0.3966021626324564
7365144	18678271	1521	0.02835966494765374
7365144	15357081	1626	0.45913651147254264
7365144	15357077	1602	0.6273377299788094
7365144	35450538	1094	0.6584568662507423
7365144	13683935	2157	8.16612528503069E-4
