0	3371	0.0952428930421134	463
0	5415	0.1746328870899521	468
0	5489	0.19630721660927816	469
0	5621	0.17446662885083108	470
0	5637	0.0038094769455025708	471
0	6199	0.045524152352147615	472
0	6219	0.1984668301518253	473
0	6653	0.11575925175842919	474
0	6715	0.1986696038868321	475
0	6875	0.16741768847434255	476
0	7147	0.1219142780464925	478
0	7793	0.0050981734392891755	479
0	7831	0.13802724059546403	480
0	8069	5.590796407446913E-4	481
0	8323	0.20662186147822637	482
0	8785	0.21749360031497664	483
0	9051	0.1283351641467548	484
0	9173	0.08984029539722882	485
0	9645	0.1733200890463401	486
0	9725	0.006031341336878691	487
0	11457	0.011368750091536794	488
0	3327	0.017749247095895353	509
0	6609	0.021572628649444963	515
0	6671	0.03702361170687922	516
0	6831	0.03119957643076651	517
0	7103	0.022719665231169354	518
0	6567	7.099253860542059E-4	519
0	7749	9.500839088504266E-4	521
0	7787	0.025722439974710024	522
0	8025	1.041887995304194E-4	523
0	7149	0.03698582325871016	524
0	8279	0.038505576192118605	525
0	8741	0.04053160850604884	526
0	9007	0.023916246837712568	527
0	9129	0.01674243139032498	528
0	9601	0.03229953426347342	529
0	9681	0.0011239869379084566	530
0	6707	0.0019445939520660925	546
0	6929	0.0028123836283555238	547
0	7201	0.0020479898077991024	548
0	6665	6.399389868395632E-5	549
0	7847	8.564220212233554E-5	551
0	7885	0.0023186651019689777	552
0	8123	9.391758080677519E-6	553
0	7247	0.0033339658967764993	554
0	8377	0.0034709590472619786	555
0	9779	1.0131812108647716E-4	556
0	7044	0.08026688961065427	576
0	7855	0.003356575876300052	578
0	10215	0.0039709623601822735	579
0	3651	0.10343708589467311	588
0	7094	0.1324031352607712	599
0	7182	0.12571856318922708	601
0	7404	0.18182141753454586	602
0	7905	0.005536793214718102	603
0	8360	0.14990237156030975	604
0	8598	6.07179884761598E-4	605
0	8852	0.224398509440388	606
0	10265	0.0065502459238293035	607
0	11189	0.012346856990299485	608
0	10501	0.18823162931465762	609
0	3678	0.08520163004725731	641
0	5509	0.1562216997476497	648
0	5583	0.17561094913144804	649
0	5715	0.1560729697739011	650
0	6293	0.04072463428014106	651
0	6065	0.003407851599391774	652
0	6647	0.17754287904474655	654
0	6960	0.10355499111632352	655
0	7022	0.17772427476049524	657
0	7182	0.14976718473315068	658
0	7454	0.10906110559874303	660
0	7946	5.001370201619164E-4	661
0	8100	0.004560683463269053	662
0	8138	0.1234753115327832	663
0	8686	0.19456369582861102	664
0	8630	0.18483814213370572	665
0	9358	0.11480505083829207	666
0	9480	0.08036861719841298	667
0	9952	0.1550473073109444	668
0	10032	0.005395469382122264	669
0	11551	0.010170166071819557	670
0	3327	0.067863532754667	685
0	6737	0.08248207842542436	692
0	6799	0.1415582910188296	693
0	6959	0.1192903262657662	694
0	7231	0.08686772668498666	695
0	7749	0.003632607632290136	697
0	6695	0.002714371174707504	698
0	7915	0.09834871520591859	700
0	8153	3.983616866338621E-4	701
0	7277	0.14141380840634393	702
0	8407	0.147224522653441	703
0	8869	0.15497097575962454	704
0	9129	0.06401401337822601	705
0	9135	0.09144280835524275	706
0	9729	0.12349597082101725	707
0	10996	0.00810058913136424	708
0	10109	0.004297518873023533	709
0	3503	0.04037071979767205	717
0	6946	0.05167595188623869	727
0	7034	0.04906701347953953	728
0	7256	0.07096353727498719	730
0	7757	0.0021609689166673207	731
0	6992	0.0016147275815590167	732
0	8212	0.05850577273058542	734
0	8450	2.3697776075646033E-4	735
0	7574	0.08412437435776701	736
0	8704	0.08758105730915323	737
0	10117	0.0025565119174570114	738
0	10353	0.07346539491511968	739
0	3962	0.04005096585552357	767
0	5431	0.073435566420673	769
0	5505	0.08254992449814194	770
0	5637	0.07336565251061056	771
0	6215	0.019143541457222617	772
0	6279	0.0016019382255037613	773
0	6861	0.0834580721351046	776
0	7244	0.048678381048208944	777
0	7333	0.08354334132084387	778
0	7466	0.07040147469829303	779
0	8160	2.3510079216181647E-4	780
0	7738	0.051266655509738294	781
0	8422	0.058042381154641165	782
0	8900	0.09145909455058622	783
0	8914	0.08688737662987665	784
0	9642	0.053966727732976005	785
0	9764	0.037779098140304876	786
0	9133	0.002143853087833262	787
0	10236	0.07288351652024998	788
0	10316	0.002536263213251257	789
0	11473	0.004780718090270403	790
0	3644	0.04527884856627058	798
0	7087	0.05795853063065304	808
0	7175	0.05503240675603066	809
0	7397	0.07959103216649425	811
0	7898	0.0024236918445987095	812
0	7133	0.0018110404275082322	813
0	8353	0.06561869684259575	815
0	8591	2.6578867547178114E-4	816
0	7715	0.09435191709158566	817
0	8845	0.09822885128254974	818
0	10258	0.0028673235589690184	819
0	10494	0.08239705677516271	820
0	5414	0.12915380357062323	830
0	6328	0.08561244054442889	831
0	5973	0.0028173870645156716	832
0	6555	0.14678074916959863	834
0	6857	0.03366844314713673	835
0	7854	4.1348032036990295E-4	836
0	7661	0.12381763602365102	838
0	8010	0.0901645330478935	839
0	8617	0.10208124836233907	840
0	9109	0.15281199180432503	841
0	10511	0.004460618428013326	842
0	3998	0.08509466390604584	859
0	6902	0.10342498330078338	861
0	6964	0.17750115133128158	862
0	7124	0.14957915995214438	863
0	7396	0.1089241851476239	864
0	6860	0.003403573221909957	865
0	8080	0.12332029480831183	867
0	8318	4.99509124579472E-4	868
0	7442	0.17731998334826213	869
0	8572	0.18460608762017383	870
0	9034	0.1943194313966854	872
0	9300	0.11466091916765443	873
0	9894	0.15485265361524533	874
0	9974	0.005388695655615973	875
0	9247	0.004554957766341866	876
0	10627	0.08026771864927197	877
0	4233	0.14266087635466976	900
0	5413	0.2615762700696502	901
0	5760	0.29404146243061435	902
0	6327	0.1733915862332767	903
0	5892	0.26132723788114137	904
0	5972	0.005706077400000911	905
0	6554	0.2972762692568933	908
0	7026	0.297579996682781	909
0	6856	0.06818897728137269	911
0	7853	8.37425123840209E-4	912
0	8593	0.3257757784483439	913
0	7660	0.25076888565808336	914
0	8009	0.1826109769530954	915
0	8616	0.20674599936248234	916
0	9108	0.309491395011313	919
0	9836	0.19222858944657456	920
0	10035	0.13456852121936203	921
0	9450	0.007636369154972024	922
0	10430	0.25960987747702313	923
0	10510	0.009034127515769617	924
0	11728	0.01702883857590013	925
0	4176	0.19343268327090304	942
0	7080	0.2351001945222736	944
0	7142	0.40348621652226785	945
0	7302	0.34001542450296013	946
0	7574	0.24760068891587203	947
0	7038	0.007736822390531355	948
0	8258	0.28032516296049176	950
0	8496	0.001135457687363194	951
0	7620	0.403074395058152	952
0	8750	0.41963678140782457	953
0	9212	0.4417166400496997	955
0	9478	0.2606411288655636	956
0	10072	0.35200285100707074	957
0	10152	0.012249297572253511	958
0	9425	0.010354088758161802	959
0	10805	0.18246032695429049	960
0	3815	0.0723361657993538	974
0	6713	0.08791816544573396	976
0	6775	0.15088787149394367	977
0	6935	0.12715230800338864	978
0	7207	0.09259285547090847	979
0	6671	0.0028932652834983137	980
0	7891	0.10483051324497264	982
0	8129	4.246162238065271E-4	983
0	7253	0.15073386656983118	984
0	8383	0.1569275433816499	985
0	8845	0.16518453640132552	987
0	9111	0.09746946375833172	988
0	9705	0.1316351309495735	989
0	9785	0.004580752358541251	990
0	9058	0.003872019290879999	991
0	10438	0.0682329389180077	992
0	4090	0.11602537886596714	1014
0	6553	0.004640724276273993	1018
0	7135	0.24177330638739825	1020
0	7372	0.14101851186496248	1021
0	7434	0.24202032638728244	1022
0	7594	0.20394908337686746	1023
0	7866	0.1485165963329213	1024
0	8434	6.810736744942143E-4	1025
0	8550	0.16814548962547302	1026
0	9150	0.26495181500115056	1027
0	9042	0.2517078072103745	1028
0	9133	0.0062106209284968576	1029
0	9770	0.15633855258228413	1030
0	10665	0.10944390681501896	1031
0	11493	0.007347410828563285	1032
0	11729	0.21113941790694007	1033
0	9261	4.784548360871967E-4	1039
0	11131	0.0010669377035397497	1040
0	11621	5.660310432915709E-4	1041
0	11857	0.016265793187068806	1042
0	5797	0.40063527730028053	1045
0	5871	0.4503595941914057	1046
0	6003	0.4002538547810538	1047
0	6581	0.10443955720704728	1048
0	7073	0.00873953857067202	1052
0	7655	0.4553140869269817	1053
0	8127	0.4557792817302481	1055
0	8954	0.0012826165256451189	1056
0	9670	0.49896448673120863	1058
0	11839	0.026081698707382247	1059
0	4523	0.004316162738945789	1069
0	7966	0.005524841250014085	1087
0	8054	0.005245911302873315	1088
0	8116	0.009003195033967617	1090
0	8276	0.007586938675979523	1091
0	8777	2.3103609657902058E-4	1092
0	8012	1.726356888359212E-4	1093
0	9232	0.006255039234835363	1095
0	9470	2.533605013886388E-5	1096
0	8594	0.008994005850276123	1097
0	9724	0.00936357087735257	1098
0	10157	0.004071330921016272	1099
0	10186	0.009856250095464762	1100
0	10452	0.00581581927946887	1101
0	11137	2.7332486354219253E-4	1102
0	12224	5.152024887755217E-4	1103
0	11373	0.0078544202759759	1104
0	3436	0.14020697812522298	1116
0	5480	0.25707691774271346	1121
0	5554	0.28898367894799654	1122
0	5686	0.2568321691367963	1123
0	5702	0.005607927622803848	1124
0	6264	0.06701606418218108	1125
0	6284	0.29216284412292415	1126
0	6718	0.17040909154145237	1127
0	6780	0.29246134715785294	1128
0	6940	0.2464554302788604	1129
0	7212	0.1794699002649871	1131
0	7858	0.007505016584963966	1132
0	7896	0.20318977810025257	1133
0	8134	8.230206418182642E-4	1134
0	8388	0.3041678584843175	1135
0	8850	0.3201721355550842	1136
0	9116	0.1889220809815678	1137
0	9238	0.13225381893799856	1138
0	9710	0.25514434891049464	1139
0	9790	0.00887873221691817	1140
0	11522	0.016735926896828082	1141
0	3435	0.026128650861256496	1161
0	6717	0.031757047445197736	1167
0	6779	0.05450242585982641	1168
0	6939	0.04592886871055545	1169
0	7211	0.03344559897682279	1170
0	6675	0.0010450805293055368	1171
0	7857	0.0013986176770839746	1173
0	7895	0.037865981005709926	1174
0	8133	1.5337623910894387E-4	1175
0	7257	0.05444679751889096	1176
0	8387	0.05668402446028516	1177
0	8849	0.059666544827391255	1178
0	9115	0.0352070856954115	1179
0	9237	0.024646518356686117	1180
0	9709	0.04754811565763016	1181
0	9789	0.0016546201714671312	1182
0	6815	0.00286263502704833	1198
0	7037	0.004140107437583024	1199
0	7309	0.0030148439742984606	1200
0	6773	9.420536132771492E-5	1201
0	7955	1.2607380956238727E-4	1203
0	7993	0.003413304834070259	1204
0	8231	1.3825598716249576E-5	1205
0	7355	0.004907928230958844	1206
0	8485	0.005109595725928049	1207
0	9887	1.4915031592519103E-4	1208
0	3717	0.12542524380256975	1255
0	5548	0.2299738252335415	1262
0	5622	0.25851672200397735	1263
0	5754	0.229754879971487	1264
0	6332	0.05995069789772886	1265
0	6104	0.005016695308054727	1266
0	6686	0.2613607143108211	1268
0	6999	0.15244321030634933	1269
0	7061	0.2616277467826165	1271
0	7221	0.22047213942222704	1272
0	7493	0.16054875653802686	1274
0	7985	7.362512624899998E-4	1275
0	8139	0.006713778069381935	1276
0	8177	0.18176789627155868	1277
0	8725	0.2864170435577026	1278
0	8669	0.27210006461467184	1279
0	9397	0.1690044132157155	1280
0	9519	0.11831056988692948	1281
0	9991	0.2282450031721331	1282
0	10071	0.00794266567795283	1283
0	11590	0.014971492427587104	1284
0	3435	0.09990184620102564	1297
0	6845	0.1214217942792111	1304
0	6907	0.20838783428748922	1305
0	7067	0.17560718318268193	1306
0	7339	0.12787790318091657	1307
0	7857	0.00534755846415561	1309
0	6803	0.003995823391753472	1310
0	8023	0.144779056169817	1312
0	8261	5.864278845362703E-4	1313
0	7385	0.20817514156217165	1314
0	8515	0.2167290888364783	1315
0	8977	0.22813263556333485	1316
0	9237	0.09423497215125656	1317
0	9243	0.13461287683799641	1318
0	9837	0.1817983087913908	1319
0	11104	0.011924870054507984	1320
0	10217	0.006326373710176129	1321
0	4001	0.058958991209102425	1349
0	5470	0.1081044320042233	1351
0	5544	0.12152167042250706	1352
0	5676	0.10800151179941136	1353
0	6254	0.028181190350290018	1354
0	6318	0.0023582118367808515	1355
0	6900	0.12285855375104891	1358
0	7283	0.07165940143985	1359
0	7372	0.12298407844352563	1360
0	7505	0.10363794827864439	1361
0	8199	3.460916670105695E-4	1362
0	7777	0.07546959797230161	1363
0	8461	0.08544413766690483	1364
0	8939	0.1346368517316744	1365
0	8953	0.1279068298473098	1366
0	9681	0.07944437189031583	1367
0	9803	0.055614576766439244	1368
0	9172	0.0031559642235628174	1369
0	10275	0.10729175983687932	1370
0	10355	0.003733630820127344	1371
0	11512	0.007037690848061693	1372
0	5453	0.1901271993492345	1382
0	6367	0.1260299975700249	1383
0	6012	0.004147472991503636	1384
0	6594	0.21607581028566683	1386
0	6896	0.04956328520757589	1387
0	7893	6.086840118105128E-4	1388
0	7700	0.18227183185005488	1390
0	8049	0.13273112889512068	1391
0	8656	0.15027371490915747	1392
0	9148	0.22495439720323437	1393
0	10550	0.006566472419993523	1394
0	4037	0.12526777904124264	1411
0	6941	0.15225182591673947	1413
0	7003	0.26129928698094756	1414
0	7163	0.2201953483093627	1415
0	7435	0.16034719606373019	1416
0	6899	0.005010397112369519	1417
0	8119	0.18153969628935746	1419
0	8357	7.353269379616197E-4	1420
0	7481	0.26103258975430027	1421
0	8611	0.27175845737172255	1422
0	9073	0.28605746210474714	1424
0	9339	0.16879223711158026	1425
0	9933	0.22795845363984613	1426
0	10013	0.007932694081188399	1427
0	9286	0.006705349276028641	1428
0	10666	0.11816203722249198	1429
0	3752	0.06665495269719827	1437
0	7195	0.08532070138513002	1447
0	7283	0.08101315703219372	1448
0	7505	0.11716588765313254	1450
0	8006	0.0035679146084703194	1451
0	7241	0.0026660310023474986	1452
0	8461	0.09659722525173003	1454
0	8699	3.912672727331625E-4	1455
0	7823	0.1388953732210071	1456
0	8953	0.14460260459484914	1457
0	10366	0.004220984460568051	1458
0	10602	0.1212966339834908	1459
0	3676	0.03579866007968339	1464
0	6580	0.04351008219527876	1466
0	6642	0.07467334717106187	1467
0	6802	0.06292678361176256	1468
0	7074	0.04582355343528473	1469
0	6538	0.0014318566551011498	1470
0	7758	0.051879884262113436	1472
0	7996	2.1013958498342775E-4	1473
0	7120	0.07459713121645636	1474
0	8250	0.07766233834182071	1475
0	8712	0.08174866615758568	1477
0	8978	0.04823695260420768	1478
0	9572	0.06514530118280736	1479
0	9652	0.002266982148977699	1480
0	8925	0.001916235134727421	1481
0	10305	0.03376800193334795	1482
0	3854	0.08137561815111809	1499
0	6758	0.09890481449768497	1501
0	6820	0.16974349799496596	1502
0	6980	0.14304183182473218	1503
0	7252	0.10416367479612285	1504
0	6716	0.0032548207154483775	1505
0	7936	0.11793060528077959	1507
0	8174	4.776781753278707E-4	1508
0	7298	0.1695702479234494	1509
0	8428	0.17653791442360692	1510
0	8890	0.1858267383973483	1512
0	9156	0.10964968597026611	1513
0	9750	0.14808484847175316	1514
0	9830	0.005153183758833074	1515
0	9103	0.004355884222041924	1516
0	10483	0.0767596335990753	1517
0	3756	0.030431259635478772	1531
0	6654	0.03698648511140757	1533
0	6716	0.06347734832965084	1534
0	6876	0.05349198226561314	1535
0	7148	0.0389530906717031	1536
0	6612	0.0012171740935326273	1537
0	7832	0.04410137765840441	1539
0	8070	1.7863272692576721E-4	1540
0	7194	0.06341255966164473	1541
0	8324	0.06601819109200709	1542
0	8786	0.06949184352593704	1544
0	9052	0.041004641666909855	1545
0	9646	0.05537787084524329	1546
0	9726	0.001927086718077693	1547
0	8999	0.0016289282553514093	1548
0	10379	0.02870506415373492	1549
0	3646	0.028549657867773498	1563
0	7056	0.034699565785672785	1570
0	7118	0.05955246673562493	1571
0	7278	0.05018450799097971	1572
0	7550	0.03654457373407331	1573
0	8068	0.0015282096416151278	1575
0	7014	0.001141914740044481	1576
0	8234	0.04137453587944807	1578
0	8472	1.6758764831976465E-4	1579
0	7596	0.05949168402970214	1580
0	8726	0.06193620610198713	1581
0	9188	0.06519507838424513	1582
0	9448	0.026930195150586898	1583
0	9454	0.03846927483790659	1584
0	10048	0.05195378978772828	1585
0	11315	0.0034078545404335604	1586
0	10428	0.0018079326042259977	1587
0	7527	0.03376765316328053	1594
0	8338	0.0014120852390932792	1596
0	10698	0.0016705528313542416	1597
0	3963	0.019048457731886244	1604
0	7406	0.024382700883048575	1614
0	7494	0.023151703437024114	1615
0	7716	0.03348332521843405	1617
0	8217	0.00101962821756354	1618
0	7452	7.618905543420971E-4	1619
0	8672	0.02760527294324247	1621
0	8910	1.118152185987723E-4	1622
0	8034	0.03969311414823234	1623
0	9164	0.04132411006363856	1624
0	10577	0.00120626061276102	1625
0	10813	0.03466379784186269	1626
0	4134	0.04351517366194486	1650
0	7577	0.055700964256913066	1661
0	7665	0.05288881702719292	1663
0	7887	0.07649084939934687	1664
0	8388	0.0023292856346907582	1665
0	8843	0.06306275620937801	1666
0	9081	2.554358323314025E-4	1667
0	9335	0.09440269921876182	1668
0	10748	0.0027556372691523935	1669
0	11672	0.0051942262435657905	1670
0	10984	0.07918757539862191	1671
0	4104	0.0074669695406261675	1692
0	7386	0.00907543627999277	1698
0	7448	0.015575544100863276	1699
0	7608	0.013125417975776946	1700
0	7880	0.009557985605687866	1701
0	7344	2.986600617560799E-4	1702
0	8526	3.9969287542713757E-4	1704
0	8564	0.010821229473229993	1705
0	8802	4.3831413713765924E-5	1706
0	7926	0.015559646796040067	1707
0	9056	0.016198994978063094	1708
0	9518	0.01705133093883407	1709
0	9784	0.010061378136123589	1710
0	9906	0.0070434100416851345	1711
0	10378	0.013588161639686784	1712
0	10458	4.728525206776243E-4	1713
0	3986	0.016983646316585617	1721
0	7429	0.021739669104423105	1731
0	7517	0.020642109105909284	1732
0	7739	0.029853805542543743	1734
0	8240	9.09102734995805E-4	1735
0	7475	6.793032742610494E-4	1736
0	8695	0.024612921357723725	1738
0	8933	9.969469193898912E-5	1739
0	8057	0.03539046684965836	1740
0	9187	0.0368446663528909	1741
0	10600	0.0010755045842093139	1742
0	10836	0.03090631749941274	1743
0	7445	8.180754783858571E-4	1760
0	7667	0.001183147813314448	1761
0	7939	8.615733068410093E-4	1762
0	7403	2.692173305590653E-5	1763
0	8585	3.602900512819587E-5	1765
0	8623	9.75444287736525E-4	1766
0	8861	3.951039226760573E-6	1767
0	7985	0.0014025733974075778	1768
0	9115	0.0014602053451979746	1769
0	10517	4.262374172711553E-5	1770
0	4396	0.04006794076752933	1797
0	6440	0.07346669082058337	1802
0	6514	0.08258491186172992	1803
0	6646	0.0733967472787144	1804
0	6662	0.0016026171794274863	1805
0	7224	0.019151655117524518	1806
0	7244	0.08349344440142581	1807
0	7678	0.04869901254153813	1808
0	7740	0.08357874972704071	1809
0	7900	0.07043131315068865	1810
0	8172	0.05128838399861535	1812
0	8818	0.00214476172303698	1813
0	8856	0.058066981418121916	1814
0	9094	2.35200435582997E-4	1815
0	9348	0.0869242023478387	1816
0	9810	0.09149785791244178	1817
0	10076	0.05398960060095653	1818
0	10198	0.037795110160312125	1819
0	10670	0.07291440694331901	1820
0	10750	0.0025373381647274254	1821
0	12482	0.004782744315285785	1822
0	6232	0.05433399580880706	1829
0	7146	0.036016484664961046	1830
0	6791	0.001185252719804534	1831
0	7373	0.06174951406548071	1833
0	7675	0.014164050908847408	1834
0	8672	1.7394793937847708E-4	1835
0	8479	0.052089111824621954	1837
0	8828	0.037931514405988395	1838
0	9435	0.04294478340813419	1839
0	9927	0.06428681070698403	1840
0	11329	0.0018765473123664971	1841
0	3415	0.11191652577557164	136
0	6825	0.13602456697167598	1844
0	6887	0.23344956388915966	1845
0	7047	0.1967265530157778	1846
0	7319	0.14325711877911393	1847
0	7837	0.005990681728601562	1849
0	6783	0.0044763804536498975	1850
0	8003	0.1621908862323498	1852
0	8241	6.569545403911028E-4	1853
0	7365	0.23321129170720836	1854
0	8495	0.24279397808400918	1855
0	8957	0.2555689705363116	1856
0	9217	0.10556812602346187	1857
0	9223	0.15080207296718412	1858
0	9817	0.20366225335681667	1859
0	11084	0.013359012646675028	1860
0	10197	0.007087214033823897	1861
0	3732	0.07467119993553144	1869
0	7175	0.09558178190765729	1879
0	7263	0.09075619142122376	1880
0	7485	0.13125682441507186	1882
0	7986	0.003997009288901485	1883
0	7221	0.0029866607949596996	1884
0	8441	0.10821447511570564	1886
0	8679	4.3832296878542595E-4	1887
0	7803	0.1555996030935902	1888
0	8933	0.16199321373690567	1889
0	10346	0.004728620482437108	1890
0	10582	0.1358843542929846	1891
0	7344	0.13237140855178917	1898
0	8155	0.005535466477049306	1900
0	10515	0.006548676340557904	1901
0	3732	0.06657700416434377	1908
0	7175	0.08522092450095309	1918
0	7263	0.08091841753457141	1919
0	7485	0.11702886994216595	1921
0	7986	0.0035637421696968078	1922
0	7221	0.002662913256452131	1923
0	8441	0.09648426122307947	1925
0	8679	3.9080971168736767E-4	1926
0	7803	0.13873294432225683	1927
0	8933	0.14443350146868963	1928
0	10346	0.004216048300049003	1929
0	10582	0.1211547856394952	1930
0	3951	0.17058232632142323	1954
0	7394	0.2183514223131797	1965
0	7482	0.20732762127929988	1967
0	7704	0.2998491315743738	1968
0	8205	0.00913095200583106	1969
0	8660	0.24721012817292498	1970
0	8898	0.001001325166330319	1971
0	9152	0.370064754167369	1972
0	10565	0.01080227829312586	1973
0	11489	0.020361706538289826	1974
0	10801	0.3104204738372243	1975
0	3921	0.029271008883164196	1995
0	7203	0.03557630368316492	2001
0	7265	0.06105715139936845	2002
0	7425	0.05145249676912331	2003
0	7697	0.03746792859500319	2004
0	7161	0.0011707669722160786	2005
0	8343	0.001566822208596299	2007
0	8381	0.04241992716246053	2008
0	8619	1.7182200800429378E-4	2009
0	7743	0.06099483292489675	2010
0	8873	0.06350111960701191	2011
0	9335	0.06684233230962532	2012
0	9601	0.03944126023241428	2013
0	9723	0.02761062794969492	2014
0	10195	0.05326648219162135	2015
0	10275	0.0018536128020713272	2016
0	3951	0.1192925277476461	2029
0	6849	0.14498944027596014	2031
0	6911	0.2488353563956155	2032
0	7071	0.20969206845639843	2033
0	7343	0.15269866267360008	2034
0	6807	0.004771402040721752	2035
0	8027	0.1728802843208977	2037
0	8265	7.002519707920894E-4	2038
0	7389	0.24858138058033769	2039
0	8519	0.25879562617614776	2040
0	8981	0.27241257086801823	2042
0	9247	0.16074087673088758	2043
0	9841	0.21708487501154375	2044
0	9921	0.007554305951909593	2045
0	9194	0.006385505280691136	2046
0	10574	0.11252572857894812	2047
0	7262	0.003206909371284667	2064
0	7484	0.004638016797202486	2065
0	7756	0.0033774237032612162	2066
0	7220	1.0553495405895717E-4	2067
0	8402	1.4123605612974713E-4	2069
0	8440	0.0038238053946813406	2070
0	8678	1.5488332137289075E-5	2071
0	7802	0.005498179435638117	2072
0	8932	0.00572410043967442	2073
0	10334	1.6708785484391702E-4	2074
0	4213	0.15706894795208928	2103
0	6257	0.28799423218828885	2108
0	6331	0.32373825493297975	2109
0	6463	0.28772004893037845	2110
0	6479	0.006282364142521958	2111
0	7041	0.07507574043556996	2112
0	7061	0.3272997618998143	2113
0	7495	0.19090331371368494	2114
0	7557	0.32763416435455445	2115
0	7717	0.276095353231325	2116
0	7989	0.2010538191509367	2118
0	8635	0.008407606205665788	2119
0	8673	0.2276263643049285	2120
0	8911	9.220010878331058E-4	2121
0	9165	0.3407485573956396	2122
0	9627	0.3586775862917188	2123
0	9893	0.21164276487145833	2124
0	10015	0.14815930334569075	2125
0	10487	0.28582924327418147	2126
0	10567	0.00994653152865276	2127
0	12299	0.01874867047159448	2128
0	4839	0.1403330884767364	2142
0	7743	0.1705623674391483	2144
0	7805	0.2927244039884568	2145
0	7965	0.24667710669868242	2146
0	8237	0.17963132598367199	2147
0	7701	0.005612971720702756	2148
0	8921	0.20337253886353837	2150
0	9159	8.237609146907727E-4	2151
0	8283	0.29242563246245035	2152
0	9413	0.30444144483547814	2153
0	9875	0.3204601170885254	2155
0	10141	0.18909200854408864	2156
0	10735	0.2553738406516192	2157
0	10815	0.00888671826765431	2158
0	10088	0.00751176703556421	2159
0	11468	0.13237277575326042	2160
0	3416	0.029451157526994027	176
0	6826	0.03579525831115817	2164
0	6888	0.06143292809584698	2165
0	7048	0.051769161546603784	2166
0	7320	0.03769852524271168	2167
0	7838	0.0015764652276370069	2169
0	6784	0.001177972466332368	2170
0	8004	0.0426810009225137	2172
0	8242	1.728794878419599E-4	2173
0	7366	0.06137022608185649	2174
0	8496	0.06389193772416464	2175
0	8958	0.06725371394542974	2176
0	9218	0.027780557766609718	2177
0	9224	0.03968400176449368	2178
0	9818	0.05359431115599728	2179
0	11085	0.003515462824956711	2180
0	10198	0.0018650208759717398	2181
0	3732	0.01964994228324249	2189
0	7175	0.025152622422520202	2199
0	7263	0.02388275432581291	2200
0	7485	0.03454061306453679	2202
0	7986	0.0010518245575309878	2203
0	7221	7.859484284603728E-4	2204
0	8441	0.028476952185994928	2206
0	8679	1.1534595728325389E-4	2207
0	7803	0.040946485696282474	2208
0	8933	0.04262898283348051	2209
0	10346	0.0012443501596260524	2210
0	10582	0.03575836093913197	2211
0	7368	0.034833919104552497	2218
0	8179	0.001456674017275096	2220
0	10539	0.0017233031240250231	2221
0	3732	0.0175199312499335	2229
0	7175	0.02242613282248141	2239
0	7263	0.021293915667331353	2240
0	7485	0.030796485684200296	2242
0	7986	9.378090616912385E-4	2243
0	7221	7.007533271159729E-4	2244
0	8441	0.025390112465203004	2246
0	8679	1.0284270622432119E-4	2247
0	7803	0.03650797564616956	2248
0	8933	0.03800809375069234	2249
0	10346	0.0011094653069838325	2250
0	10582	0.031882232336029125	2251
0	3975	0.0448892326579879	2273
0	7418	0.05745980846192692	2284
0	7506	0.05455886332853269	2286
0	7728	0.07890616642298227	2287
0	8229	0.0024028364357415568	2288
0	8684	0.06505406039577367	2289
0	8922	2.635016143056027E-4	2290
0	9176	0.09738361063876436	2291
0	10589	0.002842650783310137	2292
0	11513	0.005358241980993401	2293
0	10825	0.08168804572183858	2294
0	3945	0.0077027506672323436	2314
0	7227	0.009362007234768596	2320
0	7289	0.016067366026160396	2321
0	7449	0.01353987337440525	2322
0	7721	0.00985979380269917	2323
0	7185	3.080907157114747E-4	2324
0	8367	4.123137969337719E-4	2326
0	8405	0.0111629265516204	2327
0	8643	4.521545847917506E-5	2328
0	7767	0.016050966739318804	2329
0	8897	0.01671050333028482	2330
0	9359	0.017589753118945964	2331
0	9625	0.010379081731837873	2332
0	9747	0.007265816621187334	2333
0	10219	0.014017228886108615	2334
0	10299	4.877835712781857E-4	2335
0	3975	0.03139217378436608	2349
0	6873	0.038154390656129925	2351
0	6935	0.06548174390428213	2352
0	7095	0.05518107444341869	2353
0	7367	0.04018309483248028	2354
0	6831	0.0012556082504536568	2355
0	8051	0.04549394695343211	2357
0	8289	1.842733319093733E-4	2358
0	7413	0.06541490943375189	2359
0	8543	0.06810281771161293	2360
0	9005	0.07168615610044789	2362
0	9271	0.042299426727395825	2363
0	9865	0.0571265128754407	2364
0	9945	0.0019879374654905523	2365
0	9218	0.0016803641875750164	2366
0	10598	0.029611471007097098	2367
0	7286	8.439074784888773E-4	2384
0	7508	0.0012205075377444369	2385
0	7780	8.887788182383072E-4	2386
0	7244	2.7771828468185397E-5	2387
0	8426	3.716667675969329E-5	2389
0	8464	0.0010062454516963808	2390
0	8702	4.075799408931167E-6	2391
0	7826	0.0014468618244581155	2392
0	8956	0.00150631359024892	2393
0	10358	4.3969652379343416E-5	2394
0	4237	0.041333148046540855	2422
0	6281	0.07578651535387751	2427
0	6355	0.08519265834488988	2428
0	6487	0.07571436323635936	2429
0	6503	0.0016532222986834217	2430
0	7065	0.019756398286143926	2431
0	7085	0.0861298792064816	2432
0	7519	0.05023675927790547	2433
0	7581	0.08621787817985675	2434
0	7741	0.07265529093346519	2435
0	8013	0.052907894148644656	2437
0	8659	0.0022124858958232872	2438
0	8697	0.059900536279018875	2439
0	8935	2.426272535682987E-4	2440
0	9189	0.08966896864792967	2441
0	9651	0.09438704446975539	2442
0	9917	0.05569440584831307	2443
0	10039	0.03898854929319168	2444
0	10511	0.07521679225792086	2445
0	10591	0.0026174585466046106	2446
0	12323	0.004933766873606384	2447
0	4863	0.03692905820956131	2461
0	7767	0.04488398042037716	2463
0	7829	0.07703127374725233	2464
0	7989	0.06491379425282112	2465
0	8261	0.04727050309743157	2466
0	7725	0.0014770697463614615	2467
0	8945	0.05351807194896093	2469
0	9183	2.1677506780177493E-4	2470
0	8307	0.076952651155852	2471
0	9437	0.08011464694298434	2472
0	9899	0.08433000688762585	2474
0	10165	0.04976010908250704	2475
0	10759	0.0672023649517715	2476
0	10839	0.0023385656209838307	2477
0	10112	0.0019767432265912163	2478
0	11492	0.034834278887574906	2479
0	4202	0.01902434944364744	208
0	7645	0.024351841419820483	218
0	7733	0.023122401960362058	219
0	7955	0.033440947737436826	221
0	8456	0.001018337746108505	2480
0	7691	7.609262832525929E-4	2481
0	8911	0.02757033489805299	2483
0	9149	1.1167370197010837E-4	2484
0	8273	0.03964287737576234	2485
0	9403	0.04127180905477743	2486
0	10816	0.001204733933858566	2487
0	11052	0.03461992632000062	2488
0	4003	0.02851352458125323	2504
0	7413	0.034655648994849256	2511
0	7475	0.059477095382542054	2512
0	7635	0.0501209930019555	2513
0	7907	0.036498321846936514	2514
0	8425	0.001526275494554618	2516
0	7371	0.0011404694991706728	2517
0	8591	0.04132217105019164	2519
0	8829	1.673755444640182E-4	2520
0	7953	0.05941638960499924	2521
0	9083	0.06185781781826665	2522
0	9545	0.0651125655759348	2523
0	9805	0.026896111503702944	2524
0	9811	0.03842058699245559	2525
0	10405	0.051888035543635115	2526
0	11672	0.003403541459516823	2527
0	10785	0.0018056444315585568	2528
0	4202	0.01696215131439125	2535
0	7645	0.02171215473993425	2545
0	7733	0.02061598384562907	2546
0	7955	0.029816021688376902	2548
0	8456	9.079521478415875E-4	2549
0	7691	6.78443528061753E-4	2550
0	8911	0.02458177052069308	2552
0	9149	9.956851540527844E-5	2553
0	8273	0.03534567563413181	2554
0	9403	0.03679803465971129	2555
0	10816	0.0010741433939815681	2556
0	11052	0.03086720155516343	2557
0	8012	0.033724915828475435	2562
0	8823	0.0014102980624913209	2564
0	11183	0.001668438530567096	2565
0	4559	0.030392744938431474	2592
0	7457	0.03693967392823692	2594
0	7519	0.06339700953100867	2595
0	7679	0.05342428123988835	2596
0	7951	0.0389037904947059	2597
0	7415	0.00121563360220799	2598
0	8635	0.04404556165800785	2600
0	8873	1.7840664409374873E-4	2601
0	7997	0.06333230286144594	2602
0	9127	0.06593463652804962	2603
0	9589	0.06940389260531397	2605
0	9855	0.04095274498664582	2606
0	10449	0.055307782983476224	2607
0	10529	0.0019246477404599508	2608
0	9802	0.001626866635851653	2609
0	11182	0.028668734180449313	2610
0	4619	0.04346009957856394	2620
0	8062	0.055630467478623394	2631
0	8150	0.05282187938513035	2633
0	8372	0.07639404033107972	2634
0	8873	0.0023263376222972076	2635
0	9328	0.06298294213071462	2636
0	9566	2.551125452307332E-4	2637
0	9820	0.09428322038665264	2638
0	11233	0.0027521496535930974	2639
0	12157	0.0051876522780920495	2640
0	11469	0.07908735327463093	2641
0	4589	0.007457519124404048	2661
0	7871	0.009063950140967208	2667
0	7933	0.01555583123423937	2668
0	8093	0.013108806060824634	2669
0	8365	0.009545888738046003	2670
0	7829	2.9828206879961176E-4	2671
0	9011	3.9918701237074615E-4	2673
0	9049	0.010807533807002792	2674
0	9287	4.377593938767616E-5	2675
0	8411	0.015539954049512616	2676
0	9541	0.01617849305367599	2677
0	10003	0.017029750272991473	2678
0	10269	0.010048644160092594	2679
0	10391	0.00703449569481994	2680
0	10863	0.013570964062746124	2681
0	10943	4.7225406462289294E-4	2682
0	4760	0.0018134778335004457	2691
0	8203	0.0023213158878612142	2709
0	8291	0.00220412075254461	2710
0	8353	0.0037827801249147087	2712
0	8513	0.003187726215433809	2713
0	9014	9.707206730273945E-5	2714
0	8249	7.253456690826494E-5	2715
0	9469	0.0026281156865786085	2717
0	9707	1.0645188352306613E-5	2718
0	8831	0.0037789191998429733	2719
0	9961	0.0039341955471856645	2720
0	10394	0.0017106093594402574	2721
0	10423	0.004141199521574965	2722
0	10689	0.002443573142364268	2723
0	11374	1.148401048240748E-4	2724
0	12461	2.16467346035908E-4	2725
0	11610	0.0033001112161395838	2726
0	4881	0.040017229603467895	2757
0	6925	0.073373709216341	2762
0	6999	0.08248038996881017	2763
0	7131	0.07330385419707536	2764
0	7147	0.001600588859999115	2765
0	7709	0.01912741621963986	2766
0	7729	0.08338777264300777	2767
0	8163	0.04863737763923677	2768
0	8225	0.08347297000369411	2769
0	8385	0.07034217320968271	2770
0	8657	0.05122347191165562	2772
0	9303	0.002142047249532074	2773
0	9341	0.05799349013893862	2774
0	9579	2.3490275899548855E-4	2775
0	9833	0.08681418852127981	2776
0	10295	0.09138205553290878	2777
0	10561	0.05392126977483369	2778
0	10683	0.037747275557501375	2779
0	11155	0.072822124325792	2780
0	11235	0.002534126834933929	2781
0	12967	0.00477669113344039	2782
0	3873	0.021709524712860313	2791
0	7155	0.026385993290655642	2797
0	7217	0.04528445679792894	2798
0	7377	0.03816094124415773	2799
0	7649	0.027788960914181437	2800
0	7113	8.683265622232988E-4	2801
0	8295	0.0011620701423019318	2803
0	8333	0.03146172585738426	2804
0	8571	1.2743578958523643E-4	2805
0	7695	0.04523823685153039	2806
0	8825	0.04709708267676557	2807
0	9287	0.04957517080921901	2808
0	9553	0.0292525282315924	2809
0	9675	0.0204780645656617	2810
0	10147	0.039506325734172364	2811
0	10227	0.0013747750579853496	2812
0	7476	0.09817633470379197	2833
0	8287	0.004105507492426449	2835
0	10647	0.004856978159493389	2836
0	4083	0.12651635082459167	2844
0	7526	0.16194541218982908	2855
0	7614	0.15376935369010583	2857
0	7836	0.2223900842648334	2858
0	8337	0.006772182981931519	2859
0	8792	0.18334914277335726	2860
0	9030	7.426561049134265E-4	2861
0	9284	0.274467134290542	2862
0	10697	0.008011761005432745	2863
0	11621	0.015101733358540382	2864
0	10933	0.2302305661908069	2865
0	4165	0.11649383937531858	2897
0	6209	0.21359762233713017	2902
0	6283	0.24010800837166246	2903
0	6415	0.2133942679451713	2904
0	6431	0.00465946152220649	2905
0	6993	0.0556816694917454	2906
0	7013	0.242749482870206	2907
0	7447	0.14158788388117072	2908
0	7509	0.24299750023046168	2909
0	7669	0.20477254193752298	2910
0	7941	0.14911624238489093	2912
0	8587	0.006235696740978481	2913
0	8625	0.16882438869466795	2914
0	8863	6.838235566629077E-4	2915
0	9117	0.2527240949288547	2916
0	9579	0.26602157631908085	2917
0	9845	0.15696978032478143	2918
0	9967	0.1098857941747767	2919
0	10439	0.21199190794165143	2920
0	10519	0.007377076509061852	2921
0	12251	0.013905387633238129	2922
0	3759	0.08300549502069623	2937
0	7169	0.10088578463471466	2944
0	7231	0.17314330013999557	2945
0	7391	0.1459068247841745	2946
0	7663	0.10624997494422352	2947
0	8181	0.004443128474084131	2949
0	7127	0.003320011704091703	2950
0	8347	0.12029264406008013	2952
0	8585	4.8724561858370414E-4	2953
0	7709	0.17296658003297413	2954
0	8839	0.18007380232049844	2955
0	9301	0.1895486726762442	2956
0	9561	0.07829705665235515	2957
0	9567	0.1118458657472057	2958
0	10161	0.15105084829753487	2959
0	11428	0.009908022519825564	2960
0	10541	0.005256397168500948	2961
0	3935	0.049378384017550896	2969
0	7378	0.06320608127622035	2979
0	7466	0.06001502688903657	2980
0	7688	0.08679718400785522	2982
0	8189	0.0026431322887471276	2983
0	7424	0.0019750115679272604	2984
0	8644	0.07155979699180376	2986
0	8882	2.898531146557997E-4	2987
0	8006	0.10289451570575078	2988
0	9136	0.1071224665338733	2989
0	10549	0.003126930305882656	2990
0	10785	0.08985726537204308	2991
0	4076	0.05538163261846939	2999
0	7519	0.0708904522118132	3009
0	7607	0.06731144076271936	3010
0	7829	0.09734967744858053	3012
0	8330	0.0029644749274374466	3013
0	7565	0.0022151264616779936	3014
0	8785	0.08025978302254069	3016
0	9023	3.2509242715356824E-4	3017
0	8147	0.11540406557747562	3018
0	9277	0.1201460356550871	3019
0	10690	0.003507091389673643	3020
0	10926	0.10078179263958881	3021
0	4247	0.08847607848210055	3034
0	7145	0.1075347914839101	3036
0	7207	0.18455453109479747	3037
0	7367	0.1555230009466238	3038
0	7639	0.11325251562613338	3039
0	7103	0.0035388213276659527	3040
0	8323	0.1282206848356889	3042
0	8561	5.193581651325937E-4	3043
0	7685	0.18436616402278255	3044
0	8815	0.19194179689797894	3045
0	9277	0.2020411207197774	3047
0	9543	0.1192172107796105	3048
0	10137	0.16100604791801243	3049
0	10217	0.005602826756197569	3050
0	9490	0.004735958546854117	3051
0	10870	0.08345732445260394	3052
0	4471	0.10421213266644246	3084
0	6302	0.19107846282341495	3091
0	6376	0.21479391319644656	3092
0	6508	0.19089654766818645	3093
0	7086	0.049811265207490324	3094
0	6858	0.00416822404438019	3095
0	7440	0.21715690245281719	3097
0	7753	0.12666056349509908	3098
0	7815	0.2173787718511402	3100
0	7975	0.18318379256164366	3101
0	8247	0.13339522259258654	3103
0	8739	6.117294407114529E-4	3104
0	8893	0.005578280014833404	3105
0	8931	0.15102557943254902	3106
0	9479	0.23797546678999554	3107
0	9423	0.2260799116070028	3108
0	10151	0.14042077812480647	3109
0	10273	0.09830076012693785	3110
0	10745	0.18964203560543194	3111
0	10825	0.006599326453444461	3112
0	12344	0.01243937111682441	3113
0	6207	0.1579710776027659	3121
0	7121	0.10471460472018444	3122
0	6766	0.0034460128800021398	3123
0	7348	0.1795310124566616	3125
0	7650	0.04118067062773212	3126
0	8647	5.057375777605623E-4	3127
0	8454	0.15144428462912216	3129
0	8803	0.11028237692850786	3130
0	9410	0.12485799381058421	3131
0	9902	0.18690796824078207	3132
0	11304	0.005455888099050124	3133
0	4791	0.10408129984443462	3150
0	7695	0.12650154785521953	3152
0	7757	0.21710586429768952	3153
0	7917	0.1829538149965204	3154
0	8189	0.1332277519443271	3155
0	7653	0.004162991059500852	3156
0	8873	0.15083597480353936	3158
0	9111	6.109614467458202E-4	3159
0	8235	0.21688427344466402	3160
0	9365	0.22579608023268963	3161
0	9827	0.23767670117516623	3163
0	10093	0.14024448726307534	3164
0	10687	0.18940395005766772	3165
0	10767	0.006591041348042977	3166
0	10040	0.005571276779244449	3167
0	11420	0.09817734872057036	3168
0	7547	0.0010913377722386454	277
0	8358	4.5637224227323826E-5	279
0	10718	5.399064591671439E-5	280
0	4218	0.0014063681729130579	3184
0	7661	0.0018002010962901726	3195
0	7749	0.0017093152275550855	3197
0	7971	0.0024721100035136443	3198
0	8472	7.528025069373618E-5	3199
0	8927	0.0020381270661595854	3200
0	9165	8.255438151372993E-6	3201
0	9419	0.0030510036027836746	3202
0	10832	8.905952166331701E-5	3203
0	11756	1.6787235019698622E-4	3204
0	11068	0.0025592655701192368	3205
0	3894	9.226972293553526E-4	3219
0	7304	0.001121456283594021	3226
0	7366	0.0019246779177786067	3227
0	7526	0.0016219145845564463	3228
0	7798	0.0011810851495514445	3229
0	8316	4.939025219577463E-5	3231
0	7262	3.690557595047112E-5	3232
0	8482	0.0013371848376832265	3234
0	8720	5.416270117666575E-6	3235
0	7844	0.0019227134797244825	3236
0	8974	0.0020017180602221497	3237
0	9436	0.0021070416490227223	3238
0	9696	8.703577663357594E-4	3239
0	9702	0.0012432896209349277	3240
0	10296	0.0016790960547992653	3241
0	11563	1.1013855076888625E-4	3242
0	10676	5.843062682245135E-5	3243
0	4188	2.413252074237163E-4	3264
0	7470	2.933092911138773E-4	3270
0	7532	5.033864662802504E-4	3271
0	7692	4.2420076823585455E-4	3272
0	7964	3.089048169134614E-4	3273
0	7428	9.652403288954877E-6	3274
0	8610	1.2917685755036162E-5	3276
0	8648	3.4973163249141497E-4	3277
0	8886	1.4165887444161534E-6	3278
0	8010	5.028726808197545E-4	3279
0	9140	5.235357934524257E-4	3280
0	9602	5.510824643486483E-4	3281
0	9868	3.2517397485792556E-4	3282
0	9990	2.2763617556385707E-4	3283
0	10462	4.39156194271741E-4	3284
0	10542	1.5282134474032638E-5	3285
0	4070	5.488949630585153E-4	3293
0	7513	7.026050029270528E-4	3303
0	7601	6.671329291680495E-4	3304
0	7823	9.648460162779108E-4	3306
0	8324	2.9381317936102466E-5	3307
0	7559	2.1954422429706368E-5	3308
0	8779	7.95465726710089E-4	3310
0	9017	3.222035670605202E-6	3311
0	8141	0.0011437855353297393	3312
0	9271	0.0011907838516940553	3313
0	10684	3.4759264177700844E-5	3314
0	10920	9.988621810587373E-4	3315
0	7529	2.6439405361919746E-5	3332
0	7751	3.823818885393257E-5	3333
0	8023	2.7845212954586123E-5	3334
0	7487	8.700842796497794E-7	3335
0	8669	1.1644224726679257E-6	3337
0	8707	3.152541252345271E-5	3338
0	8945	1.2769375256582032E-7	3339
0	8069	4.532981073711279E-5	3340
0	9199	4.719241934681444E-5	3341
0	10601	1.3775579580854274E-6	3342
0	4211	6.156276637046325E-4	3350
0	7654	7.880252244418144E-4	3360
0	7742	7.482405819059609E-4	3361
0	7964	0.0010821485690561345	3363
0	8465	3.295339424646442E-5	3364
0	7700	2.462356315509468E-5	3365
0	8920	8.921756253016188E-4	3367
0	9158	3.613759326948331E-6	3368
0	8282	0.0012828429194733455	3369
0	9412	0.0013355551242642107	3370
0	10825	3.8985172096630925E-5	3371
0	11061	0.0011203002983697437	3372
0	4480	0.001294956951967737	3403
0	6524	0.0023743721337752452	3408
0	6598	0.0026690641868387776	3409
0	6730	0.002372111626395693	3410
0	6746	5.179503159105119E-5	3411
0	7308	6.189629030355611E-4	3412
0	7328	0.002698427076616271	3413
0	7762	0.001573904813589386	3414
0	7824	0.0027011840619349274	3415
0	7984	0.0022762716739017697	3416
0	8256	0.0016575907855993655	3418
0	8902	6.93166169850135E-5	3419
0	8940	0.001876668474265966	3420
0	9178	7.60144977080694E-6	3421
0	9432	0.0028093058432342504	3422
0	9894	0.002957121951470299	3423
0	10160	0.0017448914841370626	3424
0	10282	0.0012215012729614894	3425
0	10754	0.00235652285495973	3426
0	10834	8.200430650954674E-5	3427
0	12566	1.5457365369728733E-4	3428
0	4382	9.835087720313695E-4	3441
0	7280	0.001195367296306947	3443
0	7342	0.0020515262810454535	3444
0	7502	0.0017288089425730167	3445
0	7774	0.0012589260790469596	3446
0	7238	3.933788520153827E-5	3447
0	8458	0.001425313717054966	3449
0	8696	5.773236336840587E-6	3450
0	7820	0.0020494323741853527	3451
0	8950	0.0021336438527484788	3452
0	9412	0.0022459089275656636	3454
0	9678	0.0013252302157874297	3455
0	10272	0.0017897590308492701	3456
0	10352	6.228157212016554E-5	3457
0	9625	5.2645380024955394E-5	3458
0	11005	9.277198096659513E-4	3459
0	5106	0.0011569779442941511	3472
0	8010	0.0014062036216526568	3474
0	8072	0.002413370095730766	3475
0	8232	0.0020337325637921986	3476
0	8504	0.0014809727664610909	3477
0	7968	4.627621720073829E-5	3478
0	9188	0.0016767074999509129	3480
0	9426	6.7915074058018376E-6	3481
0	8550	0.0024109068700601506	3482
0	9680	0.0025099713889791837	3483
0	10142	0.002642037537418044	3485
0	10408	0.0015589714849328568	3486
0	11002	0.002105432898190596	3487
0	11082	7.326666251299963E-5	3488
0	10355	6.19308594798324E-5	3489
0	11735	0.0010913490441486762	3490
0	4354	0.0887285797939946	322
0	7764	0.1078416843343819	3492
0	7826	0.18508123008526925	3493
0	7986	0.15596684703974223	3494
0	8258	0.11357572625279655	3495
0	8776	0.004749474468520994	3497
0	7722	0.003548920747114963	3498
0	8942	0.12858661302428412	3500
0	9180	5.208403580630296E-4	3501
0	8304	0.18489232543367784	3502
0	9434	0.192489578358861	3503
0	9896	0.2026177245760232	3504
0	10156	0.08369550277462023	3505
0	10162	0.11955744401144719	3506
0	10756	0.16146554204365224	3507
0	12023	0.010591163470946602	3508
0	11136	0.005618816627477196	3509
0	4671	0.059200100037766615	3517
0	8114	0.07577822581673543	3527
0	8202	0.07195244774185781	3528
0	8424	0.1040617686969077	3530
0	8925	0.0031688703269686686	3531
0	8160	0.0023678555854618915	3532
0	9380	0.08579355572048081	3534
0	9618	3.47506985602901E-4	3535
0	8742	0.12336097554251468	3536
0	9872	0.12842989622429818	3537
0	11285	0.003748899252223014	3538
0	11521	0.10773052227173582	3539
0	4335	0.17043582843864452	3547
0	6798	0.006817005850899135	3551
0	7380	0.35515362389886	3553
0	7617	0.2071495661535787	3554
0	7679	0.35551648466891456	3555
0	7839	0.29959161800965717	3556
0	8111	0.21816389983203863	3557
0	8679	0.0010004652178233204	3558
0	8795	0.2469978215338975	3559
0	9395	0.3892017636780087	3560
0	9287	0.369746938692896	3561
0	9378	0.009123110248918402	3562
0	10015	0.22965398593562325	3563
0	10910	0.16076795532060062	3564
0	11738	0.010793001183748494	3565
0	11974	0.31015388149340417	3566
0	9506	7.02827667153746E-4	3573
0	11376	0.0015672813411390734	3574
0	11866	8.314729995136135E-4	3575
0	12102	0.02389368571036747	3576
0	4768	0.006340240206739897	3584
0	8211	0.008115732132414939	3602
0	8299	0.007705997149586721	3603
0	8361	0.013225270360733591	3605
0	8521	0.011144856333953793	3606
0	9022	3.3938116733205656E-4	3607
0	8257	2.535937131376763E-4	3608
0	9477	0.009188358653298881	3610
0	9715	3.721746687652416E-5	3611
0	8839	0.013211771881776295	3612
0	9969	0.013754645537241685	3613
0	10402	0.0059805937731336675	3614
0	10431	0.014478368153053672	3615
0	10697	0.008543165181910607	3616
0	11382	4.0150137845709966E-4	3617
0	12469	7.568082418377159E-4	3618
0	11618	0.01153777423289158	3619
0	4950	0.005476458894446916	3623
0	8393	0.0070100614444016385	3641
0	8481	0.006656147914644469	3642
0	8543	0.011423486671926327	3644
0	8703	0.009626503982062485	3645
0	9204	2.931445736815545E-4	3646
0	8439	2.1904462616610467E-4	3647
0	9659	0.007936555529668318	3649
0	9897	3.2147035578881776E-5	3650
0	9021	0.01141182719803627	3651
0	10151	0.011880740860940384	3652
0	10584	0.005165809952773507	3653
0	10613	0.012505864993029683	3654
0	10879	0.007379261892549131	3655
0	11564	3.468016547459311E-4	3656
0	12651	6.537022403342078E-4	3657
0	11800	0.009965891552921047	3658
0	6962	0.6481960851122822	3661
0	7036	0.7286460838265799	3662
0	7168	0.6475789737450495	3663
0	7746	0.1689749154608979	3664
0	8238	0.014139879856240078	3668
0	8820	0.7366620598947845	3669
0	9292	0.737414708169604	3671
0	10119	0.0020751717527868856	3672
0	10835	0.8072849427755628	3674
0	13004	0.04219811872066366	3675
0	6528	0.1513067758577871	373
0	7442	0.10029702566994651	374
0	7087	0.003300636460483333	375
0	7669	0.17195716502997418	377
0	7971	0.03944338795999024	378
0	8968	4.8440210374141145E-4	379
0	8775	0.14505532770335605	3676
0	9124	0.10562991112174047	3677
0	9731	0.11959062867860225	3678
0	10223	0.17902291030612838	3679
0	11625	0.005225721380365461	3680
0	6962	0.469353827973395	3690
0	7036	0.5276070567791035	3691
0	7168	0.46890698235190925	3692
0	7746	0.12235344400346865	3693
0	8238	0.010238578865314447	3697
0	8820	0.5334113637457265	3698
0	9292	0.5339563506054403	3700
0	10119	0.001502615995750834	3701
0	10835	0.5845488531319332	3703
0	13004	0.030555335044006704	3704
0	5176	0.020511117253145146	3712
0	6645	0.037608219458153735	3714
0	6719	0.0422759138126042	3715
0	6851	0.03757241476839695	3716
0	7429	0.009803893990621095	3717
0	7493	8.203932682704934E-4	3718
0	8075	0.042740999292242864	3721
0	8458	0.024929435783766312	3722
0	8547	0.04278466780882965	3723
0	8680	0.036054383995133304	3724
0	9374	1.2040108924547398E-4	3725
0	8952	0.026254956899917577	3726
0	9636	0.0297249781643006	3727
0	10114	0.04683852616590135	3728
0	10128	0.04449723325780418	3729
0	10856	0.02763773249046307	3730
0	10978	0.019347636071228556	3731
0	10347	0.0010979216385614548	3732
0	11450	0.03732550067733806	3733
0	11530	0.0012988848343756165	3734
0	12687	0.0024483272053286787	3735
0	5184	0.0436339196004027	3768
0	7015	0.08000510181373727	3775
0	7089	0.08993482907664951	3776
0	7221	0.07992893341516183	3777
0	7799	0.020856119970355903	3778
0	7571	0.0017452473927492785	3779
0	8153	0.09092421947286289	3781
0	8466	0.05303314213688016	3782
0	8528	0.09101711682790697	3784
0	8688	0.07669958067469294	3785
0	8960	0.0558529632659272	3787
0	9452	2.561328758009195E-4	3788
0	9606	0.0023356418820718785	3789
0	9644	0.06323484436938388	3790
0	10192	0.09964101222281843	3791
0	10136	0.09466030906306054	3792
0	10864	0.05879458356864425	3793
0	10986	0.041158810920472286	3794
0	11458	0.0794036656072457	3795
0	11538	0.002763156961848945	3796
0	13057	0.005208400454948841	3797
0	5380	0.009089840421132991	3818
0	8662	0.011047891261436333	3824
0	8724	0.01896073227282697	3825
0	8884	0.01597809582741085	3826
0	9156	0.011635317839518496	3827
0	8620	3.635708284007323E-4	3828
0	9802	4.865621100138838E-4	3830
0	9840	0.013173115081955069	3831
0	10078	5.335773152991616E-5	3832
0	9202	0.018941379848368443	3833
0	10332	0.019719683940344616	3834
0	10794	0.020757266566930707	3835
0	11060	0.012248117683679552	3836
0	11182	0.008574224516543917	3837
0	11654	0.016541412181916574	3838
0	11734	5.756222698250966E-4	3839
0	5173	0.034754639440278595	3852
0	8583	0.04224116811489255	3859
0	8645	0.07249559762718237	3860
0	8805	0.06109160707957375	3861
0	9077	0.04448717002174864	3862
0	9595	0.0018603506679302007	3864
0	8541	0.0013900984469093552	3865
0	9761	0.05036687595903683	3867
0	9999	2.040111415335802E-4	3868
0	9123	0.07242160441022914	3869
0	10253	0.0753974188182178	3870
0	10715	0.07936457428033779	3871
0	10975	0.03278320275674738	3872
0	10981	0.04683018559145671	3873
0	11575	0.06324542451581192	3874
0	12842	0.004148517518711736	3875
0	11955	0.002200868608766228	3876
0	5490	0.023188448822441966	3884
0	8933	0.029682036180442777	3894
0	9021	0.02818349379556969	3895
0	9243	0.0407605898682882	3897
0	9744	0.0012412341762090045	3898
0	8979	9.274798189088982E-4	3899
0	10199	0.03360500193159379	3901
0	10437	1.36117134024322E-4	3902
0	9561	0.04832001409168623	3903
0	10691	0.050305490598306475	3904
0	12104	0.0014684292491939494	3905
0	12340	0.04219762636751339	3906
