21057029	15197179	2
21057029	21057015	19
21057029	12998942	100
21057029	19514897	102
21057029	21056991	115
21057029	19514888	138
21057029	16272469	203
21057029	14579493	213
21057029	14579494	230
21057029	13303993	248
21057029	41522043	307
21057029	17791429	310
21057029	19227136	323
21057029	18464147	324
21057029	7461171	326
21057029	19514975	330
21057029	19214639	335
21057029	21057006	361
21057029	6902930	363
21057029	6677293	364
21057029	7751408	374
21057029	16250137	384
21057029	17915296	386
21057029	18130744	396
21057029	1940049	408
21057029	18021634	408
21057029	18130746	415
21057029	19531567	422
21057029	18130742	435
21057029	19531571	438
21057029	18130598	442
21057029	6902933	458
21057029	18185281	459
21057029	13955186	481
21057029	14579476	538
21057029	20805410	541
21057029	7365144	543
21057029	13227225	543
21057029	14607762	558
21057029	9001725	558
21057029	7816860	587
21057029	7459221	618
21057029	18021636	801
21057029	16210652	830
21057029	19531582	834
21057029	15197186	839
21057029	18678374	847
21057029	13683935	859
21057029	12916234	882
21057029	19524316	902
21057029	21049304	924
21057029	30241004	932
21057029	9001819	951
21057029	18129771	962
21057029	21057002	977
21057029	33070192	1000
21057029	18754874	1018
21057029	35497190	1052
21057029	16347747	1087
21057029	14579063	1089
21057029	19588677	1105
21057029	15357084	1163
21057029	18129756	1173
21057029	15178444	1206
21057029	14581567	1406
21057029	22337104	1451
21057029	14723315	1454
21057029	15196980	1473
21057029	17950573	1499
21057029	13499757	1565
21057029	18282308	1893
21057029	7810038	2077
21057029	19309303	2096
21057029	18129738	2226
21057029	7787802	2968
21057029	2074496	3259
21057029	14018640	3331
21057029	7478255	3645
21057029	24529322	3722
21057029	18022059	3749
21057029	6590008	3915
21057029	18130267	467
21057029	18752428	468
21057029	18752426	432
21057029	14579088	950
21057029	16253108	287
21057029	14579536	1024
21057029	16211076	502
21057029	16253106	275
21057029	7770986	725
21057029	17915327	1179
21057029	17915328	1170
21057029	17916549	1141
21057029	13227229	1270
21057029	18678271	1736
21057029	15357081	3560
21057029	15357077	3536
21057029	35450538	2128
21057029	18295122	1251
21057029	22337356	1230
21057029	8442511	3603
21057015	15197179	17
21057015	21057029	19
21057015	12998942	81
21057015	19514897	83
21057015	19514888	119
21057015	21056991	134
21057015	16272469	184
21057015	13303993	229
21057015	14579493	232
21057015	14579494	249
21057015	18464147	305
21057015	19514975	311
21057015	41522043	326
21057015	17791429	329
21057015	19227136	342
21057015	7461171	345
21057015	19214639	354
21057015	17915296	367
21057015	18130744	377
21057015	21057006	380
21057015	6902930	382
21057015	6677293	383
21057015	1940049	389
21057015	18021634	389
21057015	7751408	393
21057015	18130746	396
21057015	16250137	403
21057015	19531567	403
21057015	18130742	416
21057015	19531571	419
21057015	18130598	423
21057015	18185281	440
21057015	13955186	462
21057015	6902933	477
21057015	20805410	522
21057015	9001725	539
21057015	14579476	557
21057015	13227225	562
21057015	7365144	562
21057015	14607762	577
21057015	7459221	599
21057015	7816860	606
21057015	18021636	782
21057015	16210652	811
21057015	19531582	815
21057015	15197186	820
21057015	13683935	840
21057015	12916234	863
21057015	18678374	866
21057015	19524316	883
21057015	21049304	905
21057015	9001819	932
21057015	30241004	951
21057015	21057002	958
21057015	18129771	981
21057015	18754874	999
21057015	33070192	1019
21057015	35497190	1071
21057015	19588677	1086
21057015	16347747	1106
21057015	14579063	1108
21057015	15357084	1182
21057015	15178444	1187
21057015	18129756	1192
21057015	14581567	1425
21057015	22337104	1432
21057015	14723315	1435
21057015	15196980	1492
21057015	17950573	1518
21057015	13499757	1584
21057015	7810038	2058
21057015	19309303	2115
21057015	7787802	2949
21057015	2074496	3240
21057015	14018640	3312
21057015	7478255	3664
21057015	24529322	3703
21057015	18022059	3768
21057015	6590008	3896
21057015	18130267	486
21057015	18752428	487
21057015	18752426	451
21057015	14579088	969
21057015	16253108	306
21057015	14579536	1043
21057015	16211076	521
21057015	16253106	294
21057015	7770986	744
21057015	17915327	1198
21057015	17915328	1189
21057015	17916549	1160
21057015	13227229	1289
21057015	18678271	1755
21057015	15357081	3579
21057015	15357077	3555
21057015	35450538	2147
21057015	18295122	1270
21057015	18129738	1857
21057015	22337356	1249
21057015	8442511	3622
19514888	21057029	187
19514888	15197179	189
19514888	21057015	206
19514888	21056991	230
19514888	12998942	287
19514888	19514897	289
19514888	14579493	328
19514888	14579494	345
19514888	16272469	390
19514888	41522043	422
19514888	17791429	425
19514888	19227136	438
19514888	7461171	441
19514888	19214639	450
19514888	21057006	476
19514888	6902930	478
19514888	6677293	479
19514888	7751408	489
19514888	16250137	499
19514888	18464147	511
19514888	19514975	517
19514888	6902933	573
19514888	18130744	583
19514888	18021634	595
19514888	18130746	602
19514888	17915296	603
19514888	19531567	609
19514888	18130742	622
19514888	19531571	625
19514888	1940049	625
19514888	18130598	629
19514888	18185281	646
19514888	14579476	653
19514888	7365144	658
19514888	13227225	658
19514888	13955186	668
19514888	14607762	673
19514888	7816860	702
19514888	20805410	728
19514888	9001725	745
19514888	7459221	805
19514888	18678374	962
19514888	18021636	988
19514888	16210652	1017
19514888	19531582	1021
19514888	15197186	1026
19514888	13683935	1046
19514888	30241004	1047
19514888	12916234	1069
19514888	18129771	1077
19514888	19524316	1089
19514888	21049304	1111
19514888	33070192	1115
19514888	9001819	1138
19514888	21057002	1164
19514888	35497190	1167
19514888	16347747	1202
19514888	14579063	1204
19514888	18754874	1205
19514888	15357084	1278
19514888	18129756	1288
19514888	19588677	1292
19514888	15178444	1393
19514888	14581567	1521
19514888	15196980	1588
19514888	17950573	1614
19514888	22337104	1638
19514888	14723315	1641
19514888	13499757	1680
19514888	19309303	2211
19514888	7810038	2264
19514888	7787802	3155
19514888	2074496	3446
19514888	14018640	3518
19514888	7478255	3760
19514888	18022059	3864
19514888	24529322	3909
19514888	6590008	4102
19514888	18130267	448
19514888	18752428	449
19514888	18752426	413
19514888	14579088	931
19514888	16253108	268
19514888	14579536	1005
19514888	18752420	473
19514888	19524327	631
19514888	16211076	483
19514888	49650310	190
19514888	7770986	706
19514888	9001727	356
19514888	5983027	742
19514888	17915327	1160
19514888	17915328	1151
19514888	5907297	683
19514888	17916549	1122
19514888	9001729	438
19514888	13227229	1251
19514888	13710445	434
19514888	33070460	1219
19514888	18678271	1717
19514888	15357081	3541
19514888	15357077	3517
19514888	35450538	2109
19514888	13303993	288
19514888	15175195	394
19514888	18295122	1232
19514888	18129738	1819
19514888	20049341	1371
19514888	22337356	1211
19514888	8442511	3584
21056991	14579493	98
21056991	14579494	115
21056991	41522043	192
21056991	17791429	195
21056991	19227136	208
21056991	7461171	211
21056991	19214639	220
21056991	16253106	233
21056991	21057006	246
21056991	6902930	248
21056991	6677293	249
21056991	7751408	259
21056991	16250137	269
21056991	7770986	302
21056991	18021634	334
21056991	6902933	343
21056991	18130742	361
21056991	17915296	373
21056991	1940049	395
21056991	49650310	398
21056991	14579476	423
21056991	7365144	428
21056991	13227225	428
21056991	14607762	443
21056991	7816860	472
21056991	13303993	529
21056991	19514888	589
21056991	13955186	598
21056991	21057029	608
21056991	15197179	610
21056991	21057015	627
21056991	15175195	638
21056991	12998942	717
21056991	18678374	732
21056991	16210652	756
21056991	9001729	800
21056991	30241004	817
21056991	18129771	847
21056991	13227229	850
21056991	18295122	865
21056991	33070192	885
21056991	15197186	901
21056991	21057002	903
21056991	18754874	911
21056991	35497190	937
21056991	16347747	972
21056991	14579063	974
21056991	15789905	979
21056991	21049304	986
21056991	12916234	999
21056991	15357084	1048
21056991	18129756	1058
21056991	9001819	1068
21056991	22337356	1125
21056991	15178444	1132
21056991	19588677	1222
21056991	8515734	1238
21056991	6834659	1293
21056991	15196980	1358
21056991	14723315	1380
21056991	17950573	1384
21056991	13499757	1450
21056991	22337104	1568
21056991	18282308	1778
21056991	13683935	1951
21056991	19309303	1981
21056991	7810038	2003
21056991	14581567	2109
21056991	18129738	2111
21056991	7787802	3085
21056991	2074496	3185
21056991	14018640	3448
21056991	7478255	3530
21056991	18022059	3634
21056991	24529322	3839
21056991	6590008	4032
21056991	19514897	585
21056991	18130267	510
21056991	18752428	511
21056991	18752426	475
21056991	18130598	537
21056991	14579088	993
21056991	18464147	281
21056991	19514975	434
21056991	16253108	330
21056991	18021636	343
21056991	18130744	749
21056991	18130746	729
21056991	19531567	630
21056991	19531571	613
21056991	18185281	592
21056991	19531582	599
21056991	14579536	1067
21056991	18752420	703
21056991	16272469	294
21056991	16211076	545
21056991	15197181	290
21056991	9001727	586
21056991	5983027	972
21056991	17915327	571
21056991	17915328	562
21056991	5907297	913
21056991	17916549	533
21056991	13710445	664
21056991	7459221	730
21056991	33070460	1449
21056991	18678271	1128
21056991	35450538	1094
21056991	19579973	1812
21056991	20049451	1743
21056991	20049341	1715
21056991	8442511	3646
12998942	21057015	81
12998942	15197179	98
12998942	21057029	100
12998942	19514897	104
12998942	19514888	140
12998942	13303993	148
12998942	16272469	205
12998942	21056991	215
12998942	6677293	310
12998942	14579493	313
12998942	21057006	313
12998942	18464147	326
12998942	14579494	330
12998942	17915296	332
12998942	19514975	332
12998942	18130744	398
12998942	41522043	407
12998942	17791429	410
12998942	18021634	410
12998942	1940049	412
12998942	18130746	417
12998942	19227136	423
12998942	19531567	424
12998942	7461171	426
12998942	19214639	435
12998942	18130742	437
12998942	19531571	440
12998942	20805410	441
12998942	18130598	444
12998942	9001725	458
12998942	18185281	461
12998942	6902930	463
12998942	8472009	469
12998942	7751408	474
12998942	13955186	483
12998942	16250137	484
12998942	15175195	523
12998942	6902933	558
12998942	7459221	620
12998942	14579476	638
12998942	13227225	643
12998942	7365144	643
12998942	14607762	658
12998942	7816860	687
12998942	18295122	703
12998942	15197186	739
12998942	13683935	759
12998942	19524316	802
12998942	18021636	803
12998942	21049304	824
12998942	16210652	832
12998942	19531582	836
12998942	12916234	884
12998942	18754874	918
12998942	8515734	937
12998942	18678374	947
12998942	9001819	953
12998942	21057002	979
12998942	6834659	992
12998942	30241004	1032
12998942	18129771	1062
12998942	33070192	1100
12998942	19588677	1107
12998942	35497190	1152
12998942	16347747	1187
12998942	14579063	1189
12998942	22337356	1201
12998942	15178444	1208
12998942	15357084	1263
12998942	18129756	1273
12998942	22337104	1453
12998942	14723315	1456
12998942	15196980	1573
12998942	17950573	1599
12998942	13499757	1665
12998942	7810038	2079
12998942	14581567	2185
12998942	19309303	2196
12998942	7787802	2970
12998942	2074496	3261
12998942	14018640	3333
12998942	24529322	3724
12998942	7478255	3745
12998942	18022059	3849
12998942	6590008	3917
12998942	18130267	576
12998942	18752428	577
12998942	18752426	541
12998942	14579088	1059
12998942	16253108	396
12998942	14579536	1133
12998942	18752420	601
12998942	19524327	575
12998942	16211076	611
12998942	16253106	375
12998942	49650310	318
12998942	7770986	834
12998942	15197181	485
12998942	9001727	484
12998942	5983027	870
12998942	17915327	1288
12998942	17915328	1279
12998942	5907297	811
12998942	17916549	1250
12998942	9001729	566
12998942	7461174	299
12998942	13227229	1379
12998942	13710445	562
12998942	33070460	1347
12998942	18678271	1845
12998942	15357081	3669
12998942	15357077	3645
12998942	35450538	2237
12998942	18129738	1947
12998942	20049341	1499
12998942	8442511	3712
18130742	18021636	366
18130742	18021634	392
18130742	16210652	395
18130742	49650310	456
18130742	13227229	466
18130742	16253106	519
18130742	7770986	588
18130742	19514888	647
18130742	13955186	656
18130742	21057029	666
18130742	15197179	668
18130742	21057015	685
18130742	15175195	696
18130742	21056991	709
18130742	12998942	775
18130742	7459221	793
18130742	14579493	807
18130742	9001729	858
18130742	17791429	904
18130742	7461171	920
18130742	13303993	923
18130742	21057006	955
18130742	6902930	957
18130742	6677293	958
18130742	7751408	968
18130742	18754874	969
18130742	15789905	1037
18130742	6902933	1052
18130742	22337356	1056
18130742	12916234	1057
18130742	15178444	1075
18130742	9001819	1126
18130742	14579476	1132
18130742	7365144	1137
18130742	14607762	1152
18130742	21057002	1189
18130742	19588677	1280
18130742	8515734	1296
18130742	14723315	1332
18130742	6834659	1351
18130742	18678374	1441
18130742	30241004	1526
18130742	13683935	1534
18130742	18129771	1556
18130742	33070192	1599
18130742	22337104	1626
18130742	35497190	1646
18130742	16347747	1681
18130742	14579063	1683
18130742	7810038	1745
18130742	15357084	1757
18130742	18129756	1767
18130742	14581567	1876
18130742	15196980	2067
18130742	17950573	2093
18130742	13499757	2159
18130742	18282308	2487
18130742	2074496	2623
18130742	19309303	2690
18130742	18678271	2706
18130742	18129738	2820
18130742	7787802	3143
18130742	15357081	3178
18130742	14018640	3506
18130742	24529322	3897
18130742	6590008	4090
18130742	7478255	4469
18130742	18022059	4573
18130742	19514897	526
18130742	16250137	449
18130742	18130267	220
18130742	18752428	221
18130742	18752426	185
18130742	18130598	247
18130742	14579088	663
18130742	18464147	219
18130742	41522043	553
18130742	14579494	781
18130742	19514975	375
18130742	16253108	268
18130742	18130744	40
18130742	19227136	569
18130742	19214639	581
18130742	18130746	20
18130742	19531567	571
18130742	19531571	554
18130742	18185281	533
18130742	21049304	1133
18130742	19531582	542
18130742	14579536	737
18130742	13227225	658
18130742	7816860	1196
18130742	18752420	644
18130742	19524327	802
18130742	19524316	821
18130742	16272469	232
18130742	16211076	255
18130742	15197181	651
18130742	9001727	527
18130742	5983027	913
18130742	17915327	932
18130742	17915328	923
18130742	5907297	854
18130742	17916549	894
18130742	15197186	1040
18130742	9001725	574
18130742	13710445	605
18130742	9001623	937
18130742	33070460	1390
18130742	15357077	3249
18130742	35450538	1841
18130742	18295122	1004
18130742	19579973	1750
18130742	20049451	1681
18130742	20049341	1653
18130742	8442511	3316
13303993	12998942	148
13303993	21057015	229
13303993	15197179	246
13303993	21057029	248
13303993	19514897	252
13303993	1940049	264
13303993	17915296	286
13303993	19514888	288
13303993	20805410	293
13303993	9001725	310
13303993	8472009	321
13303993	16272469	353
13303993	21056991	363
13303993	6677293	458
13303993	14579493	461
13303993	21057006	461
13303993	18464147	474
13303993	14579494	478
13303993	19514975	480
13303993	18130744	546
13303993	41522043	555
13303993	18295122	555
13303993	17791429	558
13303993	18021634	558
13303993	18130746	565
13303993	19227136	571
13303993	19531567	572
13303993	7461171	574
13303993	19214639	583
13303993	18130742	585
13303993	19531571	588
13303993	15197186	591
13303993	18130598	592
13303993	18185281	609
13303993	13683935	611
13303993	6902930	611
13303993	7751408	622
13303993	13955186	631
13303993	16250137	632
13303993	19524316	654
13303993	21049304	676
13303993	6902933	706
13303993	7459221	768
13303993	18754874	770
13303993	14579476	786
13303993	8515734	789
13303993	13227225	791
13303993	7365144	791
13303993	14607762	806
13303993	7816860	835
13303993	6834659	844
13303993	18021636	951
13303993	16210652	980
13303993	19531582	984
13303993	12916234	1032
13303993	18678374	1095
13303993	9001819	1101
13303993	21057002	1127
13303993	30241004	1180
13303993	33070192	1248
13303993	19588677	1255
13303993	35497190	1300
13303993	14579063	1337
13303993	15178444	1356
13303993	15357084	1411
13303993	22337104	1601
13303993	14723315	1604
13303993	17950573	1747
13303993	13499757	1810
13303993	7810038	2227
13303993	14581567	2333
13303993	7787802	3118
13303993	2074496	3409
13303993	14018640	3481
13303993	24529322	3872
13303993	7478255	3893
13303993	18022059	3997
13303993	6590008	4065
13303993	19524327	475
13303993	15197181	337
13303993	17915327	896
13303993	17915328	887
13303993	17916549	858
13303993	7461174	151
13303993	18678271	1453
13303993	35450538	1419
13303993	18129738	1555
15175195	19524316	157
15175195	9001729	162
15175195	9001727	243
15175195	18754874	273
15175195	9001725	310
15175195	19531582	313
15175195	16272469	333
15175195	15789905	341
15175195	18464147	348
15175195	19514975	354
15175195	12916234	361
15175195	19514888	394
15175195	16253106	439
15175195	19514897	446
15175195	19531567	446
15175195	19531571	462
15175195	18185281	483
15175195	13955186	505
15175195	7770986	508
15175195	15197179	518
15175195	12998942	522
15175195	18130744	528
15175195	18021634	540
15175195	18130746	547
15175195	17915296	555
15175195	20805410	562
15175195	18130742	567
15175195	19588677	584
15175195	8472009	590
15175195	8515734	600
15175195	49650310	623
15175195	21056991	624
15175195	7459221	642
15175195	9001819	649
15175195	6834659	655
15175195	8472010	718
15175195	14579494	739
15175195	6677293	786
15175195	21057006	789
15175195	41522043	816
15175195	18295122	824
15175195	19227136	832
15175195	19214639	844
15175195	6902930	872
15175195	16250137	893
15175195	22337104	930
15175195	21049304	945
15175195	16210652	962
15175195	6902933	967
15175195	14579476	1047
15175195	13227225	1052
15175195	13227229	1056
15175195	7816860	1096
15175195	21057002	1109
15175195	13683935	1218
15175195	22337356	1331
15175195	15178444	1338
15175195	18678374	1356
15175195	30241004	1441
15175195	33070192	1509
15175195	35497190	1561
15175195	14723315	1586
15175195	14579063	1598
15175195	15357084	1672
15175195	17950573	2008
15175195	13499757	2257
15175195	14581567	2315
15175195	7787802	2447
15175195	7810038	2566
15175195	14018640	2810
15175195	24529322	3201
15175195	6590008	3394
15175195	2074496	3748
15175195	7478255	4908
15175195	18022059	5012
15175195	18130267	497
15175195	18752428	498
15175195	18752426	462
15175195	18130598	524
15175195	14579088	980
15175195	16253108	317
15175195	18021636	330
15175195	14579536	1054
15175195	18752420	522
15175195	19524327	626
15175195	16211076	532
15175195	14579493	1115
15175195	7461171	1116
15175195	7751408	1163
15175195	5983027	791
15175195	17915327	1209
15175195	17915328	1200
15175195	5907297	732
15175195	17916549	1171
15175195	15197186	1317
15175195	13710445	483
15175195	7365144	1066
15175195	9001623	370
15175195	33070460	1268
15175195	18678271	1766
15175195	15357081	3590
15175195	15357077	3566
15175195	35450538	2158
15175195	18129738	1868
15175195	18129771	1509
15175195	9010922	728
15175195	20049341	1420
15175195	16347747	1597
15175195	8442511	3633
18295122	15197186	88
18295122	21049304	173
18295122	7365144	325
18295122	19227136	483
18295122	19214639	495
18295122	6902930	523
18295122	14579493	601
18295122	6902933	618
18295122	14579494	618
18295122	41522043	631
18295122	17791429	634
18295122	21056991	643
18295122	7461171	650
18295122	21057006	685
18295122	6677293	688
18295122	7751408	698
18295122	14579476	698
18295122	16250137	708
18295122	14607762	718
18295122	7816860	747
18295122	17915296	812
18295122	1940049	834
18295122	16347747	869
18295122	16253106	876
18295122	13227225	931
18295122	7770986	945
18295122	13303993	968
18295122	18021634	977
18295122	18130742	1004
18295122	18678374	1007
18295122	49650310	1041
18295122	30241004	1092
18295122	9001725	1119
18295122	19514888	1232
18295122	13955186	1241
18295122	21057029	1251
18295122	15197179	1253
18295122	15196980	1255
18295122	21057015	1270
18295122	17950573	1281
18295122	15175195	1281
18295122	15357084	1323
18295122	33070192	1324
18295122	13499757	1347
18295122	12998942	1360
18295122	16210652	1399
18295122	9001729	1443
18295122	13227229	1493
18295122	21057002	1546
18295122	18754874	1554
18295122	12916234	1642
18295122	9001819	1711
18295122	22337356	1768
18295122	15178444	1775
18295122	8472010	1801
18295122	13683935	1848
18295122	19588677	1865
18295122	19309303	1878
18295122	14723315	2023
18295122	8515734	2026
18295122	6834659	2081
18295122	33070146	2094
18295122	15394142	2098
18295122	35497190	2181
18295122	22337104	2211
18295122	14579063	2373
18295122	7810038	2646
18295122	14581567	2752
18295122	7787802	3728
18295122	2074496	3828
18295122	14018640	4091
18295122	7478255	4097
18295122	24529322	4482
18295122	18022059	4489
18295122	6590008	4675
18295122	19514897	986
18295122	19531582	799
18295122	14579536	1424
18295122	20805410	525
18295122	19524327	826
18295122	19524316	845
18295122	15197181	673
18295122	17915327	960
18295122	17915328	951
18295122	17916549	922
18295122	7461174	550
18295122	18129738	1311
18295122	18129771	790
18295122	8472009	720
18295122	20049317	2230
18295122	9001963	2489
18295122	18282308	1036
18295122	8567404	2189
21057002	22337356	272
21057002	15178444	279
21057002	14723315	527
21057002	33070192	608
21057002	14579536	681
21057002	18678374	705
21057002	14579088	743
21057002	14579476	765
21057002	13227225	806
21057002	30241004	855
21057002	13227229	1016
21057002	14607762	1018
21057002	18021636	1024
21057002	18130742	1037
21057002	7816860	1047
21057002	18021634	1050
21057002	16210652	1053
21057002	15357084	1063
21057002	49650310	1114
21057002	16253106	1177
21057002	7770986	1246
21057002	14581567	1256
21057002	19514888	1305
21057002	13955186	1314
21057002	21057029	1324
21057002	15197179	1326
21057002	21057015	1343
21057002	15175195	1354
21057002	21056991	1367
21057002	12998942	1433
21057002	7459221	1451
21057002	7810038	1463
21057002	14579493	1465
21057002	9001729	1516
21057002	17791429	1562
21057002	7461171	1578
21057002	13303993	1581
21057002	21057006	1613
21057002	6902930	1615
21057002	6677293	1616
21057002	7751408	1626
21057002	18754874	1627
21057002	15789905	1695
21057002	6902933	1710
21057002	12916234	1715
21057002	9001819	1784
21057002	7365144	1795
21057002	19588677	1938
21057002	8515734	1954
21057002	6834659	2009
21057002	18678271	2086
21057002	13683935	2192
21057002	22337104	2284
21057002	16347747	2339
21057002	2074496	2341
21057002	15357081	2558
21057002	15394142	2723
21057002	15196980	2725
21057002	33070146	2727
21057002	33070460	2774
21057002	13499757	2817
21057002	35495295	2829
21057002	18129738	2847
21057002	19309303	2942
21057002	18129756	3016
21057002	18282308	3145
21057002	7478255	3849
21057002	18022059	3953
21057002	7787802	4698
21057002	14018640	4759
21057002	24529322	5137
21057002	6590008	5330
21057002	19514897	1068
21057002	16250137	991
21057002	18130267	762
21057002	18752428	763
21057002	18752426	727
21057002	18130598	789
21057002	18464147	761
21057002	41522043	1095
21057002	14579494	1591
21057002	19514975	917
21057002	16253108	810
21057002	18130744	1229
21057002	19227136	1111
21057002	19214639	1123
21057002	18130746	1209
21057002	19531567	1113
21057002	19531571	1096
21057002	18185281	1075
21057002	21049304	1675
21057002	19531582	1084
21057002	18752420	1186
21057002	19524327	1344
21057002	19524316	1363
21057002	16272469	774
21057002	16211076	797
21057002	15197181	1193
21057002	9001727	1069
21057002	5983027	1455
21057002	17915327	1474
21057002	17915328	1465
21057002	5907297	1396
21057002	17916549	1436
21057002	15197186	1582
21057002	9001725	1116
21057002	13710445	1147
21057002	35497190	1959
21057002	9001623	1479
21057002	14579063	1647
21057002	17950573	2114
21057002	35450538	1997
21057002	18295122	1546
21057002	18129771	1774
21057002	19579973	2292
21057002	20049451	2223
21057002	20049341	2195
21057002	8442511	4126
18129756	18129771	69
18129756	14579063	196
18129756	7365144	616
18129756	19227136	780
18129756	19214639	792
18129756	6902930	820
18129756	15197186	895
18129756	14579493	898
18129756	6902933	915
18129756	14579494	915
18129756	41522043	928
18129756	17791429	931
18129756	21056991	940
18129756	7461171	947
18129756	21049304	980
18129756	6677293	985
18129756	7751408	995
18129756	14579476	995
18129756	16250137	1005
18129756	14607762	1015
18129756	7816860	1044
18129756	17915296	1109
18129756	1940049	1131
18129756	16253106	1173
18129756	20805410	1182
18129756	13227225	1228
18129756	7770986	1242
18129756	9001725	1248
18129756	18130742	1301
18129756	18678374	1304
18129756	49650310	1338
18129756	21057029	1548
18129756	15197179	1550
18129756	8515734	1635
18129756	6834659	1690
18129756	9001729	1740
18129756	13227229	1790
18129756	21057002	1843
18129756	19524316	2033
18129756	15178444	2072
18129756	18754874	2149
18129756	19588677	2288
18129756	9001819	2585
18129756	7478255	3706
18129756	7787802	3836
18129756	7810038	3955
18129756	18022059	4098
18129756	14581567	4194
18129756	14018640	4199
18129756	24529322	4590
18129756	6590008	4783
18129756	2074496	5137
18129756	18130267	1568
18129756	18752428	1569
18129756	18752426	1533
18129756	18130598	1595
18129756	14579088	2051
18129756	18464147	1339
18129756	16253108	1388
18129756	18021636	1401
18129756	18130744	1807
18129756	18130746	1787
18129756	14579536	1199
18129756	16272469	1352
18129756	16211076	1603
18129756	15197181	1144
18129756	21057006	1100
18129756	18021634	1861
18129756	13955186	1445
18129756	16210652	1776
18129756	7459221	1788
18129756	35497190	617
18129756	30241004	510
18129756	35495295	502
18129756	35495294	372
18129756	33070146	289
18129756	15394142	293
18129756	33070460	4980
18129756	15357084	937
18129756	33070192	1075
18129756	18678271	905
18129756	15357081	1010
18129756	15357077	986
18129756	35450538	1147
18129756	21057015	1192
18129756	19514888	1288
18129756	12998942	1273
18129756	18129738	791
18129756	19309303	298
18129756	16347747	795
18129756	22337356	2744
18129756	8442511	4345
18129738	35497190	173
18129738	18129756	791
18129738	18678374	838
18129738	19309303	841
18129738	7365144	906
18129738	14579476	1021
18129738	19227136	1070
18129738	19214639	1082
18129738	6902930	1110
18129738	6902933	1174
18129738	14579493	1188
18129738	14579494	1205
18129738	14581567	1207
18129738	41522043	1218
18129738	17791429	1221
18129738	21056991	1230
18129738	7751408	1231
18129738	7461171	1237
18129738	14579536	1243
18129738	14607762	1274
18129738	6677293	1275
18129738	16250137	1295
18129738	7816860	1303
18129738	18295122	1311
18129738	15197186	1347
18129738	17915296	1399
18129738	1940049	1421
18129738	21049304	1432
18129738	16253106	1463
18129738	13227225	1518
18129738	7770986	1532
18129738	13303993	1555
18129738	18130742	1591
18129738	49650310	1628
18129738	19514888	1819
18129738	21057029	1838
18129738	15197179	1840
18129738	21057015	1857
18129738	15175195	1868
18129738	12998942	1947
18129738	9001729	2030
18129738	9001725	2039
18129738	13227229	2080
18129738	21057002	2133
18129738	9001819	2298
18129738	19524316	2824
18129738	7478255	3118
18129738	18022059	3222
18129738	22337356	3820
18129738	7810038	4541
18129738	7787802	4627
18129738	2074496	4710
18129738	14018640	4990
18129738	24529322	5381
18129738	6590008	5574
18129738	15178444	1136
18129738	30241004	341
18129738	35495295	333
18129738	35495294	203
18129738	33070146	120
18129738	15394142	124
18129738	33070460	4811
18129738	15357084	768
18129738	33070192	906
18129738	18678271	736
18129738	15357081	841
18129738	15357077	817
18129738	35450538	978
18129738	6834659	2945
18129738	8515734	2958
18129738	16347747	626
18129738	8442511	4176
18129771	14579063	127
18129771	16347747	409
18129771	7365144	547
18129771	19227136	711
18129771	19214639	723
18129771	6902930	751
18129771	18295122	790
18129771	15196980	795
18129771	15197186	826
18129771	14579493	829
18129771	6902933	846
18129771	14579494	846
18129771	41522043	859
18129771	17791429	862
18129771	21056991	871
18129771	7461171	878
18129771	21049304	911
18129771	6677293	916
18129771	7751408	926
18129771	14579476	926
18129771	16250137	936
18129771	14607762	946
18129771	7816860	975
18129771	17915296	1040
18129771	1940049	1062
18129771	16253106	1104
18129771	20805410	1113
18129771	13227225	1159
18129771	7770986	1173
18129771	9001725	1179
18129771	18130742	1232
18129771	18678374	1235
18129771	49650310	1269
18129771	8472010	1341
18129771	19309303	1418
18129771	19514888	1460
18129771	21057029	1479
18129771	15197179	1481
18129771	21057015	1498
18129771	15175195	1509
18129771	8515734	1566
18129771	6834659	1621
18129771	9001729	1671
18129771	13227229	1721
18129771	21057002	1774
18129771	9010922	1923
18129771	19524316	1964
18129771	22337356	1996
18129771	15178444	2003
18129771	18754874	2080
18129771	19579973	2137
18129771	19588677	2219
18129771	9001819	2516
18129771	7478255	3637
18129771	7787802	3767
18129771	7810038	3886
18129771	18022059	4029
18129771	14581567	4125
18129771	14018640	4130
18129771	24529322	4521
18129771	6590008	4714
18129771	2074496	5068
18129771	18130267	1357
18129771	18752428	1358
18129771	18752426	1322
18129771	18130598	1384
18129771	14579088	1840
18129771	18464147	1128
18129771	16253108	1177
18129771	18021636	1190
18129771	18130744	1596
18129771	18130746	1576
18129771	14579536	971
18129771	16272469	1141
18129771	16211076	1392
18129771	15197181	933
18129771	21057006	889
18129771	18021634	1650
18129771	13955186	1234
18129771	16210652	1565
18129771	7459221	1577
18129771	12998942	1062
18129771	18129756	69
8472009	8472010	100
8472009	13683935	290
8472009	13303993	321
8472009	9001725	345
8472009	1940049	429
8472009	17915296	451
8472009	20805410	458
8472009	8515734	468
8472009	12998942	469
8472009	19524316	523
8472009	6834659	523
8472009	15197179	567
8472009	19514897	573
8472009	6677293	574
8472009	21057006	577
8472009	15175195	588
8472009	15197181	631
8472009	18754874	639
8472009	15789905	663
8472009	16272469	674
8472009	12916234	683
8472009	9001729	718
8472009	18295122	720
8472009	15197186	756
8472009	14579493	782
8472009	18464147	795
8472009	9001727	799
8472009	14579494	799
8472009	19514975	801
8472009	9010922	825
8472009	21049304	841
8472009	18130744	867
8472009	19531582	869
8472009	41522043	876
8472009	17791429	879
8472009	18021634	879
8472009	18130746	886
8472009	19227136	892
8472009	19531567	893
8472009	7461171	895
8472009	19214639	904
8472009	19531571	909
8472009	18130598	913
8472009	18185281	930
8472009	6902930	932
8472009	7751408	943
8472009	13955186	952
8472009	16250137	953
8472009	9001819	971
8472009	6902933	1027
8472009	19579973	1039
8472009	7459221	1089
8472009	14579476	1107
8472009	13227225	1112
8472009	7365144	1112
8472009	19588677	1121
8472009	14607762	1127
8472009	22337104	1152
8472009	7816860	1156
8472009	18021636	1272
8472009	16210652	1301
8472009	18678374	1416
8472009	13499757	1489
8472009	30241004	1501
8472009	33070192	1569
8472009	14579063	1658
8472009	15178444	1677
8472009	15357084	1732
8472009	14723315	1925
8472009	17950573	1982
8472009	14581567	2654
8472009	7787802	2669
8472009	7810038	2788
8472009	33070146	2795
8472009	15394142	2799
8472009	35497190	2882
8472009	14018640	3032
8472009	24529322	3423
8472009	6590008	3616
8472009	2074496	3970
8472009	7478255	4321
8472009	18022059	4713
8472009	19524327	470
8472009	7461174	316
8472009	9001623	794
8472009	15196980	347
15789905	20049317	28
15789905	19588677	558
15789905	22337104	589
15789905	9001819	855
15789905	12916234	869
15789905	13683935	877
15789905	19524316	925
15789905	9001729	947
15789905	5983027	960
15789905	8515734	992
15789905	5907297	1018
15789905	9001727	1028
15789905	18754874	1041
15789905	6834659	1047
15789905	19531582	1098
15789905	9001725	1173
15789905	18752420	1471
15789905	13710445	1510
15789905	1940049	1726
15789905	17915296	1748
15789905	20805410	1755
15789905	13499757	1916
15789905	16253108	1958
15789905	49650310	2035
15789905	16253106	2098
15789905	7787802	2106
15789905	7770986	2167
15789905	7810038	2225
15789905	15197186	2294
15789905	18021636	2327
15789905	21049304	2379
15789905	14579493	2386
15789905	17950573	2409
15789905	14018640	2469
15789905	17791429	2483
15789905	7461171	2499
15789905	6902930	2536
15789905	7751408	2547
15789905	6902933	2631
15789905	7365144	2716
15789905	14607762	2731
15789905	24529322	2860
15789905	18678374	3020
15789905	6590008	3053
15789905	33070146	3222
15789905	15394142	3226
15789905	35497190	3309
15789905	2074496	3407
15789905	14579063	3501
15789905	15178444	3595
15789905	13227229	3619
15789905	14581567	3887
15789905	7478255	4748
15789905	18022059	5140
15789905	19524327	701
15789905	9001623	229
15789905	21056991	979
15789905	18130742	1037
15789905	15175195	341
15789905	21057002	1695
15789905	8472009	663
15789905	9010922	587
15789905	19579973	762
9010922	9001963	181
9010922	19579973	214
9010922	20049451	283
9010922	19588677	296
9010922	22337104	327
9010922	15789905	587
9010922	9001819	593
9010922	12916234	607
9010922	19524316	663
9010922	9001729	685
9010922	5983027	698
9010922	15175195	728
9010922	5907297	756
9010922	9001727	766
9010922	18754874	779
9010922	19531582	836
9010922	9001725	911
9010922	8472010	964
9010922	8472009	1152
9010922	18752420	1209
9010922	13710445	1248
9010922	17915296	1283
9010922	13683935	1290
9010922	20805410	1290
9010922	8515734	1405
9010922	6834659	1460
9010922	21049304	1673
9010922	16253108	1696
9010922	49650310	1773
9010922	16253106	1836
9010922	7787802	1844
9010922	7770986	1905
9010922	7810038	1963
9010922	18021636	2065
9010922	14579493	2124
9010922	14018640	2207
9010922	17791429	2221
9010922	7461171	2237
9010922	6902930	2274
9010922	7751408	2285
9010922	13499757	2329
9010922	6902933	2369
9010922	7365144	2454
9010922	14607762	2469
9010922	24529322	2598
9010922	18678374	2758
9010922	6590008	2791
9010922	17950573	2822
9010922	2074496	3145
9010922	15178444	3333
9010922	13227229	3357
9010922	14581567	3625
9010922	33070146	3635
9010922	15394142	3639
9010922	35497190	3722
9010922	14579063	3914
9010922	7478255	6218
9010922	18022059	6322
9010922	7816860	2267
9010922	18129771	1923
9010922	20049317	234
9010922	20049341	868
9010922	18282308	1330
9010922	16347747	1879
9010922	8567404	318
20049317	9010922	234
20049317	19579973	448
20049317	19588677	530
20049317	22337104	561
20049317	9001819	827
20049317	12916234	841
20049317	13683935	849
20049317	19524316	897
20049317	9001729	919
20049317	5983027	932
20049317	8515734	964
20049317	5907297	990
20049317	9001727	1000
20049317	18754874	1013
20049317	6834659	1019
20049317	19531582	1070
20049317	9001725	1145
20049317	8472010	1169
20049317	18752420	1443
20049317	13710445	1482
20049317	1940049	1698
20049317	17915296	1720
20049317	20805410	1727
20049317	15196980	1796
20049317	13499757	1888
20049317	16253108	1930
20049317	16347747	1969
20049317	49650310	2007
20049317	16253106	2070
20049317	7787802	2078
20049317	7770986	2139
20049317	7810038	2197
20049317	18295122	2230
20049317	15197186	2266
20049317	18021636	2299
20049317	21049304	2351
20049317	14579493	2358
20049317	17950573	2381
20049317	14018640	2441
20049317	17791429	2455
20049317	7461171	2471
20049317	6902930	2508
20049317	7751408	2519
20049317	6902933	2603
20049317	7365144	2688
20049317	14607762	2703
20049317	24529322	2832
20049317	19309303	2978
20049317	18678374	2992
20049317	6590008	3025
20049317	33070146	3194
20049317	15394142	3198
20049317	35497190	3281
20049317	2074496	3379
20049317	14579063	3473
20049317	15178444	3567
20049317	13227229	3591
20049317	14581567	3859
20049317	7478255	4720
20049317	18022059	5112
20049317	15789905	28
19309303	18129738	129
19309303	33070146	215
19309303	15394142	219
19309303	18129756	298
19309303	35497190	302
19309303	14579063	494
19309303	17950573	697
19309303	7365144	914
19309303	18678374	970
19309303	19227136	1078
19309303	19214639	1090
19309303	6902930	1118
19309303	15197186	1193
19309303	14579493	1196
19309303	6902933	1213
19309303	14579494	1213
19309303	41522043	1226
19309303	17791429	1229
19309303	7461171	1245
19309303	21049304	1278
19309303	6677293	1283
19309303	14579476	1293
19309303	7751408	1293
19309303	16250137	1303
19309303	14607762	1313
19309303	7816860	1342
19309303	17915296	1407
19309303	1940049	1429
19309303	16253106	1471
19309303	20805410	1480
19309303	13227225	1526
19309303	7770986	1540
19309303	9001725	1546
19309303	49650310	1636
19309303	15197179	1848
19309303	9001729	2038
19309303	13227229	2088
19309303	19524316	2331
19309303	18754874	2447
19309303	19588677	2586
19309303	14581567	2706
19309303	7478255	2753
19309303	18022059	2857
19309303	9001819	2883
19309303	15178444	3106
19309303	22337356	3455
19309303	7787802	4134
19309303	7810038	4176
19309303	2074496	4345
19309303	14018640	4497
19309303	24529322	4888
19309303	6590008	5081
19309303	18130267	2491
19309303	18752428	2492
19309303	18752426	2456
19309303	18130598	2518
19309303	14579088	2974
19309303	18464147	2262
19309303	16253108	2311
19309303	18021636	2324
19309303	18130744	2730
19309303	18130746	2710
19309303	14579536	1125
19309303	16272469	2275
19309303	16211076	2526
19309303	15197181	2067
19309303	17915327	1806
19309303	17915328	1797
19309303	17916549	1768
19309303	21057006	2023
19309303	18021634	2784
19309303	13955186	2368
19309303	7459221	2711
19309303	30241004	436
19309303	35495295	428
19309303	35495294	298
19309303	33070460	4906
19309303	22337104	3471
19309303	15357084	863
19309303	33070192	1001
19309303	18678271	831
19309303	15357081	936
19309303	15357077	912
19309303	35450538	1073
19309303	13683935	2531
19309303	21057029	2096
19309303	21057015	2115
19309303	19514888	2211
19309303	21056991	1981
19309303	12998942	2196
19309303	18130742	2690
19309303	18295122	1878
19309303	21057002	2942
19309303	18129771	1418
19309303	20049317	2978
19309303	9001963	3237
19309303	6834659	2815
19309303	8515734	2828
19309303	20049341	3487
19309303	8472010	2479
19309303	18282308	1784
19309303	16347747	1112
19309303	8567404	2937
19309303	8442511	4271
15196980	13499757	92
15196980	8472009	347
15196980	18282308	420
15196980	9001725	692
15196980	1940049	776
15196980	17915296	798
15196980	20805410	805
15196980	19524316	870
15196980	15197179	914
15196980	19514897	920
15196980	6677293	921
15196980	21057006	924
15196980	15197181	978
15196980	18754874	986
15196980	16272469	1021
15196980	12916234	1030
15196980	9001729	1065
15196980	15197186	1103
15196980	14579493	1129
15196980	18464147	1142
15196980	9001727	1146
15196980	14579494	1146
15196980	19514975	1148
15196980	21049304	1188
15196980	18130744	1214
15196980	13683935	1215
15196980	19531582	1216
15196980	41522043	1223
15196980	18021634	1226
15196980	17791429	1226
15196980	18130746	1233
15196980	19227136	1239
15196980	19531567	1240
15196980	7461171	1242
15196980	19214639	1251
15196980	19531571	1256
15196980	18130598	1260
15196980	18185281	1277
15196980	6902930	1279
15196980	7751408	1290
15196980	13955186	1299
15196980	16250137	1300
15196980	19588677	1306
15196980	9001819	1318
15196980	6902933	1374
15196980	8515734	1393
15196980	7459221	1436
15196980	6834659	1448
15196980	14579476	1454
15196980	13227225	1459
15196980	7365144	1459
15196980	14607762	1474
15196980	7816860	1503
15196980	17950573	1607
15196980	18021636	1619
15196980	16210652	1648
15196980	18678374	1763
15196980	30241004	1848
15196980	33070192	1916
15196980	15178444	2024
15196980	15357084	2079
15196980	22337104	2269
15196980	14723315	2272
15196980	33070146	2420
15196980	15394142	2424
15196980	35497190	2507
15196980	14579063	2699
15196980	7810038	2895
15196980	14581567	3001
15196980	7787802	3786
15196980	2074496	4077
15196980	7478255	4094
15196980	14018640	4149
15196980	18022059	4486
15196980	24529322	4540
15196980	6590008	4733
15196980	18130267	1868
15196980	18752428	1869
15196980	18752426	1833
15196980	14579088	2351
15196980	16253108	1688
15196980	14579536	1647
15196980	16211076	1903
15196980	16253106	1676
15196980	7770986	2126
15196980	17915327	1183
15196980	17915328	1174
15196980	17916549	1145
15196980	13227229	1741
15196980	33070460	2943
15196980	21057029	1473
15196980	21057015	1492
15196980	19514888	1588
15196980	21056991	1358
15196980	12998942	1573
15196980	18130742	2067
15196980	18295122	1255
15196980	21057002	2725
15196980	18129771	795
15196980	20049317	1796
15196980	9001963	2055
15196980	20049341	2305
15196980	8472010	1297
15196980	16347747	751
15196980	8567404	1755
9001963	20049451	313
9001963	22337104	357
9001963	19579973	419
9001963	9010922	443
9001963	8567404	466
9001963	19588677	556
9001963	12916234	1050
9001963	19524316	1106
9001963	13683935	1108
9001963	9001729	1128
9001963	9001727	1209
9001963	18754874	1222
9001963	8515734	1223
9001963	18752420	1239
9001963	13710445	1278
9001963	6834659	1278
9001963	19531582	1279
9001963	9001819	1380
9001963	8472010	1428
9001963	16253108	1726
9001963	49650310	1803
9001963	16253106	1866
9001963	9001725	1873
9001963	7787802	1874
9001963	7770986	1935
9001963	1940049	1957
9001963	17915296	1979
9001963	20805410	1986
9001963	7810038	1993
9001963	15196980	2055
9001963	18021636	2095
9001963	13499757	2147
9001963	14579493	2154
9001963	16347747	2228
9001963	14018640	2237
9001963	17791429	2251
9001963	7461171	2267
9001963	6902930	2304
9001963	7751408	2315
9001963	6902933	2399
9001963	7365144	2484
9001963	18295122	2489
9001963	14607762	2499
9001963	15197186	2525
9001963	21049304	2610
9001963	24529322	2628
9001963	17950573	2640
9001963	18678374	2788
9001963	6590008	2821
9001963	2074496	3175
9001963	19309303	3237
9001963	15178444	3363
9001963	13227229	3387
9001963	33070146	3453
9001963	15394142	3457
9001963	35497190	3540
9001963	14581567	3655
9001963	14579063	3732
9001963	7478255	4979
9001963	18022059	5371
9001963	5983027	737
9001963	33070460	1222
9001963	20049341	449
6834659	9010922	344
6834659	9001963	525
6834659	19579973	558
6834659	20049451	627
6834659	19588677	640
6834659	22337104	671
6834659	13683935	686
6834659	8515734	801
6834659	15789905	931
6834659	9001819	937
6834659	12916234	951
6834659	8472010	1006
6834659	19524316	1007
6834659	9001729	1029
6834659	5983027	1042
6834659	15175195	1072
6834659	5907297	1100
6834659	8472009	1106
6834659	9001727	1110
6834659	18754874	1123
6834659	19531582	1180
6834659	9001725	1255
6834659	1940049	1535
6834659	18752420	1553
6834659	17915296	1557
6834659	20805410	1564
6834659	13710445	1592
6834659	15196980	1633
6834659	15197179	1673
6834659	13499757	1725
6834659	16347747	1806
6834659	16253108	2040
6834659	18282308	2053
6834659	18295122	2067
6834659	15197186	2103
6834659	49650310	2117
6834659	16253106	2180
6834659	21049304	2188
6834659	7787802	2188
6834659	17950573	2218
6834659	7770986	2249
6834659	7810038	2307
6834659	18021636	2409
6834659	14579493	2468
6834659	14018640	2551
6834659	17791429	2565
6834659	7461171	2581
6834659	6902930	2618
6834659	7751408	2629
6834659	6902933	2713
6834659	7365144	2798
6834659	14607762	2813
6834659	19309303	2815
6834659	24529322	2942
6834659	18129738	2945
6834659	33070146	3031
6834659	15394142	3035
6834659	18678374	3102
6834659	18129756	3114
6834659	35497190	3118
6834659	6590008	3135
6834659	14579063	3310
6834659	2074496	3489
6834659	15178444	3677
6834659	13227229	3701
6834659	14581567	3969
6834659	7478255	4557
6834659	18022059	4949
6834659	19514897	1267
6834659	16250137	1381
6834659	18130267	1152
6834659	18752428	1153
6834659	18752426	1117
6834659	18130598	1179
6834659	14579088	1635
6834659	18464147	1002
6834659	41522043	1485
6834659	14579494	1753
6834659	19514975	908
6834659	18130744	1391
6834659	19227136	1501
6834659	19214639	1513
6834659	18130746	1371
6834659	19531567	1104
6834659	19531571	1087
6834659	18185281	1066
6834659	14579536	1709
6834659	13227225	1630
6834659	7816860	1965
6834659	19524327	993
6834659	16272469	989
6834659	16211076	1187
6834659	6677293	1542
6834659	17915327	2009
6834659	17915328	2000
6834659	17916549	1971
6834659	7461174	839
6834659	21057006	1539
6834659	18021634	1445
6834659	13955186	1029
6834659	14579476	1716
6834659	7459221	1372
6834659	9001623	423
6834659	33070460	2166
6834659	14723315	2026
6834659	21056991	1293
6834659	12998942	992
6834659	18130742	1351
6834659	13303993	844
6834659	21057002	2009
6834659	18129771	1621
6834659	20049317	1019
6834659	20049341	1528
6834659	22337356	1915
6834659	8567404	978
6834659	8442511	4288
8515734	6834659	55
8515734	9010922	357
8515734	9001963	538
8515734	19579973	571
8515734	20049451	640
8515734	19588677	653
8515734	22337104	684
8515734	13683935	699
8515734	15789905	944
8515734	9001819	950
8515734	12916234	964
8515734	8472010	1019
8515734	19524316	1020
8515734	9001729	1042
8515734	5983027	1055
8515734	15175195	1085
8515734	5907297	1113
8515734	8472009	1119
8515734	9001727	1123
8515734	18754874	1136
8515734	19531582	1193
8515734	9001725	1268
8515734	1940049	1548
8515734	18752420	1566
8515734	17915296	1570
8515734	20805410	1577
8515734	13710445	1605
8515734	15196980	1646
8515734	15197179	1686
8515734	13499757	1738
8515734	16347747	1819
8515734	16253108	2053
8515734	18282308	2066
8515734	18295122	2080
8515734	15197186	2116
8515734	49650310	2130
8515734	16253106	2193
8515734	21049304	2201
8515734	7787802	2201
8515734	17950573	2231
8515734	7770986	2262
8515734	7810038	2320
8515734	18021636	2422
8515734	14579493	2481
8515734	14018640	2564
8515734	17791429	2578
8515734	7461171	2594
8515734	6902930	2631
8515734	7751408	2642
8515734	6902933	2726
8515734	7365144	2811
8515734	14607762	2826
8515734	19309303	2828
8515734	24529322	2955
8515734	18129738	2958
8515734	33070146	3044
8515734	15394142	3048
8515734	18678374	3115
8515734	18129756	3127
8515734	35497190	3131
8515734	6590008	3148
8515734	14579063	3323
8515734	2074496	3502
8515734	15178444	3690
8515734	13227229	3714
8515734	14581567	3982
8515734	7478255	4570
8515734	18022059	4962
8515734	19514897	1212
8515734	16250137	1326
8515734	18130267	1097
8515734	18752428	1098
8515734	18752426	1062
8515734	18130598	1124
8515734	14579088	1580
8515734	18464147	947
8515734	41522043	1430
8515734	14579494	1698
8515734	19514975	853
8515734	18130744	1336
8515734	19227136	1446
8515734	19214639	1458
8515734	18130746	1316
8515734	19531567	1049
8515734	19531571	1032
8515734	18185281	1011
8515734	14579536	1654
8515734	13227225	1575
8515734	7816860	1910
8515734	19524327	938
8515734	16272469	934
8515734	16211076	1132
8515734	6677293	1487
8515734	17915327	1954
8515734	17915328	1945
8515734	17916549	1916
8515734	7461174	784
8515734	21057006	1484
8515734	18021634	1390
8515734	13955186	974
8515734	14579476	1661
8515734	7459221	1317
8515734	9001623	368
8515734	33070460	2111
8515734	14723315	1971
8515734	21056991	1238
8515734	12998942	937
8515734	18130742	1296
8515734	13303993	789
8515734	21057002	1954
8515734	18129771	1566
8515734	20049317	964
8515734	20049341	1473
8515734	22337356	1860
8515734	8567404	923
8515734	8442511	4233
19579973	20049451	69
19579973	20049341	96
19579973	22337104	113
19579973	9001963	302
19579973	19588677	312
19579973	15789905	762
19579973	12916234	782
19579973	20049317	790
19579973	19524316	838
19579973	9001729	860
19579973	9001727	941
19579973	18754874	954
19579973	18752420	995
19579973	19531582	1011
19579973	13710445	1034
19579973	9001725	1086
19579973	9001819	1136
19579973	16253108	1482
19579973	49650310	1559
19579973	8515734	1570
19579973	16253106	1622
19579973	6834659	1625
19579973	7787802	1630
19579973	7770986	1691
19579973	7810038	1749
19579973	18130742	1750
19579973	21056991	1812
19579973	18021636	1851
19579973	14579493	1910
19579973	14018640	1993
19579973	17791429	2007
19579973	7461171	2023
19579973	6902930	2060
19579973	7751408	2071
19579973	6902933	2155
19579973	7365144	2240
19579973	14607762	2255
19579973	21057002	2292
19579973	24529322	2384
19579973	18678374	2544
19579973	6590008	2577
19579973	2074496	2931
19579973	15178444	3119
19579973	13227229	3143
19579973	14581567	3411
19579973	7478255	6004
19579973	18022059	6108
19579973	7816860	2481
19579973	5983027	770
19579973	14579063	2064
19579973	33070460	1255
19579973	17950573	2345
19579973	13683935	795
19579973	18129771	2137
19579973	8472009	1039
19579973	9010922	214
19579973	8472010	1004
19579973	18282308	1544
19579973	16347747	2093
19579973	8567404	532
20049451	20049341	27
20049451	22337104	44
20049451	19588677	487
20049451	19579973	510
20049451	18752420	926
20049451	13710445	965
20049451	19524316	1013
20049451	9001819	1067
20049451	18754874	1129
20049451	16253108	1413
20049451	49650310	1490
20049451	8515734	1501
20049451	16253106	1553
20049451	6834659	1556
20049451	7787802	1561
20049451	7770986	1622
20049451	7810038	1680
20049451	18130742	1681
20049451	21056991	1743
20049451	18021636	1782
20049451	14579493	1841
20049451	14018640	1924
20049451	17791429	1938
20049451	7461171	1954
20049451	6902930	1991
20049451	7751408	2002
20049451	6902933	2086
20049451	7365144	2171
20049451	14607762	2186
20049451	21057002	2223
20049451	24529322	2315
20049451	18678374	2475
20049451	6590008	2508
20049451	2074496	2862
20049451	15178444	3050
20049451	13227229	3074
20049451	14581567	3342
20049451	7478255	5935
20049451	18022059	6039
20049451	5983027	839
20049451	33070460	1205
20049451	9010922	283
20049451	9001963	313
20049341	22337104	17
20049341	9001963	449
20049341	19588677	459
20049341	19579973	482
20049341	20049451	567
20049341	8567404	716
20049341	9010922	868
20049341	18752420	898
20049341	13710445	937
20049341	19524316	985
20049341	9001819	1039
20049341	18754874	1101
20049341	19514888	1371
20049341	16253108	1385
20049341	15175195	1420
20049341	49650310	1462
20049341	8515734	1473
20049341	12998942	1499
20049341	16253106	1525
20049341	6834659	1528
20049341	7787802	1533
20049341	7770986	1594
20049341	7810038	1652
20049341	18130742	1653
20049341	8472010	1678
20049341	21056991	1715
20049341	18021636	1754
20049341	14579493	1813
20049341	14018640	1896
20049341	17791429	1910
20049341	7461171	1926
20049341	6902930	1963
20049341	7751408	1974
20049341	6902933	2058
20049341	7365144	2143
20049341	14607762	2158
20049341	21057002	2195
20049341	24529322	2287
20049341	15196980	2305
20049341	18678374	2447
20049341	16347747	2478
20049341	6590008	2480
20049341	22337356	2494
20049341	2074496	2834
20049341	15178444	3022
20049341	13227229	3046
20049341	14581567	3314
20049341	19309303	3487
20049341	7478255	5907
20049341	18022059	6011
8472010	8472009	100
8472010	13683935	255
8472010	8515734	433
8472010	9001725	445
8472010	6834659	488
8472010	1940049	529
8472010	17915296	551
8472010	20805410	558
8472010	19524316	623
8472010	15197179	667
8472010	19514897	673
8472010	6677293	674
8472010	21057006	677
8472010	15197181	731
8472010	18754874	739
8472010	16272469	774
8472010	12916234	783
8472010	9010922	790
8472010	9001729	818
8472010	15197186	856
8472010	14579493	882
8472010	18464147	895
8472010	9001727	899
8472010	14579494	899
8472010	19514975	901
8472010	21049304	941
8472010	18130744	967
8472010	19531582	969
8472010	41522043	976
8472010	17791429	979
8472010	18021634	979
8472010	18130746	986
8472010	19227136	992
8472010	19531567	993
8472010	7461171	995
8472010	19214639	1004
8472010	19579973	1004
8472010	19531571	1009
8472010	18130598	1013
8472010	18185281	1030
8472010	6902930	1032
8472010	7751408	1043
8472010	13955186	1052
8472010	16250137	1053
8472010	19588677	1086
8472010	22337104	1117
8472010	6902933	1127
8472010	7459221	1189
8472010	14579476	1207
8472010	13227225	1212
8472010	7365144	1212
8472010	14607762	1227
8472010	7816860	1256
8472010	15196980	1297
8472010	18021636	1372
8472010	9001819	1383
8472010	13499757	1389
8472010	16210652	1401
8472010	16347747	1470
8472010	18678374	1516
8472010	30241004	1601
8472010	33070192	1669
8472010	15178444	1777
8472010	15357084	1832
8472010	17950573	1882
8472010	18752420	1999
8472010	14723315	2025
8472010	19309303	2479
8472010	7787802	2634
8472010	33070146	2695
8472010	15394142	2699
8472010	7810038	2753
8472010	14581567	2754
8472010	35497190	2782
8472010	14579063	2974
8472010	14018640	2997
8472010	24529322	3388
8472010	6590008	3581
8472010	2074496	3935
8472010	7478255	4221
8472010	18022059	4613
8472010	17915327	1729
8472010	17915328	1720
8472010	17916549	1691
8472010	9001623	486
8472010	15175195	718
8472010	18295122	1801
8472010	18129771	1341
8472010	20049317	1169
8472010	9001963	1428
8472010	20049341	1678
8472010	18282308	748
8472010	8567404	1128
18282308	15196980	602
18282308	13499757	694
18282308	8472010	748
18282308	16347747	775
18282308	13683935	795
18282308	8515734	973
18282308	6834659	1028
18282308	18295122	1036
18282308	1940049	1051
18282308	15197186	1072
18282308	17915296	1073
18282308	20805410	1080
18282308	21049304	1157
18282308	17950573	1187
18282308	9001725	1193
18282308	6677293	1196
18282308	21057006	1199
18282308	15197181	1253
18282308	41522043	1253
18282308	9010922	1330
18282308	19524316	1371
18282308	7365144	1410
18282308	15197179	1415
18282308	19514897	1421
18282308	18754874	1487
18282308	16272469	1522
18282308	12916234	1531
18282308	19579973	1544
18282308	9001729	1566
18282308	19227136	1574
18282308	19214639	1586
18282308	6902930	1614
18282308	19588677	1626
18282308	14579493	1630
18282308	18464147	1643
18282308	14579494	1647
18282308	9001727	1647
18282308	19514975	1649
18282308	22337104	1657
18282308	18130744	1715
18282308	19531582	1717
18282308	18021634	1727
18282308	17791429	1727
18282308	18130746	1734
18282308	19531567	1741
18282308	7461171	1743
18282308	19531571	1757
18282308	18130598	1761
18282308	18185281	1778
18282308	19309303	1784
18282308	7751408	1791
18282308	13955186	1800
18282308	16250137	1801
18282308	6902933	1875
18282308	9001819	1923
18282308	7459221	1937
18282308	14579476	1955
18282308	13227225	1960
18282308	14607762	1975
18282308	33070146	2000
18282308	7816860	2004
18282308	15394142	2004
18282308	35497190	2087
18282308	18021636	2120
18282308	16210652	2149
18282308	18678374	2264
18282308	14579063	2279
18282308	33070192	2417
18282308	15178444	2525
18282308	18752420	2539
18282308	13710445	2578
18282308	7787802	3174
18282308	7810038	3293
18282308	14018640	3537
18282308	7478255	3674
18282308	24529322	3928
18282308	18022059	4066
18282308	6590008	4121
18282308	2074496	4475
18282308	14581567	4491
18282308	21057029	1893
18282308	21056991	1778
18282308	18130742	2487
18282308	21057002	3145
16347747	17950573	412
16347747	18129738	626
16347747	7365144	635
16347747	33070146	712
16347747	15394142	716
16347747	15196980	751
16347747	18129756	795
16347747	35497190	799
16347747	19227136	799
16347747	19214639	811
16347747	6902930	839
16347747	13499757	843
16347747	18295122	878
16347747	15197186	914
16347747	14579493	917
16347747	6902933	934
16347747	14579494	934
16347747	41522043	947
16347747	17791429	950
16347747	21056991	959
16347747	7461171	966
16347747	14579063	991
16347747	21049304	999
16347747	21057006	1001
16347747	6677293	1004
16347747	14579476	1014
16347747	7751408	1014
16347747	16250137	1024
16347747	14607762	1034
16347747	1940049	1040
16347747	7816860	1063
16347747	20805410	1069
16347747	19309303	1112
16347747	17915296	1128
16347747	9001725	1135
16347747	16253106	1192
16347747	13227225	1247
16347747	7770986	1261
16347747	18021634	1293
16347747	8472010	1297
16347747	18130742	1320
16347747	18678374	1323
16347747	13683935	1344
16347747	49650310	1357
16347747	8515734	1522
16347747	19514888	1548
16347747	13955186	1557
16347747	21057029	1567
16347747	15197179	1569
16347747	6834659	1577
16347747	15175195	1597
16347747	33070192	1640
16347747	16210652	1715
16347747	9001729	1759
16347747	13227229	1809
16347747	21057002	1862
16347747	9010922	1879
16347747	19524316	1920
16347747	12916234	1958
16347747	18754874	2036
16347747	22337356	2084
16347747	15178444	2091
16347747	19579973	2093
16347747	19588677	2175
16347747	22337104	2206
16347747	9001819	2472
16347747	14581567	3203
16347747	7478255	3331
16347747	7787802	3723
16347747	18022059	3723
16347747	7810038	3842
16347747	14018640	4086
16347747	24529322	4477
16347747	6590008	4670
16347747	2074496	5024
16347747	18130267	1482
16347747	18752428	1483
16347747	18752426	1447
16347747	18130598	1509
16347747	14579088	1965
16347747	18464147	1253
16347747	16253108	1302
16347747	18021636	1315
16347747	18130744	1721
16347747	18130746	1701
16347747	14579536	1261
16347747	16272469	1266
16347747	16211076	1517
16347747	15197181	1058
16347747	17915327	797
16347747	17915328	788
16347747	17916549	759
16347747	7459221	1702
16347747	14723315	2356
16347747	21057015	1106
16347747	12998942	1187
16347747	18129771	409
16347747	20049317	1969
16347747	9001963	2228
16347747	20049341	2478
16347747	18282308	775
16347747	8567404	1928
22337356	14723315	440
22337356	15178444	692
22337356	33070192	707
22337356	13227229	922
22337356	18021636	930
22337356	18130742	943
22337356	18021634	956
22337356	16210652	959
22337356	14581567	984
22337356	49650310	1020
22337356	18678374	1076
22337356	16253106	1083
22337356	7770986	1152
22337356	7810038	1191
22337356	19514888	1211
22337356	13955186	1220
22337356	21057029	1230
22337356	15197179	1232
22337356	21057015	1249
22337356	15175195	1260
22337356	21056991	1273
22337356	35450538	1319
22337356	12998942	1339
22337356	7459221	1357
22337356	14579493	1371
22337356	9001729	1422
22337356	17791429	1468
22337356	7461171	1484
22337356	21057006	1519
22337356	6902930	1521
22337356	6677293	1522
22337356	7751408	1532
22337356	18754874	1533
22337356	6902933	1616
22337356	12916234	1621
22337356	9001819	1690
22337356	14579476	1696
22337356	7365144	1701
22337356	14607762	1716
22337356	21057002	1753
22337356	18678271	1814
22337356	19588677	1844
22337356	8515734	1860
22337356	6834659	1915
22337356	2074496	2069
22337356	13683935	2098
22337356	22337104	2190
22337356	15357081	2286
22337356	15394142	2451
22337356	33070146	2455
22337356	33070460	2502
22337356	35495295	2557
22337356	18129738	2575
22337356	19309303	2670
22337356	18129756	2744
22337356	8567404	3400
22337356	7478255	3577
22337356	18022059	3681
22337356	7787802	4426
22337356	14018640	4487
22337356	24529322	4865
22337356	6590008	5058
22337356	19514897	1290
22337356	16250137	1213
22337356	18130267	984
22337356	18752428	985
22337356	18752426	949
22337356	18130598	1011
22337356	14579088	1340
22337356	18464147	983
22337356	41522043	1317
22337356	14579494	1458
22337356	19514975	1139
22337356	16253108	1032
22337356	18130744	1096
22337356	19227136	1333
22337356	19214639	1345
22337356	18130746	1076
22337356	19531567	1335
22337356	19531571	1318
22337356	18185281	1297
22337356	21049304	1897
22337356	19531582	1306
22337356	14579536	1414
22337356	13227225	1335
22337356	7816860	1960
22337356	18752420	1408
22337356	19524327	1566
22337356	19524316	1585
22337356	16272469	996
22337356	16211076	1019
22337356	15197181	1415
22337356	9001727	1291
22337356	5983027	1677
22337356	17915327	1696
22337356	17915328	1687
22337356	5907297	1618
22337356	17916549	1658
22337356	15197186	1804
22337356	9001725	1338
22337356	13710445	1369
22337356	35497190	3786
22337356	30241004	3415
22337356	35495294	3277
22337356	14579063	1869
22337356	15357084	2297
22337356	15357077	2346
22337356	18295122	1768
22337356	18129771	1996
22337356	20049341	2494
22337356	16347747	2084
22337356	8442511	2413
8567404	9010922	318
8567404	19579973	532
8567404	19588677	614
8567404	22337104	645
8567404	13683935	808
8567404	9001819	911
8567404	8515734	923
8567404	12916234	925
8567404	6834659	978
8567404	19524316	981
8567404	9001729	1003
8567404	5983027	1016
8567404	5907297	1074
8567404	9001727	1084
8567404	18754874	1097
8567404	8472010	1128
8567404	19531582	1154
8567404	18752420	1527
8567404	13710445	1566
8567404	9001725	1573
8567404	1940049	1657
8567404	17915296	1679
8567404	20805410	1686
8567404	15196980	1755
8567404	15197179	1795
8567404	19514897	1801
8567404	6677293	1802
8567404	21057006	1805
8567404	7787802	1830
8567404	13499757	1847
8567404	15197181	1859
8567404	14018640	1893
8567404	16347747	1928
8567404	14579493	2010
8567404	16253108	2014
8567404	14579494	2027
8567404	49650310	2091
8567404	41522043	2104
8567404	17791429	2107
8567404	19227136	2120
8567404	7461171	2123
8567404	19214639	2132
8567404	16253106	2154
8567404	6902930	2160
8567404	7751408	2171
8567404	16250137	2181
8567404	18295122	2189
8567404	7770986	2223
8567404	15197186	2225
8567404	6902933	2255
8567404	7810038	2281
8567404	21049304	2310
8567404	14579476	2335
8567404	17950573	2340
8567404	13227225	2340
8567404	14607762	2355
8567404	18021636	2383
8567404	7816860	2384
8567404	7365144	2563
8567404	18678374	2644
8567404	24529322	2916
8567404	19309303	2937
8567404	6590008	3109
8567404	33070146	3153
8567404	15394142	3157
8567404	35497190	3240
8567404	14579063	3432
8567404	2074496	3463
8567404	15178444	3651
8567404	13227229	3675
8567404	14581567	3943
8567404	7478255	4679
8567404	18022059	5071
8567404	18021634	2013
8567404	16210652	1928
8567404	7459221	1836
8567404	33070460	1354
8567404	33070192	3939
8567404	35450538	3868
8567404	9001963	466
8567404	20049341	716
8567404	22337356	3400
8567404	8442511	4635
