21057006	6677293	3
21057006	41522043	54
21057006	15197181	54
21057006	17791429	110
21057006	17915296	127
21057006	1940049	149
21057006	16250137	151
21057006	14579493	204
21057006	19227136	250
21057006	7461171	253
21057006	19214639	262
21057006	6902930	290
21057006	7751408	301
21057006	20805410	357
21057006	6902933	385
21057006	14579476	465
21057006	7365144	470
21057006	16253106	479
21057006	14607762	485
21057006	15197179	529
21057006	19514897	535
21057006	7770986	548
21057006	18021634	580
21057006	16272469	636
21057006	9001725	640
21057006	49650310	644
21057006	15197186	655
21057006	21049304	740
21057006	13955186	844
21057006	30241004	859
21057006	33070192	927
21057006	19524316	972
21057006	35497190	979
21057006	16210652	1002
21057006	14579063	1016
21057006	9001729	1046
21057006	18754874	1088
21057006	15357084	1090
21057006	13227229	1096
21057006	12916234	1245
21057006	15178444	1378
21057006	17950573	1426
21057006	19588677	1468
21057006	13499757	1492
21057006	14723315	1626
21057006	22337104	1814
21057006	18130267	756
21057006	18752428	757
21057006	18752426	721
21057006	18130598	783
21057006	14579088	1239
21057006	18464147	527
21057006	14579494	783
21057006	19514975	599
21057006	16253108	576
21057006	18021636	589
21057006	18130744	995
21057006	18130746	975
21057006	19531567	795
21057006	19531571	778
21057006	18185281	757
21057006	19531582	656
21057006	14579536	728
21057006	13227225	1234
21057006	7816860	877
21057006	18752420	868
21057006	19524327	683
21057006	16211076	791
21057006	9001727	751
21057006	5983027	1137
21057006	17915327	613
21057006	17915328	604
21057006	7751409	862
21057006	5907297	1078
21057006	17916549	575
21057006	7461174	407
21057006	13710445	829
21057006	9001623	1159
21057006	33070460	1614
21057006	18678271	1170
21057006	13683935	1399
18021634	7459221	390
18021634	16253108	473
18021634	5983027	507
18021634	49650310	550
18021634	5907297	565
18021634	16253106	613
18021634	7770986	682
18021634	19531567	691
18021634	19531571	707
18021634	18752420	714
18021634	18185281	728
18021634	13955186	750
18021634	13710445	753
18021634	15197179	762
18021634	18021636	814
18021634	16210652	843
18021634	14579493	901
18021634	9001729	952
18021634	17791429	998
18021634	7461171	1014
18021634	19588677	1038
18021634	6902930	1051
18021634	6677293	1052
18021634	7751408	1062
18021634	18754874	1063
18021634	33070460	1115
18021634	6902933	1146
18021634	17915296	1155
18021634	14579476	1226
18021634	13227229	1230
18021634	7365144	1231
18021634	14607762	1246
18021634	15178444	1512
18021634	21049304	1693
18021634	19514897	499
18021634	16250137	422
18021634	18130267	193
18021634	18752428	194
18021634	18752426	158
18021634	18130598	220
18021634	14579088	676
18021634	18464147	192
18021634	41522043	526
18021634	14579494	794
18021634	19514975	348
18021634	18130744	432
18021634	19227136	542
18021634	19214639	554
18021634	18130746	412
18021634	19531582	515
18021634	14579536	750
18021634	13227225	671
18021634	7816860	1169
18021634	20805410	747
18021634	19524327	775
18021634	19524316	794
18021634	16272469	205
18021634	16211076	228
18021634	15197181	624
18021634	9001727	500
18021634	17915327	905
18021634	17915328	896
18021634	7751409	1154
18021634	17916549	867
18021634	15197186	1013
18021634	1940049	693
18021634	7461174	709
18021634	9001725	547
18021634	21057006	580
18021634	35497190	1390
18021634	9001623	910
18021634	12916234	901
18021634	13499757	1254
18021634	14579063	1078
18021634	15357084	3213
18021634	33070192	1356
18021634	18678271	1462
18021634	14723315	1067
18021634	15357077	3262
18021634	17950573	1545
18021634	35450538	1854
18021634	13683935	1701
13955186	16253108	57
13955186	49650310	134
13955186	16253106	197
13955186	7770986	266
13955186	19531567	275
13955186	19531571	291
13955186	18021634	298
13955186	18185281	312
13955186	15197179	346
13955186	7459221	471
13955186	14579493	485
13955186	9001729	536
13955186	17791429	582
13955186	7461171	598
13955186	21057006	633
13955186	6902930	635
13955186	6677293	636
13955186	7751408	646
13955186	18754874	647
13955186	16210652	720
13955186	6902933	730
13955186	12916234	735
13955186	17915296	739
13955186	14579476	810
13955186	13227229	814
13955186	7365144	815
13955186	14607762	830
13955186	19588677	958
13955186	15178444	1096
13955186	30241004	1204
13955186	33070192	1272
13955186	21049304	1277
13955186	22337104	1304
13955186	35497190	1324
13955186	14723315	1344
13955186	14579063	1361
13955186	15357084	1435
13955186	17950573	1771
13955186	13499757	1837
13955186	19514897	572
13955186	16250137	686
13955186	18130267	457
13955186	18752428	458
13955186	18752426	422
13955186	18130598	484
13955186	14579088	940
13955186	18464147	307
13955186	41522043	790
13955186	14579494	1058
13955186	19514975	151
13955186	18021636	290
13955186	18130744	696
13955186	19227136	806
13955186	19214639	818
13955186	18130746	676
13955186	19531582	480
13955186	14579536	1014
13955186	13227225	935
13955186	7816860	1433
13955186	18752420	326
13955186	20805410	820
13955186	19524327	848
13955186	19524316	867
13955186	16272469	294
13955186	16211076	492
13955186	9001727	209
13955186	5983027	595
13955186	17915327	1169
13955186	17915328	1160
13955186	7751409	1418
13955186	5907297	536
13955186	17916549	1131
13955186	15197186	1277
13955186	1940049	766
13955186	7461174	782
13955186	9001725	620
13955186	13710445	287
13955186	9001623	875
13955186	33070460	1072
13955186	18678271	1726
13955186	15357077	3526
13955186	35450538	2118
16210652	7459221	305
16210652	16253108	388
16210652	5983027	422
16210652	49650310	465
16210652	5907297	480
16210652	16253106	528
16210652	7770986	597
16210652	19531567	606
16210652	19531571	622
16210652	18752420	629
16210652	18185281	643
16210652	13955186	665
16210652	13710445	668
16210652	15197179	677
16210652	18021636	729
16210652	14579493	816
16210652	9001729	867
16210652	17791429	913
16210652	7461171	929
16210652	19588677	953
16210652	6902930	966
16210652	6677293	967
16210652	7751408	977
16210652	18754874	978
16210652	33070460	1030
16210652	6902933	1061
16210652	17915296	1070
16210652	14579476	1141
16210652	13227229	1145
16210652	7365144	1146
16210652	14607762	1161
16210652	15178444	1427
16210652	21049304	1608
16210652	19514897	921
16210652	16250137	844
16210652	18130267	615
16210652	18752428	616
16210652	18752426	580
16210652	18130598	642
16210652	14579088	679
16210652	18464147	614
16210652	41522043	948
16210652	14579494	797
16210652	19514975	770
16210652	18130744	435
16210652	19227136	964
16210652	19214639	976
16210652	18130746	415
16210652	19531582	937
16210652	14579536	753
16210652	13227225	674
16210652	7816860	1591
16210652	20805410	1169
16210652	19524327	1197
16210652	19524316	1216
16210652	16272469	627
16210652	16211076	650
16210652	15197181	1046
16210652	9001727	922
16210652	17915327	1327
16210652	17915328	1318
16210652	7751409	1576
16210652	17916549	1289
16210652	15197186	1435
16210652	1940049	1115
16210652	7461174	1131
16210652	9001725	969
16210652	21057006	1002
16210652	18021634	843
16210652	35497190	1812
16210652	9001623	1332
16210652	12916234	1323
16210652	13499757	1676
16210652	14579063	1500
16210652	22337104	1767
16210652	15357084	3216
16210652	18678271	1679
16210652	14723315	1070
16210652	15357077	3265
16210652	17950573	1967
16210652	35450538	1857
14579476	6902933	152
14579476	6902930	175
14579476	19214639	203
14579476	7751408	209
14579476	19227136	215
14579476	14579536	221
14579476	14607762	252
14579476	7816860	281
14579476	14579493	381
14579476	30241004	393
14579476	14579494	398
14579476	41522043	411
14579476	17791429	414
14579476	7365144	423
14579476	7461171	430
14579476	21057006	465
14579476	6677293	468
14579476	16250137	488
14579476	13227225	490
14579476	17915296	592
14579476	1940049	614
14579476	15357084	624
14579476	16253106	656
14579476	35497190	681
14579476	7770986	725
14579476	33070192	738
14579476	18021634	757
14579476	14579063	783
14579476	35450538	810
14579476	18678271	817
14579476	49650310	821
14579476	16210652	974
14579476	13955186	1021
14579476	15197179	1033
14579476	13227229	1045
14579476	7459221	1147
14579476	15197186	1166
14579476	9001729	1223
14579476	21049304	1251
14579476	18754874	1334
14579476	12916234	1422
14579476	13499757	1445
14579476	14723315	1456
14579476	15178444	1555
14579476	9001623	1622
14579476	19588677	1645
14579476	33070460	1872
14579476	22337104	1991
14579476	19514897	1008
14579476	18130267	933
14579476	18752428	934
14579476	18752426	898
14579476	18130598	960
14579476	14579088	1416
14579476	18464147	704
14579476	19514975	857
14579476	16253108	753
14579476	18021636	766
14579476	18130744	1172
14579476	18130746	1152
14579476	19531567	1053
14579476	19531571	1036
14579476	18185281	1015
14579476	19531582	1022
14579476	18752420	1126
14579476	20805410	693
14579476	19524327	1213
14579476	19524316	1232
14579476	16272469	717
14579476	16211076	968
14579476	15197181	509
14579476	9001727	1009
14579476	5983027	1395
14579476	17915327	626
14579476	17915328	617
14579476	7751409	875
14579476	5907297	1336
14579476	17916549	588
14579476	7461174	937
14579476	9001725	985
14579476	13710445	1087
14579476	33070146	1284
14579476	15394142	1288
14579476	15357077	947
14579476	17950573	1266
14579476	13683935	1929
7459221	18752420	321
7459221	13710445	360
7459221	16253108	400
7459221	5983027	434
7459221	49650310	477
7459221	5907297	492
7459221	16253106	540
7459221	7770986	609
7459221	19531567	618
7459221	19531571	634
7459221	19588677	645
7459221	18185281	655
7459221	13955186	677
7459221	15197179	689
7459221	33070460	732
7459221	18021636	769
7459221	16210652	798
7459221	14579493	828
7459221	9001729	879
7459221	17791429	925
7459221	7461171	941
7459221	6902930	978
7459221	6677293	979
7459221	7751408	989
7459221	18754874	990
7459221	6902933	1073
7459221	17915296	1082
7459221	14579476	1153
7459221	13227229	1157
7459221	7365144	1158
7459221	14607762	1173
7459221	15178444	1439
7459221	21049304	1620
7459221	19514897	709
7459221	14579088	1077
7459221	18464147	444
7459221	14579494	1195
7459221	19514975	288
7459221	18130744	833
7459221	18130746	813
7459221	19531582	617
7459221	14579536	1151
7459221	13227225	1072
7459221	20805410	957
7459221	19524327	985
7459221	19524316	1004
7459221	16272469	431
7459221	9001727	346
7459221	1940049	903
7459221	7461174	919
7459221	9001725	757
7459221	18021634	390
7459221	9001623	1012
7459221	12916234	1003
7459221	13499757	1464
7459221	22337104	1286
7459221	15357084	3614
7459221	14723315	1468
7459221	15357077	3663
7459221	35450538	2255
18754874	9001725	132
18754874	17915296	460
18754874	19524316	464
18754874	20805410	467
18754874	19514897	582
18754874	21057006	586
18754874	18464147	594
18754874	19514975	600
18754874	12916234	624
18754874	41522043	640
18754874	9001729	659
18754874	18130744	666
18754874	18021634	678
18754874	18130746	685
18754874	19531567	692
18754874	19531571	708
18754874	18130598	712
18754874	18185281	729
18754874	16250137	737
18754874	9001727	740
18754874	13955186	751
18754874	14579494	808
18754874	19531582	810
18754874	9001623	824
18754874	19588677	847
18754874	21049304	850
18754874	7459221	888
18754874	19227136	901
18754874	19214639	913
18754874	18021636	1071
18754874	16210652	1100
18754874	14579476	1116
18754874	13227225	1121
18754874	7816860	1165
18754874	22337104	1193
18754874	15178444	1476
18754874	30241004	1510
18754874	33070192	1578
18754874	35497190	1630
18754874	35450538	1650
18754874	14579063	1667
18754874	14723315	1724
18754874	15357084	1741
18754874	13499757	1862
18754874	33070460	1926
18754874	18678271	1934
18754874	17950573	2355
18754874	33070146	3168
18754874	15394142	3172
18754874	15357081	3481
18754874	18130267	770
18754874	18752428	771
18754874	18752426	735
18754874	14579088	1253
18754874	16253108	590
18754874	14579536	1327
18754874	18752420	795
18754874	19524327	97
18754874	15197179	1016
18754874	16272469	607
18754874	16211076	805
18754874	16253106	932
18754874	14579493	1388
18754874	49650310	512
18754874	7770986	1028
18754874	17791429	1198
18754874	7461171	1389
18754874	6677293	1085
18754874	15197181	1142
18754874	6902930	1159
18754874	7751408	1436
18754874	5983027	1064
18754874	17915327	1482
18754874	6902933	1493
18754874	17915328	1473
18754874	7751409	1731
18754874	5907297	1005
18754874	17916549	1444
18754874	15197186	1590
18754874	1940049	940
18754874	7461174	765
18754874	13227229	1573
18754874	14607762	2453
18754874	13710445	756
18754874	7365144	1339
18754874	13683935	1360
35497190	30241004	371
35497190	15357084	666
35497190	7365144	732
35497190	14579063	813
35497190	33070192	848
35497190	19227136	896
35497190	19214639	908
35497190	6902930	936
35497190	14579476	987
35497190	14579493	1014
35497190	6902933	1031
35497190	14579494	1031
35497190	41522043	1044
35497190	17791429	1047
35497190	7461171	1063
35497190	21057006	1098
35497190	6677293	1101
35497190	7751408	1111
35497190	16250137	1121
35497190	15197186	1173
35497190	17915296	1225
35497190	14607762	1240
35497190	1940049	1247
35497190	21049304	1258
35497190	7816860	1269
35497190	16253106	1289
35497190	13227225	1344
35497190	7770986	1358
35497190	18021634	1390
35497190	49650310	1454
35497190	13955186	1654
35497190	15197179	1666
35497190	16210652	1812
35497190	9001729	1856
35497190	9001725	1865
35497190	13227229	1906
35497190	12916234	2055
35497190	15178444	2188
35497190	19524316	2650
35497190	18754874	2766
35497190	19588677	2905
35497190	19514897	1522
35497190	18130267	1447
35497190	18752428	1448
35497190	18752426	1412
35497190	18130598	1474
35497190	14579088	1930
35497190	18464147	1218
35497190	19514975	1371
35497190	16253108	1267
35497190	18021636	1280
35497190	18130744	1686
35497190	18130746	1666
35497190	19531567	1567
35497190	19531571	1550
35497190	18185281	1529
35497190	19531582	1536
35497190	14579536	977
35497190	18752420	1640
35497190	19524327	1727
35497190	16272469	1231
35497190	16211076	1482
35497190	15197181	1023
35497190	9001727	1523
35497190	5983027	1909
35497190	17915327	2109
35497190	17915328	2100
35497190	7751409	2358
35497190	5907297	1850
35497190	17916549	2071
35497190	7461174	1451
35497190	13710445	1601
35497190	9001623	1931
35497190	13499757	2535
35497190	33070146	293
35497190	15394142	297
35497190	33070460	2386
35497190	22337104	3774
35497190	17950573	1022
35497190	13683935	2834
9001623	12916234	129
9001623	19524316	305
9001623	18754874	421
9001623	19588677	472
9001623	9001729	500
9001623	9001725	553
9001623	9001727	581
9001623	19531582	651
9001623	16272469	703
9001623	18464147	718
9001623	19514975	724
9001623	13710445	790
9001623	16253106	809
9001623	19531567	816
9001623	19514897	816
9001623	22337104	818
9001623	19531571	832
9001623	18185281	853
9001623	13955186	875
9001623	7770986	878
9001623	15197179	888
9001623	18130744	898
9001623	18021634	910
9001623	18130746	917
9001623	17915296	925
9001623	20805410	932
9001623	49650310	993
9001623	7459221	1012
9001623	14579494	1109
9001623	6677293	1156
9001623	21057006	1159
9001623	41522043	1186
9001623	19227136	1202
9001623	19214639	1214
9001623	6902930	1242
9001623	16250137	1263
9001623	21049304	1315
9001623	16210652	1332
9001623	6902933	1337
9001623	14579476	1417
9001623	13227225	1422
9001623	13227229	1426
9001623	7816860	1466
9001623	18752420	1700
9001623	15178444	1708
9001623	30241004	1811
9001623	35497190	1931
9001623	14579063	1968
9001623	15357084	2042
15178444	14579536	402
15178444	14579088	464
15178444	14579476	486
15178444	13227225	527
15178444	33070192	614
15178444	6902933	639
15178444	14723315	643
15178444	6902930	662
15178444	35450538	686
15178444	19214639	690
15178444	7751408	696
15178444	19227136	702
15178444	14607762	739
15178444	7816860	768
15178444	30241004	795
15178444	14579493	868
15178444	14579494	885
15178444	41522043	898
15178444	17791429	901
15178444	7365144	910
15178444	7461171	917
15178444	21057006	952
15178444	6677293	955
15178444	16250137	975
15178444	18021636	982
15178444	18021634	1008
15178444	16210652	1011
15178444	15357084	1026
15178444	49650310	1072
15178444	17915296	1079
15178444	13227229	1082
15178444	35497190	1083
15178444	1940049	1101
15178444	16253106	1135
15178444	14579063	1204
15178444	7770986	1204
15178444	18678271	1219
15178444	13955186	1272
15178444	15197179	1284
15178444	7459221	1409
15178444	9001729	1474
15178444	17950573	1525
15178444	15197186	1566
15178444	18754874	1585
15178444	21049304	1651
15178444	12916234	1673
15178444	13499757	1845
15178444	9001623	1873
15178444	19588677	1896
15178444	22337104	2242
15178444	33070460	3075
15178444	19514897	1297
15178444	18130267	991
15178444	18752428	992
15178444	18752426	956
15178444	18130598	1018
15178444	18464147	990
15178444	19514975	1146
15178444	16253108	1039
15178444	18130744	1115
15178444	18130746	1095
15178444	19531567	1342
15178444	19531571	1325
15178444	18185281	1304
15178444	19531582	1313
15178444	18752420	1415
15178444	20805410	1545
15178444	19524327	1573
15178444	19524316	1592
15178444	16272469	1003
15178444	16211076	1026
15178444	15197181	1422
15178444	9001727	1298
15178444	5983027	1684
15178444	17915327	1703
15178444	17915328	1694
15178444	7751409	1952
15178444	5907297	1625
15178444	17916549	1665
15178444	7461174	1507
15178444	9001725	1345
15178444	13710445	1376
15178444	35495294	2928
15178444	33070146	2891
15178444	15394142	2887
15178444	15357081	2021
15178444	15357077	1997
15178444	13683935	3914
12916234	9001623	200
12916234	19524316	296
12916234	18754874	412
12916234	19588677	463
12916234	9001729	491
12916234	9001725	544
12916234	9001727	572
12916234	19531582	642
12916234	16272469	694
12916234	18464147	709
12916234	19514975	715
12916234	13710445	781
12916234	16253106	800
12916234	19531567	807
12916234	19514897	807
12916234	22337104	809
12916234	19531571	823
12916234	18185281	844
12916234	13955186	866
12916234	7770986	869
12916234	15197179	879
12916234	18130744	889
12916234	18021634	901
12916234	18130746	908
12916234	17915296	916
12916234	20805410	923
12916234	49650310	984
12916234	7459221	1003
12916234	14579494	1100
12916234	6677293	1147
12916234	21057006	1150
12916234	41522043	1177
12916234	19227136	1193
12916234	19214639	1205
12916234	6902930	1233
12916234	16250137	1254
12916234	21049304	1306
12916234	16210652	1323
12916234	6902933	1328
12916234	14579476	1408
12916234	13227225	1413
12916234	13227229	1417
12916234	7816860	1457
12916234	18752420	1691
12916234	15178444	1699
12916234	13499757	1746
12916234	30241004	1802
12916234	33070192	1870
12916234	14579063	1959
12916234	15357084	2033
12916234	17950573	2239
12916234	33070146	3052
12916234	15394142	3056
12916234	35497190	3139
12916234	18130267	858
12916234	18752428	859
12916234	18752426	823
12916234	18130598	885
12916234	14579088	1341
12916234	16253108	678
12916234	18021636	691
12916234	14579536	1415
12916234	19524327	721
12916234	16211076	893
12916234	14579493	1476
12916234	7461171	1477
12916234	7751408	1524
12916234	5983027	1152
12916234	17915327	1570
12916234	17915328	1561
12916234	7751409	1819
12916234	5907297	1093
12916234	17916549	1532
12916234	15197186	1678
12916234	1940049	1167
12916234	7461174	1183
12916234	14607762	1863
12916234	7365144	1427
12916234	33070460	1629
12916234	18678271	2127
12916234	14723315	1732
12916234	15357077	3927
12916234	35450538	2519
12916234	13683935	1188
19588677	22337104	348
19588677	12916234	463
19588677	13710445	486
19588677	19524316	519
19588677	9001729	541
19588677	5983027	554
19588677	5907297	612
19588677	9001727	622
19588677	18754874	635
19588677	9001623	663
19588677	19531582	692
19588677	9001725	767
19588677	13955186	773
19588677	7459221	817
19588677	18021634	1064
19588677	33070460	1081
19588677	17915296	1139
19588677	20805410	1146
19588677	18752420	1230
19588677	16210652	1298
19588677	21057006	1315
19588677	21049304	1529
19588677	14579476	1573
19588677	15178444	1862
19588677	30241004	1967
19588677	35497190	2087
19588677	14579063	2124
19588677	15357084	2198
19588677	13499757	2350
19588677	17950573	2843
19588677	14723315	3102
19588677	33070192	3369
19588677	33070146	3656
19588677	15394142	3660
19588677	18678271	4476
19588677	15357081	4948
19588677	19514897	1196
19588677	16250137	1310
19588677	18130267	1081
19588677	18752428	1082
19588677	18752426	1046
19588677	18130598	1108
19588677	14579088	1564
19588677	18464147	931
19588677	41522043	1414
19588677	14579494	1682
19588677	19514975	837
19588677	16253108	901
19588677	18021636	914
19588677	18130744	1320
19588677	19227136	1430
19588677	19214639	1442
19588677	18130746	1300
19588677	19531567	664
19588677	19531571	647
19588677	18185281	626
19588677	14579536	1638
19588677	13227225	1559
19588677	7816860	2563
19588677	19524327	944
19588677	15197179	1103
19588677	16272469	918
19588677	16211076	1116
19588677	16253106	1243
19588677	14579493	1699
19588677	49650310	823
19588677	7770986	1339
19588677	17791429	1648
19588677	7461171	1700
19588677	15197181	1592
19588677	6902930	1470
19588677	7751408	1747
19588677	17915327	1793
19588677	6902933	1804
19588677	17915328	1784
19588677	7751409	2042
19588677	17916549	1755
19588677	15197186	1901
19588677	1940049	1390
19588677	7461174	1437
19588677	13227229	1884
19588677	14607762	2592
19588677	7365144	1650
19588677	35450538	2742
19588677	13683935	877
30241004	19227136	1290
30241004	19214639	1302
30241004	6902930	1330
30241004	15197186	1405
30241004	14579493	1408
30241004	14579494	1425
30241004	6902933	1425
30241004	41522043	1438
30241004	17791429	1441
30241004	7461171	1457
30241004	21049304	1490
30241004	6677293	1495
30241004	7751408	1505
30241004	16250137	1515
30241004	14607762	1525
30241004	7816860	1554
30241004	17915296	1619
30241004	1940049	1641
30241004	16253106	1683
30241004	20805410	1692
30241004	13227225	1738
30241004	7770986	1752
30241004	9001725	1758
30241004	49650310	1848
30241004	15197179	2060
30241004	9001729	2250
30241004	13227229	2300
30241004	19524316	2543
30241004	19514897	1402
30241004	18130267	1327
30241004	18752428	1328
30241004	18752426	1292
30241004	18130598	1354
30241004	14579088	1810
30241004	18464147	1098
30241004	19514975	1251
30241004	16253108	1147
30241004	18021636	1160
30241004	18130744	1566
30241004	18130746	1546
30241004	19531567	1447
30241004	19531571	1430
30241004	18185281	1409
30241004	19531582	1416
30241004	14579536	689
30241004	18752420	1520
30241004	19524327	1607
30241004	16272469	1111
30241004	16211076	1362
30241004	15197181	903
30241004	9001727	1403
30241004	5983027	1789
30241004	17915327	1020
30241004	17915328	1011
30241004	7751409	1269
30241004	5907297	1730
30241004	17916549	982
30241004	7461174	1331
30241004	13710445	1481
30241004	7365144	877
30241004	21057006	859
30241004	13955186	1204
30241004	14579476	393
30241004	18754874	1510
30241004	35497190	371
30241004	9001623	1811
30241004	15178444	795
30241004	12916234	1802
30241004	19588677	1967
30241004	13499757	1876
30241004	14579063	1193
30241004	33070460	2266
30241004	33070192	565
30241004	18678271	671
30241004	14723315	1433
35495295	7365144	1118
35495295	19227136	1282
35495295	19214639	1294
35495295	6902930	1322
35495295	15197186	1397
35495295	14579493	1400
35495295	6902933	1417
35495295	14579494	1417
35495295	41522043	1430
35495295	17791429	1433
35495295	7461171	1449
35495295	21049304	1482
35495295	6677293	1487
35495295	7751408	1497
35495295	16250137	1507
35495295	14607762	1517
35495295	7816860	1546
35495295	17915296	1611
35495295	1940049	1633
35495295	16253106	1675
35495295	20805410	1684
35495295	13227225	1730
35495295	7770986	1744
35495295	9001725	1750
35495295	49650310	1840
35495295	15197179	2052
35495295	9001729	2242
35495295	13227229	2292
35495295	19524316	2535
35495295	33070146	290
35495295	15394142	286
35495295	33070460	4793
35495295	22337104	4871
35495295	15357084	750
35495295	18678271	718
35495295	14723315	2846
35495295	15357077	799
35495294	33070146	83
35495294	7365144	988
35495294	19227136	1152
35495294	19214639	1164
35495294	6902930	1192
35495294	15197186	1267
35495294	14579493	1270
35495294	14579494	1287
35495294	6902933	1287
35495294	41522043	1300
35495294	17791429	1303
35495294	7461171	1319
35495294	21049304	1352
35495294	6677293	1357
35495294	7751408	1367
35495294	16250137	1377
35495294	14607762	1387
35495294	7816860	1416
35495294	17915296	1481
35495294	1940049	1503
35495294	16253106	1545
35495294	20805410	1554
35495294	13227225	1600
35495294	7770986	1614
35495294	9001725	1620
35495294	49650310	1710
35495294	15197179	1922
35495294	9001729	2112
35495294	13227229	2162
35495294	19524316	2405
35495294	15178444	2928
13499757	9001725	720
13499757	1940049	804
13499757	17915296	826
13499757	20805410	833
13499757	19524316	898
13499757	15197179	942
13499757	19514897	948
13499757	6677293	949
13499757	21057006	952
13499757	15197181	1006
13499757	18754874	1014
13499757	16272469	1049
13499757	12916234	1058
13499757	9001729	1093
13499757	15197186	1131
13499757	14579493	1157
13499757	18464147	1170
13499757	14579494	1174
13499757	9001727	1174
13499757	19514975	1176
13499757	21049304	1216
13499757	18130744	1242
13499757	19531582	1244
13499757	41522043	1251
13499757	17791429	1254
13499757	18021634	1254
13499757	18130746	1261
13499757	19227136	1267
13499757	19531567	1268
13499757	7461171	1270
13499757	19214639	1279
13499757	19531571	1284
13499757	18130598	1288
13499757	18185281	1305
13499757	6902930	1307
13499757	7751408	1318
13499757	13955186	1327
13499757	16250137	1328
13499757	19588677	1334
13499757	6902933	1402
13499757	7459221	1464
13499757	14579476	1482
13499757	13227225	1487
13499757	7365144	1487
13499757	14607762	1502
13499757	7816860	1531
13499757	17950573	1635
13499757	18021636	1647
13499757	16210652	1676
13499757	30241004	1876
13499757	33070192	1944
13499757	15178444	2052
13499757	15357084	2107
13499757	22337104	2297
13499757	14723315	2300
13499757	33070146	2448
13499757	15394142	2452
13499757	35497190	2535
13499757	14579063	2727
13499757	18130267	1960
13499757	18752428	1961
13499757	18752426	1925
13499757	14579088	2443
13499757	16253108	1780
13499757	14579536	1739
13499757	18752420	2153
13499757	19524327	1959
13499757	16211076	1995
13499757	16253106	1768
13499757	49650310	1870
13499757	7770986	2218
13499757	5983027	2422
13499757	17915327	1275
13499757	17915328	1266
13499757	7751409	1524
13499757	5907297	2363
13499757	17916549	1237
13499757	7461174	1805
13499757	13227229	1833
13499757	13710445	2114
13499757	33070460	3035
13499757	13683935	1441
33070146	15394142	4
33070146	35495295	290
33070146	35497190	293
33070146	15357081	313
33070146	14579063	485
33070146	7365144	905
33070146	19227136	1069
33070146	19214639	1081
33070146	6902930	1109
33070146	15197186	1184
33070146	14579493	1187
33070146	6902933	1204
33070146	14579494	1204
33070146	41522043	1217
33070146	17791429	1220
33070146	7461171	1236
33070146	21049304	1269
33070146	6677293	1274
33070146	7751408	1284
33070146	14579476	1284
33070146	16250137	1294
33070146	14607762	1304
33070146	7816860	1333
33070146	17915296	1398
33070146	1940049	1420
33070146	16253106	1462
33070146	20805410	1471
33070146	13227225	1517
33070146	7770986	1531
33070146	9001725	1537
33070146	49650310	1627
33070146	15197179	1839
33070146	9001729	2029
33070146	13227229	2079
33070146	19524316	2322
33070146	18754874	2438
33070146	19588677	2577
33070146	14723315	2734
33070146	15178444	2891
33070146	19524327	3265
33070146	17915327	2022
33070146	17915328	2013
33070146	7751409	2271
33070146	17916549	1984
33070146	12916234	3052
33070146	35495294	83
33070146	13499757	2448
33070146	33070460	4691
33070146	22337104	3687
33070146	15357084	648
33070146	18678271	616
33070146	15357077	697
33070146	17950573	935
33070146	13683935	2747
14579063	7365144	420
14579063	19227136	584
14579063	19214639	596
14579063	6902930	624
14579063	15197186	699
14579063	14579493	702
14579063	6902933	719
14579063	14579494	719
14579063	41522043	732
14579063	17791429	735
14579063	17950573	748
14579063	7461171	751
14579063	21049304	784
14579063	21057006	786
14579063	6677293	789
14579063	7751408	799
14579063	14579476	799
14579063	16250137	809
14579063	13499757	814
14579063	14607762	819
14579063	7816860	848
14579063	17915296	913
14579063	1940049	935
14579063	16253106	977
14579063	13227225	1032
14579063	20805410	1040
14579063	7770986	1046
14579063	18021634	1078
14579063	9001725	1106
14579063	49650310	1142
14579063	30241004	1193
14579063	13955186	1342
14579063	15197179	1354
14579063	15357084	1424
14579063	33070192	1425
14579063	16210652	1500
14579063	9001729	1544
14579063	33070146	1561
14579063	15394142	1565
14579063	13227229	1594
14579063	35497190	1648
14579063	12916234	1743
14579063	15178444	1876
14579063	19524316	1891
14579063	18754874	2007
14579063	14723315	2124
14579063	19588677	2146
14579063	22337104	2177
14579063	19514897	1559
14579063	18130267	1484
14579063	18752428	1485
14579063	18752426	1449
14579063	18130598	1511
14579063	14579088	1967
14579063	18464147	1255
14579063	19514975	1408
14579063	16253108	1304
14579063	18021636	1317
14579063	18130744	1723
14579063	18130746	1703
14579063	19531567	1604
14579063	19531571	1587
14579063	18185281	1566
14579063	19531582	1573
14579063	14579536	1098
14579063	18752420	1677
14579063	19524327	1764
14579063	16272469	1268
14579063	16211076	1519
14579063	15197181	1060
14579063	9001727	1560
14579063	5983027	1946
14579063	17915327	2301
14579063	17915328	2292
14579063	7751409	2550
14579063	5907297	1887
14579063	17916549	2263
14579063	7461174	1488
14579063	13710445	1638
14579063	9001623	1968
14579063	33070460	2423
14579063	13683935	3026
15394142	33070146	4
15394142	35495295	286
15394142	35497190	297
15394142	15357081	309
15394142	14579063	489
15394142	7365144	909
15394142	19227136	1073
15394142	19214639	1085
15394142	6902930	1113
15394142	15197186	1188
15394142	14579493	1191
15394142	6902933	1208
15394142	14579494	1208
15394142	41522043	1221
15394142	17791429	1224
15394142	7461171	1240
15394142	21049304	1273
15394142	6677293	1278
15394142	7751408	1288
15394142	14579476	1288
15394142	16250137	1298
15394142	14607762	1308
15394142	7816860	1337
15394142	17915296	1402
15394142	1940049	1424
15394142	16253106	1466
15394142	20805410	1475
15394142	13227225	1521
15394142	7770986	1535
15394142	9001725	1541
15394142	49650310	1631
15394142	15197179	1843
15394142	9001729	2033
15394142	13227229	2083
15394142	19524316	2326
15394142	18754874	2442
15394142	19588677	2581
15394142	14723315	2730
15394142	15178444	2887
15394142	19524327	3269
15394142	17915327	2026
15394142	17915328	2017
15394142	7751409	2275
15394142	17916549	1988
15394142	12916234	3056
15394142	13499757	2452
15394142	33070460	4687
15394142	22337104	3691
15394142	15357084	644
15394142	18678271	612
15394142	15357077	693
15394142	17950573	939
15394142	13683935	2751
33070460	18752420	746
33070460	13710445	785
33070460	19588677	1070
33070460	13955186	1072
33070460	7459221	1208
33070460	22337104	1249
33070460	18021634	1363
33070460	18754874	1541
33070460	21057006	1614
33070460	12916234	1629
33070460	18021636	1660
33070460	16210652	1689
33070460	14579476	1872
33070460	30241004	2266
33070460	35497190	2386
33070460	14579063	2423
33070460	15357084	2497
33070460	14723315	2676
33070460	17950573	2833
33070460	15178444	2928
33070460	33070192	2943
33070460	13227229	2952
33070460	13499757	3035
33070460	18678271	4050
33070460	15357081	4522
33070460	15394142	4687
33070460	33070146	4691
33070460	35495295	4793
33070460	15357077	4378
33070460	35450538	2970
22337104	19588677	443
22337104	33070460	733
22337104	18752420	882
22337104	13710445	921
22337104	19524316	969
22337104	18754874	1085
22337104	13955186	1208
22337104	7459221	1286
22337104	16253108	1369
22337104	49650310	1446
22337104	16253106	1509
22337104	7770986	1578
22337104	18021636	1738
22337104	21057006	1750
22337104	12916234	1765
22337104	16210652	1767
22337104	14579493	1797
22337104	17791429	1894
22337104	7461171	1910
22337104	6902930	1947
22337104	7751408	1958
22337104	6902933	2042
22337104	14579476	2122
22337104	7365144	2127
22337104	14607762	2142
22337104	13499757	2381
22337104	14723315	2754
22337104	17950573	2874
22337104	15178444	3006
22337104	33070192	3021
22337104	13227229	3030
22337104	33070146	3687
22337104	15394142	3691
22337104	35497190	3774
22337104	14579063	3966
22337104	18678271	4128
22337104	15357081	4600
22337104	35495295	4871
22337104	19514897	1542
22337104	16250137	1656
22337104	18130267	1427
22337104	18752428	1428
22337104	18752426	1392
22337104	18130598	1454
22337104	14579088	1910
22337104	18464147	1277
22337104	41522043	1760
22337104	14579494	2028
22337104	19514975	1183
22337104	18130744	1666
22337104	19227136	1776
22337104	19214639	1788
22337104	18130746	1646
22337104	19531567	1379
22337104	19531571	1362
22337104	18185281	1341
22337104	21049304	2340
22337104	19531582	999
22337104	14579536	1984
22337104	17915296	1758
22337104	13227225	1905
22337104	7816860	2594
22337104	20805410	1790
22337104	19524327	1290
22337104	15197179	1449
22337104	16272469	1264
22337104	16211076	1462
22337104	9001727	1335
22337104	5983027	883
22337104	17915327	2139
22337104	17915328	2130
22337104	7751409	2388
22337104	5907297	1662
22337104	17916549	2101
22337104	15197186	2247
22337104	9001729	1150
22337104	1940049	1736
22337104	7461174	1468
22337104	9001725	1590
22337104	9001623	818
22337104	35450538	3088
22337104	13683935	908
15357084	18678271	193
15357084	15357081	479
15357084	15394142	644
15357084	33070146	648
15357084	35495295	750
15357084	14579476	898
15357084	6902933	1051
15357084	6902930	1074
15357084	19214639	1102
15357084	7751408	1108
15357084	14579536	1120
15357084	14607762	1151
15357084	7816860	1180
15357084	13227225	1389
15357084	7365144	1553
15357084	19227136	1717
15357084	14723315	1791
15357084	15197186	1832
15357084	14579493	1835
15357084	14579494	1852
15357084	41522043	1865
15357084	17791429	1868
15357084	7461171	1884
15357084	21049304	1917
15357084	6677293	1922
15357084	16250137	1942
15357084	15178444	1948
15357084	17915296	2046
15357084	1940049	2068
15357084	16253106	2110
15357084	20805410	2119
15357084	7770986	2179
15357084	9001725	2185
15357084	19524316	2970
15357084	13227229	3179
15357084	18021636	3187
15357084	18021634	3213
15357084	16210652	3216
15357084	49650310	3277
15357084	13955186	3477
15357084	15197179	3489
15357084	7459221	3614
15357084	9001729	3679
15357084	12916234	3878
15357084	33070460	4329
15357084	19514897	1633
15357084	18130267	1558
15357084	18752428	1559
15357084	18752426	1523
15357084	18130598	1585
15357084	14579088	2041
15357084	18464147	1329
15357084	19514975	1482
15357084	16253108	1378
15357084	18130744	1797
15357084	18130746	1777
15357084	19531567	1678
15357084	19531571	1661
15357084	18185281	1640
15357084	19531582	1647
15357084	18752420	1751
15357084	19524327	1838
15357084	16272469	1342
15357084	16211076	1593
15357084	15197181	1134
15357084	9001727	1634
15357084	5983027	2020
15357084	17915327	1251
15357084	17915328	1242
15357084	7751409	1500
15357084	5907297	1961
15357084	17916549	1213
15357084	7461174	1562
15357084	13710445	1712
15357084	21057006	1090
15357084	18754874	1741
15357084	35497190	666
15357084	9001623	2042
15357084	19588677	2198
15357084	13499757	2107
15357084	14579063	1424
15357084	33070192	773
33070192	30241004	565
33070192	14579476	598
33070192	6902933	751
33070192	15357084	773
33070192	6902930	774
33070192	19214639	802
33070192	7751408	808
33070192	19227136	814
33070192	14579536	820
33070192	14607762	851
33070192	7816860	880
33070192	14579493	980
33070192	14579494	997
33070192	41522043	1010
33070192	17791429	1013
33070192	7365144	1022
33070192	7461171	1029
33070192	15178444	1040
33070192	21057006	1064
33070192	6677293	1067
33070192	16250137	1087
33070192	13227225	1089
33070192	17915296	1191
33070192	1940049	1213
33070192	16253106	1255
33070192	7770986	1324
33070192	18021634	1356
33070192	49650310	1420
33070192	13955186	1620
33070192	15197179	1632
33070192	9001729	1822
33070192	13227229	1891
33070192	18021636	1899
33070192	18754874	1933
33070192	15197186	1970
33070192	12916234	2021
33070192	21049304	2055
33070192	19588677	2244
33070192	22337104	2590
33070192	19514897	1470
33070192	18130267	1395
33070192	18752428	1396
33070192	18752426	1360
33070192	18130598	1422
33070192	14579088	1883
33070192	18464147	1166
33070192	19514975	1319
33070192	16253108	1215
33070192	18130744	1639
33070192	18130746	1619
33070192	19531567	1515
33070192	19531571	1498
33070192	18185281	1477
33070192	19531582	1484
33070192	18752420	1588
33070192	19524327	1675
33070192	19524316	1694
33070192	16272469	1179
33070192	16211076	1430
33070192	15197181	971
33070192	9001727	1471
33070192	5983027	1857
33070192	17915327	1252
33070192	17915328	1243
33070192	7751409	1501
33070192	5907297	1798
33070192	17916549	1214
33070192	7461174	1399
33070192	9001725	1447
33070192	13710445	1549
33070192	35497190	848
33070192	13499757	1944
33070192	14579063	1425
33070192	33070460	2943
33070192	18678271	565
33070192	14723315	996
33070192	35450538	72
18678271	15357084	384
18678271	33070192	565
18678271	15394142	612
18678271	33070146	616
18678271	30241004	671
18678271	14579476	704
18678271	35495295	718
18678271	6902933	857
18678271	6902930	880
18678271	19214639	908
18678271	7751408	914
18678271	19227136	920
18678271	14579536	926
18678271	14607762	957
18678271	7816860	986
18678271	14579493	1086
18678271	14579494	1103
18678271	41522043	1116
18678271	17791429	1119
18678271	7461171	1135
18678271	21057006	1170
18678271	6677293	1173
18678271	16250137	1193
18678271	13227225	1195
18678271	17915296	1297
18678271	1940049	1319
18678271	16253106	1361
18678271	7770986	1430
18678271	18021634	1462
18678271	7365144	1521
18678271	49650310	1526
18678271	16210652	1679
18678271	13955186	1726
18678271	15197179	1738
18678271	13227229	1750
18678271	15197186	1800
18678271	21049304	1885
18678271	9001729	1928
18678271	20805410	2087
18678271	12916234	2127
18678271	9001725	2153
18678271	19524316	2938
18678271	14579088	2990
18678271	18130744	2746
18678271	18130746	2726
18678271	18754874	1934
18678271	15178444	1219
18678271	19588677	4476
18678271	33070460	4050
18678271	22337104	4128
18678271	14723315	2103
18678271	15357077	242
18678271	35450538	640
14723315	15178444	857
14723315	33070192	996
14723315	13227229	1033
14723315	18021636	1041
14723315	18021634	1067
14723315	16210652	1070
14723315	49650310	1131
14723315	16253106	1194
14723315	7770986	1263
14723315	13955186	1331
14723315	15197179	1343
14723315	30241004	1433
14723315	7459221	1468
14723315	14579493	1482
14723315	9001729	1533
14723315	17791429	1579
14723315	7461171	1595
14723315	35450538	1608
14723315	21057006	1630
14723315	6902930	1632
14723315	6677293	1633
14723315	7751408	1643
14723315	18754874	1644
14723315	6902933	1727
14723315	12916234	1732
14723315	14579476	1807
14723315	7365144	1812
14723315	14607762	1827
14723315	19588677	1955
14723315	18678271	2103
14723315	22337104	2301
14723315	15357081	2575
14723315	15394142	2740
14723315	33070146	2744
14723315	33070460	2791
14723315	13499757	2834
14723315	35495295	2846
14723315	19514897	1545
14723315	16250137	1468
14723315	18130267	1239
14723315	18752428	1240
14723315	18752426	1204
14723315	18130598	1266
14723315	14579088	1616
14723315	18464147	1238
14723315	41522043	1572
14723315	14579494	1734
14723315	19514975	1394
14723315	16253108	1287
14723315	18130744	1372
14723315	19227136	1588
14723315	19214639	1600
14723315	18130746	1352
14723315	19531567	1590
14723315	19531571	1573
14723315	18185281	1552
14723315	21049304	2152
14723315	19531582	1561
14723315	14579536	1690
14723315	17915296	1761
14723315	13227225	1611
14723315	7816860	2215
14723315	20805410	1793
14723315	19524327	1821
14723315	19524316	1840
14723315	16272469	1251
14723315	16211076	1274
14723315	15197181	1670
14723315	9001727	1546
14723315	17915327	1951
14723315	17915328	1942
14723315	7751409	2200
14723315	17916549	1913
14723315	15197186	2059
14723315	1940049	1739
14723315	7461174	1755
14723315	9001725	1593
14723315	13710445	1624
14723315	14579063	2124
14723315	15357084	1791
14723315	15357077	1840
15357081	6902933	1124
15357081	6902930	1147
15357081	19214639	1175
15357081	7751408	1181
15357081	14579536	1193
15357081	14607762	1224
15357081	7816860	1253
15357081	13227225	1462
15357081	7365144	1626
15357081	19227136	1790
15357081	15197186	1905
15357081	14579493	1908
15357081	14579494	1925
15357081	41522043	1938
15357081	17791429	1941
15357081	7461171	1957
15357081	21049304	1990
15357081	6677293	1995
15357081	16250137	2015
15357081	15178444	2021
15357081	17915296	2119
15357081	1940049	2141
15357081	16253106	2183
15357081	20805410	2192
15357081	7770986	2252
15357081	9001725	2258
15357081	19524316	3043
15357081	13227229	3252
15357081	18021636	3260
15357081	49650310	3350
15357081	15197179	3562
15357081	9001729	3752
15357081	14579088	3462
15357081	18130744	3218
15357081	18130746	3198
15357081	18754874	3481
15357081	19588677	4948
15357081	33070146	313
15357081	15394142	309
15357081	33070460	4522
15357081	22337104	4600
15357081	15357084	479
15357081	14723315	2575
15357081	15357077	528
15357077	18678271	242
15357077	15357081	528
15357077	15394142	693
15357077	33070146	697
15357077	35495295	799
15357077	14579476	947
15357077	6902933	1100
15357077	6902930	1123
15357077	19214639	1151
15357077	7751408	1157
15357077	14579536	1169
15357077	14607762	1200
15357077	7816860	1229
15357077	13227225	1438
15357077	7365144	1602
15357077	19227136	1766
15357077	14723315	1840
15357077	15197186	1881
15357077	14579493	1884
15357077	14579494	1901
15357077	41522043	1914
15357077	17791429	1917
15357077	7461171	1933
15357077	21049304	1966
15357077	6677293	1971
15357077	16250137	1991
15357077	15178444	1997
15357077	17915296	2095
15357077	1940049	2117
15357077	16253106	2159
15357077	20805410	2168
15357077	7770986	2228
15357077	9001725	2234
15357077	19524316	3019
15357077	13227229	3228
15357077	18021636	3236
15357077	18021634	3262
15357077	16210652	3265
15357077	49650310	3326
15357077	13955186	3526
15357077	15197179	3538
15357077	7459221	3663
15357077	9001729	3728
15357077	12916234	3927
15357077	33070460	4378
17950573	7365144	887
17950573	33070146	935
17950573	15394142	939
17950573	35497190	1022
17950573	19227136	1051
17950573	19214639	1063
17950573	6902930	1091
17950573	13499757	1095
17950573	15197186	1166
17950573	14579493	1169
17950573	6902933	1186
17950573	14579494	1186
17950573	41522043	1199
17950573	17791429	1202
17950573	14579063	1214
17950573	7461171	1218
17950573	21049304	1251
17950573	21057006	1253
17950573	6677293	1256
17950573	7751408	1266
17950573	14579476	1266
17950573	16250137	1276
17950573	14607762	1286
17950573	1940049	1292
17950573	7816860	1315
17950573	20805410	1321
17950573	17915296	1380
17950573	9001725	1387
17950573	16253106	1444
17950573	13227225	1499
17950573	7770986	1513
17950573	18021634	1545
17950573	49650310	1609
17950573	13955186	1809
17950573	15197179	1821
17950573	16210652	1967
17950573	9001729	2011
17950573	13227229	2061
17950573	19524316	2172
17950573	12916234	2210
17950573	18754874	2288
17950573	15178444	2343
17950573	19588677	2427
17950573	22337104	2458
17950573	19514897	1969
17950573	18130267	1894
17950573	18752428	1895
17950573	18752426	1859
17950573	18130598	1921
17950573	14579088	2377
17950573	18464147	1665
17950573	19514975	1818
17950573	16253108	1714
17950573	18021636	1727
17950573	18130744	2133
17950573	18130746	2113
17950573	19531567	2014
17950573	19531571	1997
17950573	18185281	1976
17950573	19531582	1983
17950573	18752420	2087
17950573	19524327	2452
17950573	16272469	1678
17950573	16211076	1929
17950573	9001727	1970
17950573	5983027	2356
17950573	17915327	1209
17950573	17915328	1200
17950573	7751409	1458
17950573	5907297	2297
17950573	17916549	1171
17950573	7461174	1898
17950573	13710445	2048
17950573	33070460	2833
35450538	33070192	72
35450538	18678271	640
35450538	14579476	670
35450538	14723315	812
35450538	6902933	823
35450538	6902930	846
35450538	19214639	874
35450538	7751408	880
35450538	19227136	886
35450538	14579536	892
35450538	14607762	923
35450538	7816860	952
35450538	15178444	969
35450538	14579493	1052
35450538	14579494	1069
35450538	41522043	1082
35450538	17791429	1085
35450538	7365144	1094
35450538	7461171	1101
35450538	6677293	1139
35450538	16250137	1159
35450538	13227225	1161
35450538	17915296	1263
35450538	1940049	1285
35450538	16253106	1327
35450538	7770986	1396
35450538	13227229	1820
35450538	18021636	1828
35450538	18021634	1854
35450538	16210652	1857
35450538	49650310	1918
35450538	15197186	2042
35450538	13955186	2118
35450538	21049304	2127
35450538	15197179	2130
35450538	7459221	2255
35450538	9001729	2320
35450538	18754874	2431
35450538	12916234	2519
35450538	19588677	2742
35450538	33070460	2970
35450538	22337104	3088
13683935	19588677	877
13683935	22337104	908
13683935	9001725	1167
13683935	12916234	1188
13683935	19524316	1244
13683935	1940049	1251
13683935	9001729	1266
13683935	17915296	1273
13683935	5983027	1279
13683935	20805410	1280
13683935	5907297	1337
13683935	9001727	1347
13683935	18754874	1360
13683935	15197179	1389
13683935	19514897	1395
13683935	6677293	1396
13683935	21057006	1399
13683935	19531582	1417
13683935	13499757	1441
13683935	15197181	1453
13683935	16272469	1496
13683935	14579493	1604
13683935	14579494	1621
13683935	18130744	1689
13683935	41522043	1698
13683935	17791429	1701
13683935	18021634	1701
13683935	18130746	1708
13683935	19227136	1714
13683935	7461171	1717
13683935	19214639	1726
13683935	18130598	1735
13683935	6902930	1754
13683935	7751408	1765
13683935	16250137	1775
13683935	18752420	1790
13683935	15197186	1819
13683935	13710445	1829
13683935	6902933	1849
13683935	21049304	1904
13683935	14579476	1929
13683935	13227225	1934
13683935	14607762	1949
13683935	7816860	1978
13683935	7365144	2157
13683935	16253108	2277
13683935	49650310	2354
13683935	18021636	2646
13683935	33070146	2747
13683935	15394142	2751
13683935	35497190	2834
13683935	14579063	3026
13683935	15178444	3914
13683935	13227229	3938
