15197179	21057006	363
15197179	18021634	406
15197179	13955186	479
15197179	14579476	540
15197179	7459221	616
15197179	16210652	828
15197179	12916234	880
15197179	30241004	934
15197179	33070192	1002
15197179	18754874	1016
15197179	35497190	1054
15197179	14579063	1091
15197179	19588677	1103
15197179	15357084	1165
15197179	15178444	1204
15197179	22337104	1449
15197179	14723315	1452
15197179	17950573	1501
15197179	13499757	1567
15197179	9001623	888
15197179	35495295	2052
15197179	35495294	1922
15197179	33070146	1839
15197179	15394142	1843
15197179	18678271	1738
15197179	15357081	3562
15197179	15357077	3538
15197179	35450538	2130
15197179	13683935	1389
16272469	18021634	205
16272469	13955186	294
16272469	7459221	431
16272469	21057006	472
16272469	18754874	607
16272469	16210652	627
16272469	12916234	695
16272469	14579476	717
16272469	19588677	918
16272469	15178444	1003
16272469	30241004	1111
16272469	33070192	1179
16272469	35497190	1231
16272469	14723315	1251
16272469	22337104	1264
16272469	14579063	1268
16272469	15357084	1342
16272469	17950573	1678
16272469	13499757	1744
16272469	9001623	703
16272469	13683935	1496
16211076	18021634	228
16211076	13955186	492
16211076	16210652	650
16211076	21057006	791
16211076	18754874	805
16211076	12916234	893
16211076	14579476	968
16211076	15178444	1026
16211076	19588677	1116
16211076	14723315	1274
16211076	30241004	1362
16211076	33070192	1430
16211076	22337104	1462
16211076	35497190	1482
16211076	14579063	1519
16211076	15357084	1593
16211076	17950573	1929
16211076	13499757	1995
16253106	18021634	355
16253106	16210652	523
16253106	21057006	564
16253106	13955186	619
16253106	14579476	741
16253106	15178444	899
16253106	18754874	932
16253106	12916234	1020
16253106	30241004	1135
16253106	14723315	1147
16253106	33070192	1228
16253106	19588677	1243
16253106	35497190	1255
16253106	14579063	1292
16253106	15357084	1366
16253106	22337104	1589
16253106	17950573	1702
16253106	13499757	1768
16253106	7459221	540
16253106	9001623	809
16253106	35495295	1675
16253106	35495294	1545
16253106	33070146	1462
16253106	15394142	1466
16253106	18678271	1361
16253106	15357081	2183
16253106	15357077	2159
16253106	35450538	1327
14579493	14579476	367
14579493	30241004	761
14579493	21057006	800
14579493	18021634	811
14579493	16210652	814
14579493	33070192	821
14579493	15357084	992
14579493	35497190	1049
14579493	13955186	1075
14579493	14579063	1170
14579493	7459221	1212
14579493	18754874	1388
14579493	12916234	1476
14579493	15178444	1494
14579493	19588677	1699
14579493	14723315	1751
14579493	13499757	1811
14579493	22337104	2045
14579493	35495295	1400
14579493	35495294	1270
14579493	33070146	1187
14579493	15394142	1191
14579493	18678271	1086
14579493	15357081	1908
14579493	15357077	1884
14579493	17950573	1169
14579493	35450538	1052
14579493	13683935	1604
49650310	13955186	199
49650310	18021634	334
49650310	7459221	336
49650310	18754874	512
49650310	21057006	585
49650310	12916234	600
49650310	16210652	756
49650310	19588677	823
49650310	14579476	843
49650310	15178444	1132
49650310	22337104	1169
49650310	30241004	1237
49650310	33070192	1305
49650310	35497190	1357
49650310	14723315	1380
49650310	14579063	1394
49650310	15357084	1468
49650310	17950573	1804
49650310	13499757	1870
49650310	9001623	993
49650310	35495295	1840
49650310	35495294	1710
49650310	33070146	1627
49650310	15394142	1631
49650310	18678271	1526
49650310	15357081	3350
49650310	15357077	3326
49650310	35450538	1918
49650310	13683935	2354
7770986	18021634	451
7770986	16210652	454
7770986	13955186	715
7770986	7459221	852
7770986	21057006	1014
7770986	18754874	1028
7770986	12916234	1116
7770986	15178444	1134
7770986	14579476	1191
7770986	19588677	1339
7770986	14723315	1391
7770986	30241004	1585
7770986	33070192	1658
7770986	22337104	1685
7770986	35497190	1705
7770986	14579063	1742
7770986	15357084	1816
7770986	17950573	2152
7770986	13499757	2218
7770986	18678271	2765
7770986	15357081	3237
7770986	9001623	878
7770986	35495295	1744
7770986	35495294	1614
7770986	33070146	1531
7770986	15394142	1535
7770986	15357077	2228
7770986	35450538	1396
17791429	21057006	110
17791429	14579476	565
17791429	18021634	680
17791429	30241004	959
17791429	33070192	1027
17791429	16210652	1102
17791429	14579063	1116
17791429	15357084	1190
17791429	18754874	1198
17791429	17950573	1316
17791429	13499757	1382
17791429	15178444	1478
17791429	19588677	1648
17791429	14723315	1726
17791429	33070146	2129
17791429	15394142	2133
17791429	35497190	2216
17791429	13955186	582
17791429	7459221	925
17791429	35495295	1433
17791429	35495294	1303
17791429	22337104	1894
17791429	18678271	1119
17791429	15357081	1941
17791429	15357077	1917
17791429	35450538	1085
17791429	13683935	1701
7461171	14579476	368
7461171	30241004	762
7461171	21057006	801
7461171	18021634	812
7461171	16210652	815
7461171	33070192	822
7461171	15357084	993
7461171	35497190	1050
7461171	13955186	1076
7461171	14579063	1171
7461171	7459221	1213
7461171	18754874	1389
7461171	12916234	1477
7461171	15178444	1495
7461171	19588677	1700
7461171	14723315	1752
7461171	13499757	1812
7461171	22337104	2046
7461171	35495295	1449
7461171	35495294	1319
7461171	33070146	1236
7461171	15394142	1240
7461171	18678271	1135
7461171	15357081	1957
7461171	15357077	1933
7461171	17950573	1218
7461171	35450538	1101
7461171	13683935	1717
6677293	21057006	3
6677293	14579476	468
6677293	18754874	1085
6677293	15178444	1381
6677293	18021634	1052
6677293	13955186	636
6677293	16210652	967
6677293	7459221	979
6677293	35497190	1101
6677293	9001623	1156
6677293	12916234	1147
6677293	30241004	1495
6677293	35495295	1487
6677293	35495294	1357
6677293	13499757	949
6677293	33070146	1274
6677293	14579063	789
6677293	15394142	1278
6677293	15357084	1922
6677293	33070192	1067
6677293	18678271	1173
6677293	14723315	1633
6677293	15357081	1995
6677293	15357077	1971
6677293	17950573	1256
6677293	35450538	1139
6677293	13683935	1396
15197181	21057006	54
15197181	14579476	509
15197181	18021634	624
15197181	30241004	903
15197181	33070192	971
15197181	35497190	1023
15197181	16210652	1046
15197181	14579063	1060
15197181	15357084	1134
15197181	18754874	1142
15197181	15178444	1422
15197181	13499757	1536
15197181	19588677	1592
15197181	14723315	1670
15197181	13683935	1453
6902930	14579476	175
6902930	21057006	290
6902930	30241004	569
6902930	18021634	582
6902930	35497190	689
6902930	14579063	726
6902930	33070192	778
6902930	15357084	800
6902930	13955186	846
6902930	16210652	1004
6902930	18754874	1159
6902930	12916234	1247
6902930	17950573	1264
6902930	13499757	1330
6902930	15178444	1380
6902930	19588677	1470
6902930	14723315	1628
6902930	22337104	1816
6902930	7459221	978
6902930	9001623	1242
6902930	35495295	1322
6902930	35495294	1192
6902930	33070146	1109
6902930	15394142	1113
6902930	18678271	880
6902930	15357081	1147
6902930	15357077	1123
6902930	35450538	846
6902930	13683935	1754
9001727	13955186	209
9001727	7459221	346
9001727	18021634	500
9001727	18754874	678
9001727	21057006	751
9001727	12916234	766
9001727	16210652	922
9001727	19588677	989
9001727	14579476	1009
9001727	15178444	1298
9001727	22337104	1335
9001727	30241004	1403
9001727	33070192	1471
9001727	35497190	1523
9001727	14723315	1546
9001727	14579063	1560
9001727	15357084	1634
9001727	17950573	1970
9001727	13499757	2036
9001727	9001623	581
9001727	13683935	1347
7751408	14579476	172
7751408	30241004	566
7751408	21057006	605
7751408	33070192	626
7751408	15357084	797
7751408	35497190	854
7751408	18021634	859
7751408	16210652	862
7751408	14579063	975
7751408	13955186	1123
7751408	7459221	1260
7751408	18754874	1436
7751408	12916234	1524
7751408	15178444	1542
7751408	13499757	1616
7751408	19588677	1747
7751408	22337104	2093
7751408	35495295	1497
7751408	35495294	1367
7751408	33070146	1284
7751408	15394142	1288
7751408	18678271	914
7751408	14723315	1643
7751408	15357081	1181
7751408	15357077	1157
7751408	17950573	1266
7751408	35450538	880
7751408	13683935	1765
5983027	19588677	585
5983027	13955186	595
5983027	7459221	639
5983027	22337104	883
5983027	18021634	886
5983027	18754874	1064
5983027	21057006	1137
5983027	12916234	1152
5983027	14579476	1395
5983027	15178444	1684
5983027	30241004	1789
5983027	33070192	1857
5983027	35497190	1909
5983027	14579063	1946
5983027	15357084	2020
5983027	17950573	2356
5983027	13499757	2422
5983027	16210652	422
5983027	13683935	1279
17915327	21057006	613
17915327	14579476	626
17915327	18021634	905
17915327	30241004	1020
17915327	13955186	1169
17915327	17950573	1209
17915327	15357084	1251
17915327	33070192	1252
17915327	13499757	1275
17915327	16210652	1327
17915327	18754874	1482
17915327	12916234	1570
17915327	15178444	1703
17915327	19588677	1793
17915327	14723315	1951
17915327	33070146	2022
17915327	15394142	2026
17915327	35497190	2109
17915327	22337104	2139
17915327	14579063	2301
6902933	14579476	229
6902933	30241004	623
6902933	21057006	662
6902933	33070192	683
6902933	15357084	854
6902933	35497190	911
6902933	18021634	916
6902933	16210652	919
6902933	14579063	1032
6902933	13955186	1180
6902933	7459221	1317
6902933	18754874	1493
6902933	12916234	1581
6902933	15178444	1599
6902933	13499757	1673
6902933	19588677	1804
6902933	22337104	2150
6902933	9001623	1337
6902933	35495295	1417
6902933	35495294	1287
6902933	33070146	1204
6902933	15394142	1208
6902933	18678271	857
6902933	14723315	1727
6902933	15357081	1124
6902933	15357077	1100
6902933	17950573	1186
6902933	35450538	823
6902933	13683935	1849
17915328	21057006	604
17915328	14579476	617
17915328	18021634	896
17915328	30241004	1011
17915328	13955186	1160
17915328	17950573	1200
17915328	15357084	1242
17915328	33070192	1243
17915328	13499757	1266
17915328	16210652	1318
17915328	18754874	1473
17915328	12916234	1561
17915328	15178444	1694
17915328	19588677	1784
17915328	14723315	1942
17915328	33070146	2013
17915328	15394142	2017
17915328	35497190	2100
17915328	22337104	2130
17915328	14579063	2292
7751409	21057006	862
7751409	14579476	875
7751409	18021634	1154
7751409	30241004	1269
7751409	13955186	1418
7751409	17950573	1458
7751409	15357084	1500
7751409	33070192	1501
7751409	13499757	1524
7751409	16210652	1576
7751409	18754874	1731
7751409	12916234	1819
7751409	15178444	1952
7751409	19588677	2042
7751409	14723315	2200
7751409	33070146	2271
7751409	15394142	2275
7751409	35497190	2358
7751409	22337104	2388
7751409	14579063	2550
5907297	13955186	536
5907297	7459221	580
5907297	18021634	827
5907297	19588677	908
5907297	18754874	1005
5907297	21057006	1078
5907297	12916234	1093
5907297	14579476	1336
5907297	15178444	1625
5907297	22337104	1662
5907297	30241004	1730
5907297	33070192	1798
5907297	35497190	1850
5907297	14579063	1887
5907297	15357084	1961
5907297	17950573	2297
5907297	13499757	2363
5907297	16210652	480
5907297	13683935	1337
17916549	21057006	575
17916549	14579476	588
17916549	18021634	867
17916549	30241004	982
17916549	13955186	1131
17916549	17950573	1171
17916549	15357084	1213
17916549	33070192	1214
17916549	13499757	1237
17916549	16210652	1289
17916549	18754874	1444
17916549	12916234	1532
17916549	15178444	1665
17916549	19588677	1755
17916549	14723315	1913
17916549	33070146	1984
17916549	15394142	1988
17916549	35497190	2071
17916549	22337104	2101
17916549	14579063	2263
15197186	21057006	721
15197186	14579476	734
15197186	18021634	1013
15197186	30241004	1128
15197186	13955186	1277
15197186	17950573	1317
15197186	15357084	1359
15197186	33070192	1360
15197186	13499757	1383
15197186	16210652	1435
15197186	18754874	1590
15197186	12916234	1678
15197186	15178444	1811
15197186	19588677	1901
15197186	14723315	2059
15197186	33070146	2130
15197186	15394142	2134
15197186	35497190	2217
15197186	22337104	2247
15197186	14579063	2409
15197186	35495295	1397
15197186	35495294	1267
15197186	18678271	1800
15197186	15357081	1905
15197186	15357077	1881
15197186	35450538	2042
15197186	13683935	1819
9001729	13955186	291
9001729	7459221	428
9001729	18754874	493
9001729	12916234	581
9001729	18021634	582
9001729	19588677	804
9001729	21057006	833
9001729	16210652	1004
9001729	14579476	1091
9001729	22337104	1150
9001729	15178444	1380
9001729	30241004	1485
9001729	33070192	1553
9001729	35497190	1605
9001729	14723315	1628
9001729	14579063	1642
9001729	15357084	1716
9001729	17950573	2052
9001729	13499757	2118
9001729	9001623	500
9001729	35495295	2242
9001729	35495294	2112
9001729	33070146	2029
9001729	15394142	2033
9001729	18678271	1928
9001729	15357081	3752
9001729	15357077	3728
9001729	35450538	2320
9001729	13683935	1266
1940049	21057006	149
1940049	14579476	614
1940049	18021634	693
1940049	13955186	766
1940049	7459221	903
1940049	18754874	940
1940049	16210652	1115
1940049	12916234	1167
1940049	19588677	1390
1940049	15178444	1491
1940049	22337104	1736
1940049	14723315	1739
1940049	35497190	1247
1940049	30241004	1641
1940049	35495295	1633
1940049	35495294	1503
1940049	13499757	804
1940049	33070146	1420
1940049	14579063	935
1940049	15394142	1424
1940049	15357084	2068
1940049	33070192	1213
1940049	18678271	1319
1940049	15357081	2141
1940049	15357077	2117
1940049	17950573	1292
1940049	35450538	1285
1940049	13683935	1251
7461174	21057006	407
7461174	18021634	709
7461174	18754874	765
7461174	13955186	782
7461174	7459221	919
7461174	14579476	937
7461174	16210652	1131
7461174	12916234	1183
7461174	30241004	1331
7461174	33070192	1399
7461174	19588677	1437
7461174	35497190	1451
7461174	22337104	1468
7461174	14579063	1488
7461174	15178444	1507
7461174	15357084	1562
7461174	14723315	1755
7461174	13499757	1805
7461174	17950573	1898
13227229	14579476	474
13227229	33070192	779
13227229	30241004	783
13227229	21057006	940
13227229	18021634	996
13227229	16210652	999
13227229	15357084	1014
13227229	35497190	1071
13227229	14579063	1192
13227229	13955186	1260
13227229	7459221	1397
13227229	17950573	1513
13227229	18754874	1573
13227229	12916234	1661
13227229	15178444	1679
13227229	13499757	1833
13227229	19588677	1884
13227229	22337104	2230
13227229	9001623	1426
13227229	35495295	2292
13227229	35495294	2162
13227229	33070146	2079
13227229	15394142	2083
13227229	33070460	2952
13227229	18678271	1750
13227229	14723315	1033
13227229	15357081	3252
13227229	15357077	3228
13227229	35450538	1820
13227229	13683935	3938
14607762	35497190	498
14607762	14579063	619
14607762	21057006	906
14607762	14579476	919
14607762	17950573	940
14607762	33070146	968
14607762	15394142	972
14607762	18021634	1198
14607762	13499757	1260
14607762	13955186	1462
14607762	16210652	1620
14607762	12916234	1863
14607762	15178444	1996
14607762	14723315	2244
14607762	18754874	2453
14607762	19588677	2592
14607762	22337104	2623
14607762	7459221	1173
14607762	30241004	1525
14607762	35495295	1517
14607762	35495294	1387
14607762	15357084	1151
14607762	33070192	851
14607762	18678271	957
14607762	15357081	1224
14607762	15357077	1200
14607762	35450538	923
14607762	13683935	1949
9001725	21057006	455
9001725	18021634	547
9001725	13955186	620
9001725	7459221	757
9001725	18754874	813
9001725	16210652	969
9001725	14579476	985
9001725	12916234	1021
9001725	19588677	1244
9001725	15178444	1345
9001725	30241004	1379
9001725	33070192	1447
9001725	35497190	1499
9001725	14579063	1536
9001725	22337104	1590
9001725	14723315	1593
9001725	15357084	1610
9001725	13499757	1853
9001725	17950573	1946
9001725	9001623	553
9001725	35495295	1750
9001725	35495294	1620
9001725	33070146	1537
9001725	15394142	1541
9001725	18678271	2153
9001725	15357081	2258
9001725	15357077	2234
9001725	13683935	1167
13710445	7459221	254
13710445	13955186	287
13710445	18021634	578
13710445	18754874	756
13710445	21057006	829
13710445	12916234	844
13710445	16210652	1000
13710445	19588677	1067
13710445	14579476	1087
13710445	15178444	1376
13710445	22337104	1413
13710445	30241004	1481
13710445	33070192	1549
13710445	35497190	1601
13710445	14723315	1624
13710445	14579063	1638
13710445	15357084	1712
13710445	17950573	2048
13710445	13499757	2114
13710445	9001623	790
13710445	33070460	785
13710445	13683935	1829
7365144	21057006	470
7365144	14579476	483
7365144	18021634	762
7365144	30241004	877
7365144	13955186	1026
7365144	17950573	1060
7365144	15357084	1108
7365144	33070192	1109
7365144	13499757	1126
7365144	16210652	1184
7365144	18754874	1339
7365144	12916234	1427
7365144	15178444	1560
7365144	19588677	1650
7365144	14723315	1808
7365144	33070146	1873
7365144	15394142	1877
7365144	35497190	1960
7365144	22337104	1996
7365144	14579063	2152
7365144	7459221	1158
7365144	35495295	1118
7365144	35495294	988
7365144	18678271	1521
7365144	15357081	1626
7365144	15357077	1602
7365144	35450538	1094
7365144	13683935	2157
