19514897	16250137	23	45	12	12		264898	57	557	501	12		193497
19514897	18130267	23	45	8	8		103812	57	557	450	8		122562
19514897	18752428	23	45	8	8		127867	57	557	450	8		132316
19514897	18752426	23	45	8	8		133340	57	557	450	8		127888
19514897	18130598	23	45	8	8		124836	57	557	450	8		134541
19514897	14579088	23	45	8	8		137290	57	557	557	8		122596
19514897	18464147	23	45	8	8		126756	57	557	557	8		145351
19514897	41522043	23	45	12	12		119779	57	557	501	12		129000
19514897	14579494	23	45	11	11		119513	57	557	557	11		130261
19514897	15197179	23	45	10	10		116438	57	557	557	10		119799
19514897	16272469	23	45	8	8		108058	57	557	506	8		116561
19514897	16211076	23	45	8	8		113734	57	557	450	8		138005
19514897	16253106	23	45	9	9		119585	57	557	557	9		117418
19514897	14579493	23	45	11	11		120772	57	557	557	11		124704
19514897	49650310	23	45	8	8		113875	57	557	557	8		119541
19514897	7770986	23	45	8	8		111584	57	557	557	8		118540
19514897	17791429	23	45	9	9		111280	57	557	506	9		123311
19514897	7461171	23	45	11	11		116881	57	557	557	11		127193
19514897	6677293	23	45	10	10		112771	57	557	557	10		116026
19514897	21057006	23	45	11	11		110896	57	557	444	11		113014
19514897	18021634	23	45	12	12		102970	57	557	500	12		109595
19514897	13955186	23	45	10	10		115799	57	557	500	10		107684
19514897	16210652	23	45	10	10		118069	57	557	500	10		109311
19514897	14579476	23	45	12	12		103675	57	557	500	12		107932
19514897	7459221	23	45	8	8		107033	57	557	387	8		104605
19514897	18754874	23	45	11	11		104471	57	557	500	11		102183
19514897	35497190	23	45	12	12		103229	57	557	444	12		105822
19514897	9001623	23	45	9	9		100716	57	557	455	9		103260
19514897	15178444	23	45	9	9		99758	57	557	455	9		105516
16250137	19514897	25	81	12	12		105956	51	500	500	12		110416
16250137	18130267	25	81	14	14		102193	51	500	402	14		102042
16250137	18752428	25	81	14	14		101320	51	500	402	14		106231
16250137	18752426	25	81	14	14		108504	51	500	402	14		105310
16250137	18130598	25	81	14	14		101839	51	500	402	14		105812
16250137	14579088	25	81	14	14		105296	51	500	500	14		109410
16250137	18464147	25	81	12	12		93775	51	500	500	12		111266
16250137	41522043	25	81	13	13		102732	51	500	449	13		107860
16250137	14579494	25	81	13	13		108432	51	500	500	13		109110
16250137	15197179	25	81	13	13		103653	51	500	500	13		109210
16250137	16272469	25	81	12	12		103863	51	500	453	12		105874
16250137	16211076	25	81	14	14		109615	51	500	402	14		105045
16250137	16253106	25	81	12	12		100350	51	500	500	12		111213
16250137	14579493	25	81	13	13		104236	51	500	500	13		110070
16250137	49650310	25	81	12	12		104924	51	500	500	12		109403
16250137	7770986	25	81	14	14		107704	51	500	500	14		116120
16250137	17791429	25	81	12	12		107676	51	500	455	12		106559
16250137	7461171	25	81	13	13		102105	51	500	500	13		106050
16250137	6677293	25	81	12	12		104329	51	500	500	12		103018
16250137	21057006	25	81	13	13		104190	51	500	398	13		110932
16250137	18021634	25	81	12	12		101875	51	500	449	12		109319
16250137	13955186	25	81	15	15		101279	51	500	449	15		118050
16250137	16210652	25	81	14	14		105980	51	500	449	14		108399
16250137	14579476	25	81	13	13		101154	51	500	449	13		106904
16250137	7459221	25	81	16	16		109042	51	500	347	16		113476
16250137	18754874	25	81	12	12		102108	51	500	449	12		106142
16250137	35497190	25	81	14	14		105266	51	500	398	14		106918
16250137	9001623	25	81	13	13		112244	51	500	408	13		102490
16250137	15178444	25	81	13	13		100017	51	500	408	13		102248
18130267	19514897	8	26	6	6		112497	8	79	79	6		95280
18130267	16250137	8	26	6	6		99010	8	79	71	6		97195
18130267	18752428	8	26	5	5		93959	8	79	63	5		101248
18130267	18752426	8	26	5	5		102450	8	79	63	5		99717
18130267	18130598	8	26	5	5		94176	8	79	63	5		101685
18130267	14579088	8	26	5	5		93384	8	79	79	5		102330
18130267	18464147	8	26	6	6		96985	8	79	79	6		95502
18130267	41522043	8	26	8	8		99899	8	79	71	8		93244
18130267	14579494	8	26	8	8		95593	8	79	79	8		99689
18130267	15197179	8	26	6	6		104653	8	79	79	6		96913
18130267	16272469	8	26	6	6		98305	8	79	71	6		97904
18130267	16211076	8	26	5	5		100552	8	79	63	5		97962
18130267	16253106	8	26	5	5		104426	8	79	79	5		103270
18130267	14579493	8	26	8	8		100125	8	79	79	8		95522
18130267	49650310	8	26	4	4		99408	8	79	79	4		96232
18130267	7770986	8	26	5	5		95644	8	79	79	5		112567
18130267	17791429	8	26	6	6		97940	8	79	72	6		97833
18130267	7461171	8	26	8	8		98578	8	79	79	8		99671
18130267	6677293	8	26	6	6		95238	8	79	79	6		98828
18130267	21057006	8	26	6	6		92714	8	79	63	6		97696
18130267	18021634	8	26	8	8		96921	8	79	71	8		114917
18130267	13955186	8	26	6	6		104864	8	79	71	6		104482
18130267	16210652	8	26	6	6		99672	8	79	71	6		105644
18130267	14579476	8	26	8	8		102412	8	79	71	8		100092
18130267	7459221	8	26	5	5		98786	8	79	55	5		98680
18130267	18754874	8	26	7	7		100470	8	79	71	7		99490
18130267	35497190	8	26	10	10		97660	8	79	63	10		102661
18130267	9001623	8	26	6	6		100404	8	79	64	6		99150
18130267	15178444	8	26	7	7		101881	8	79	64	7		96792
18752428	19514897	8	26	6	6		95216	8	79	79	6		94929
18752428	16250137	8	26	6	6		100434	8	79	71	6		108679
18752428	18130267	8	26	5	5		98849	8	79	63	5		100710
18752428	18752426	8	26	5	5		97029	8	79	63	5		97162
18752428	18130598	8	26	5	5		98528	8	79	63	5		97836
18752428	14579088	8	26	5	5		101135	8	79	79	5		98997
18752428	18464147	8	26	6	6		96645	8	79	79	6		95527
18752428	41522043	8	26	8	8		94639	8	79	71	8		93699
18752428	14579494	8	26	8	8		96259	8	79	79	8		97778
18752428	15197179	8	26	6	6		94831	8	79	79	6		94660
18752428	16272469	8	26	6	6		93301	8	79	71	6		96123
18752428	16211076	8	26	5	5		102459	8	79	63	5		100479
18752428	16253106	8	26	5	5		99466	8	79	79	5		96343
18752428	14579493	8	26	8	8		96320	8	79	79	8		100299
18752428	49650310	8	26	4	4		100096	8	79	79	4		105971
18752428	7770986	8	26	5	5		116462	8	79	79	5		102924
18752428	17791429	8	26	6	6		93653	8	79	72	6		87066
18752428	7461171	8	26	8	8		86187	8	79	79	8		94629
18752428	6677293	8	26	6	6		101908	8	79	79	6		98402
18752428	21057006	8	26	6	6		109622	8	79	63	6		90898
18752428	18021634	8	26	8	8		96455	8	79	71	8		95874
18752428	13955186	8	26	6	6		97994	8	79	71	6		102880
18752428	16210652	8	26	6	6		102686	8	79	71	6		105172
18752428	14579476	8	26	8	8		101868	8	79	71	8		102390
18752428	7459221	8	26	5	5		93948	8	79	55	5		100015
18752428	18754874	8	26	7	7		98057	8	79	71	7		98978
18752428	35497190	8	26	10	10		102868	8	79	63	10		101709
18752428	9001623	8	26	6	6		98990	8	79	64	6		101840
18752428	15178444	8	26	7	7		100734	8	79	64	7		107583
18752426	19514897	18	46	7	7		106349	31	301	301	7		107240
18752426	16250137	18	46	10	10		104309	31	301	271	10		103602
18752426	18130267	18	46	7	7		99539	31	301	245	7		104537
18752426	18752428	18	46	7	7		102915	31	301	245	7		104811
18752426	18130598	18	46	7	7		102244	31	301	245	7		113425
18752426	14579088	18	46	7	7		100327	31	301	301	7		102056
18752426	18464147	18	46	7	7		100209	31	301	301	7		104175
18752426	41522043	18	46	13	13		95907	31	301	271	13		100738
18752426	14579494	18	46	10	10		104622	31	301	301	10		98167
18752426	15197179	18	46	9	9		98010	31	301	301	9		103012
18752426	16272469	18	46	7	7		124850	31	301	275	7		103365
18752426	16211076	18	46	7	7		117359	31	301	245	7		103229
18752426	16253106	18	46	8	8		102247	31	301	301	8		102944
18752426	14579493	18	46	10	10		99680	31	301	301	10		111864
18752426	49650310	18	46	6	6		100050	31	301	301	6		110704
18752426	7770986	18	46	7	7		104797	31	301	301	7		102004
18752426	17791429	18	46	10	10		110342	31	301	273	10		109044
18752426	7461171	18	46	10	10		99480	31	301	301	10		129191
18752426	6677293	18	46	11	11		109931	31	301	301	11		109438
18752426	21057006	18	46	10	10		100600	31	301	240	10		110172
18752426	18021634	18	46	13	13		111005	31	301	270	13		116144
18752426	13955186	18	46	9	9		118829	31	301	270	9		113987
18752426	16210652	18	46	10	10		111432	31	301	270	10		109572
18752426	14579476	18	46	11	11		122270	31	301	270	11		148616
18752426	7459221	18	46	7	7		111775	31	301	209	7		109129
18752426	18754874	18	46	9	9		108100	31	301	270	9		127980
18752426	35497190	18	46	11	11		105735	31	301	240	11		114313
18752426	9001623	18	46	6	6		102691	31	301	247	6		112584
18752426	15178444	18	46	9	9		114081	31	301	247	9		126330
18130598	19514897	12	43	9	9		113590	25	245	245	9		112044
18130598	16250137	12	43	10	10		107519	25	245	220	10		475617
18130598	18130267	12	43	8	8		111225	25	245	197	8		110089
18130598	18752428	12	43	8	8		110372	25	245	197	8		112271
18130598	18752426	12	43	8	8		108857	25	245	197	8		117349
18130598	14579088	12	43	8	8		122354	25	245	245	8		112661
18130598	18464147	12	43	9	9		109087	25	245	245	9		119254
18130598	41522043	12	43	10	10		104693	25	245	220	10		103708
18130598	14579494	12	43	10	10		101518	25	245	245	10		110731
18130598	15197179	12	43	10	10		111964	25	245	245	10		130920
18130598	16272469	12	43	9	9		113736	25	245	222	9		109051
18130598	16211076	12	43	8	8		104823	25	245	197	8		106086
18130598	16253106	12	43	8	8		118759	25	245	245	8		102561
18130598	14579493	12	43	10	10		181071	25	245	245	10		106026
18130598	49650310	12	43	7	7		112049	25	245	245	7		112771
18130598	7770986	12	43	8	8		114613	25	245	245	8		579229
18130598	17791429	12	43	8	8		111794	25	245	223	8		109855
18130598	7461171	12	43	10	10		169011	25	245	245	10		107771
18130598	6677293	12	43	8	8		106310	25	245	245	8		119330
18130598	21057006	12	43	9	9		104433	25	245	195	9		113375
18130598	18021634	12	43	10	10		120537	25	245	220	10		118981
18130598	13955186	12	43	9	9		112975	25	245	220	9		117381
18130598	16210652	12	43	9	9		120711	25	245	220	9		110621
18130598	14579476	12	43	10	10		100801	25	245	220	10		107207
18130598	7459221	12	43	8	8		102778	25	245	170	8		109590
18130598	18754874	12	43	10	10		114938	25	245	220	10		111598
18130598	35497190	12	43	11	11		111358	25	245	195	11		112901
18130598	9001623	12	43	12	12		115602	25	245	200	12		101828
18130598	15178444	12	43	9	9		111475	25	245	200	9		115490
14579088	19514897	20	72	16	16		120881	35	342	342	16		119106
14579088	16250137	20	72	12	12		108551	35	342	307	12		113142
14579088	18130267	20	72	13	13		109821	35	342	276	13		107481
14579088	18752428	20	72	13	13		104503	35	342	276	13		129137
14579088	18752426	20	72	13	13		115524	35	342	276	13		124618
14579088	18130598	20	72	13	13		113237	35	342	276	13		109628
14579088	18464147	20	72	16	16		109611	35	342	342	16		108285
14579088	41522043	20	72	11	11		113472	35	342	307	11		114001
14579088	14579494	20	72	13	13		124549	35	342	342	13		118736
14579088	15197179	20	72	11	11		113038	35	342	342	11		107615
14579088	16272469	20	72	15	15		106791	35	342	311	15		111171
14579088	16211076	20	72	13	13		105142	35	342	276	13		113203
14579088	16253106	20	72	12	12		112314	35	342	342	12		113030
14579088	14579493	20	72	13	13		114649	35	342	342	13		110406
14579088	49650310	20	72	12	12		112498	35	342	342	12		120272
14579088	7770986	20	72	13	13		109108	35	342	342	13		117997
14579088	17791429	20	72	11	11		113158	35	342	311	11		124248
14579088	7461171	20	72	13	13		108178	35	342	342	13		117021
14579088	6677293	20	72	11	11		108965	35	342	342	11		148614
14579088	21057006	20	72	13	13		187824	35	342	272	13		100167
14579088	18021634	20	72	13	13		129864	35	342	307	13		119714
14579088	13955186	20	72	12	12		119273	35	342	307	12		114760
14579088	16210652	20	72	16	16		107786	35	342	307	16		115911
14579088	14579476	20	72	13	13		106006	35	342	307	13		110478
14579088	7459221	20	72	13	13		103367	35	342	237	13		154567
14579088	18754874	20	72	13	13		106053	35	342	307	13		105232
14579088	35497190	20	72	16	16		106261	35	342	272	16		107472
14579088	9001623	20	72	15	15		106408	35	342	280	15		104865
14579088	15178444	20	72	12	12		105673	35	342	280	12		103816
18464147	19514897	23	43	7	7		110518	56	547	547	7		120174
18464147	16250137	23	43	11	11		108492	56	547	492	11		100732
18464147	18130267	23	43	7	7		226768	56	547	442	7		129810
18464147	18752428	23	43	7	7		97506	56	547	442	7		99670
18464147	18752426	23	43	7	7		109745	56	547	442	7		111908
18464147	18130598	23	43	7	7		99468	56	547	442	7		100596
18464147	14579088	23	43	7	7		114515	56	547	547	7		114892
18464147	41522043	23	43	11	11		101233	56	547	492	11		109484
18464147	14579494	23	43	9	9		108312	56	547	547	9		117543
18464147	15197179	23	43	9	9		112807	56	547	547	9		128400
18464147	16272469	23	43	7	7		105341	56	547	497	7		110654
18464147	16211076	23	43	7	7		107422	56	547	442	7		112644
18464147	16253106	23	43	8	8		110544	56	547	547	8		113436
18464147	14579493	23	43	9	9		107868	56	547	547	9		111952
18464147	49650310	23	43	6	6		102880	56	547	547	6		113482
18464147	7770986	23	43	7	7		110380	56	547	547	7		113073
18464147	17791429	23	43	8	8		104591	56	547	497	8		113915
18464147	7461171	23	43	9	9		108349	56	547	547	9		121501
18464147	6677293	23	43	9	9		109412	56	547	547	9		112557
18464147	21057006	23	43	10	10		109143	56	547	436	10		119652
18464147	18021634	23	43	10	10		102447	56	547	491	10		115437
18464147	13955186	23	43	9	9		102149	56	547	491	9		119332
18464147	16210652	23	43	10	10		106705	56	547	491	10		129878
18464147	14579476	23	43	11	11		100539	56	547	491	11		113253
18464147	7459221	23	43	7	7		113671	56	547	380	7		117536
18464147	18754874	23	43	10	10		114880	56	547	491	10		282394
18464147	35497190	23	43	11	11		107434	56	547	436	11		413975
18464147	9001623	23	43	7	7		283327	56	547	447	7		115172
18464147	15178444	23	43	7	7		95606	56	547	447	7		111904
41522043	19514897	21	70	13	13		216445	35	342	342	13		111571
41522043	16250137	21	70	12	12		101482	35	342	307	12		107935
41522043	18130267	21	70	12	12		105137	35	342	276	12		110746
41522043	18752428	21	70	12	12		103325	35	342	276	12		97638
41522043	18752426	21	70	12	12		104547	35	342	276	12		105976
41522043	18130598	21	70	12	12		104920	35	342	276	12		106023
41522043	14579088	21	70	12	12		101660	35	342	342	12		107196
41522043	18464147	21	70	14	14		108993	35	342	342	14		107577
41522043	14579494	21	70	14	14		105871	35	342	342	14		116731
41522043	15197179	21	70	14	14		99373	35	342	342	14		111426
41522043	16272469	21	70	13	13		103966	35	342	311	13		102850
41522043	16211076	21	70	12	12		101356	35	342	276	12		109674
41522043	16253106	21	70	13	13		108454	35	342	342	13		113953
41522043	14579493	21	70	14	14		105451	35	342	342	14		104166
41522043	49650310	21	70	11	11		113369	35	342	342	11		102061
41522043	7770986	21	70	12	12		114496	35	342	342	12		109800
41522043	17791429	21	70	11	11		105247	35	342	311	11		113345
41522043	7461171	21	70	14	14		114789	35	342	342	14		113424
41522043	6677293	21	70	11	11		112873	35	342	342	11		116290
41522043	21057006	21	70	12	12		116285	35	342	272	12		111696
41522043	18021634	21	70	12	12		109874	35	342	307	12		113992
41522043	13955186	21	70	14	14		108655	35	342	307	14		116212
41522043	16210652	21	70	14	14		104640	35	342	307	14		112466
41522043	14579476	21	70	13	13		110186	35	342	307	13		107241
41522043	7459221	21	70	12	12		101637	35	342	237	12		109966
41522043	18754874	21	70	12	12		107340	35	342	307	12		102237
41522043	35497190	21	70	15	15		101690	35	342	272	15		115014
41522043	9001623	21	70	14	14		110885	35	342	280	14		111943
41522043	15178444	21	70	13	13		107939	35	342	280	13		106747
14579494	19514897	15	53	9	9		108138	43	421	421	9		115053
14579494	16250137	15	53	11	11		109292	43	421	378	11		118289
14579494	18130267	15	53	9	9		100524	43	421	339	9		111644
14579494	18752428	15	53	9	9		115132	43	421	339	9		113895
14579494	18752426	15	53	9	9		106311	43	421	339	9		109358
14579494	18130598	15	53	9	9		101581	43	421	339	9		101493
14579494	14579088	15	53	9	9		122381	43	421	421	9		195217
14579494	18464147	15	53	10	10		102271	43	421	421	10		110908
14579494	41522043	15	53	13	13		104708	43	421	378	13		108878
14579494	15197179	15	53	10	10		114993	43	421	421	10		121023
14579494	16272469	15	53	10	10		128150	43	421	382	10		115695
14579494	16211076	15	53	9	9		106348	43	421	339	9		118220
14579494	16253106	15	53	9	9		108060	43	421	421	9		110603
14579494	14579493	15	53	11	11		115841	43	421	421	11		119814
14579494	49650310	15	53	10	10		111099	43	421	421	10		110953
14579494	7770986	15	53	9	9		111500	43	421	421	9		124583
14579494	17791429	15	53	9	9		106971	43	421	383	9		120982
14579494	7461171	15	53	11	11		118489	43	421	421	11		116783
14579494	6677293	15	53	12	12		137444	43	421	421	12		116176
14579494	21057006	15	53	10	10		109440	43	421	335	10		121358
14579494	18021634	15	53	9	9		106571	43	421	378	9		116210
14579494	13955186	15	53	11	11		107742	43	421	378	11		111655
14579494	16210652	15	53	11	11		111278	43	421	378	11		115932
14579494	14579476	15	53	11	11		116295	43	421	378	11		110430
14579494	7459221	15	53	10	10		104936	43	421	292	10		111557
14579494	18754874	15	53	10	10		112490	43	421	378	10		111811
14579494	35497190	15	53	12	12		109928	43	421	335	12		111289
14579494	9001623	15	53	9	9		103869	43	421	344	9		108958
14579494	15178444	15	53	10	10		106500	43	421	344	10		107739
15197179	19514897	26	48	9	9		114080	81	793	793	9		141352
15197179	16250137	26	48	12	12		101420	81	793	713	12		108319
15197179	18130267	26	48	9	9		108386	81	793	639	9		118636
15197179	18752428	26	48	9	9		108251	81	793	639	9		109646
15197179	18752426	26	48	9	9		112522	81	793	639	9		107657
15197179	18130598	26	48	9	9		103876	81	793	639	9		112286
15197179	14579088	26	48	9	9		115254	81	793	793	9		117929
15197179	18464147	26	48	9	9		105917	81	793	793	9		112970
15197179	41522043	26	48	13	13		110817	81	793	713	13		125133
15197179	14579494	26	48	12	12		120041	81	793	793	12		116031
15197179	16272469	26	48	9	9		111646	81	793	719	9		108928
15197179	16211076	26	48	9	9		104292	81	793	639	9		120256
15197179	16253106	26	48	10	10		112452	81	793	793	10		122357
15197179	14579493	26	48	12	12		112257	81	793	793	12		121592
15197179	49650310	26	48	8	8		120175	81	793	793	8		126864
15197179	7770986	26	48	9	9		101513	81	793	793	9		118809
15197179	17791429	26	48	10	10		112654	81	793	721	10		129114
15197179	7461171	26	48	12	12		108843	81	793	793	12		124047
15197179	6677293	26	48	11	11		110499	81	793	793	11		123232
15197179	21057006	26	48	12	12		116097	81	793	632	12		122131
15197179	18021634	26	48	12	12		106597	81	793	712	12		124954
15197179	13955186	26	48	11	11		107457	81	793	712	11		125692
15197179	16210652	26	48	11	11		108671	81	793	712	11		119222
15197179	14579476	26	48	13	13		111017	81	793	712	13		116040
15197179	7459221	26	48	9	9		108474	81	793	551	9		119681
15197179	18754874	26	48	11	11		124902	81	793	712	11		112357
15197179	35497190	26	48	13	13		105080	81	793	632	13		112447
15197179	9001623	26	48	8	8		128487	81	793	647	8		124621
15197179	15178444	26	48	10	10		107204	81	793	647	10		117918
16272469	19514897	24	48	7	7		98628	49	477	477	7		102754
16272469	16250137	24	48	11	11		107241	49	477	429	11		100363
16272469	18130267	24	48	7	7		110674	49	477	387	7		104620
16272469	18752428	24	48	7	7		108064	49	477	387	7		107004
16272469	18752426	24	48	7	7		105265	49	477	387	7		111944
16272469	18130598	24	48	7	7		107554	49	477	387	7		115106
16272469	14579088	24	48	7	7		106878	49	477	477	7		117920
16272469	18464147	24	48	7	7		94503	49	477	477	7		112064
16272469	41522043	24	48	12	12		98067	49	477	429	12		117041
16272469	14579494	24	48	11	11		107831	49	477	477	11		119418
16272469	15197179	24	48	9	9		104405	49	477	477	9		113700
16272469	16211076	24	48	7	7		101817	49	477	387	7		114133
16272469	16253106	24	48	8	8		129239	49	477	477	8		98332
16272469	14579493	24	48	11	11		104822	49	477	477	11		116232
16272469	49650310	24	48	9	9		117363	49	477	477	9		126724
16272469	7770986	24	48	7	7		95553	49	477	477	7		96129
16272469	17791429	24	48	9	9		115851	49	477	433	9		118311
16272469	7461171	24	48	11	11		109775	49	477	477	11		108342
16272469	6677293	24	48	10	10		112406	49	477	477	10		110680
16272469	21057006	24	48	10	10		104310	49	477	380	10		112651
16272469	18021634	24	48	13	13		104529	49	477	428	13		118296
16272469	13955186	24	48	9	9		104029	49	477	428	9		121301
16272469	16210652	24	48	11	11		106896	49	477	428	11		115739
16272469	14579476	24	48	12	12		101272	49	477	428	12		108636
16272469	7459221	24	48	7	7		114619	49	477	331	7		118681
16272469	18754874	24	48	10	10		109611	49	477	428	10		131030
16272469	35497190	24	48	12	12		106857	49	477	380	12		113307
16272469	9001623	24	48	9	9		106790	49	477	391	9		114934
16272469	15178444	24	48	9	9		113211	49	477	391	9		100050
16211076	19514897	5	25	7	7		109911	5	47	47	7		104144
16211076	16250137	5	25	10	10		106936	5	47	43	10		104333
16211076	18130267	5	25	7	7		111260	5	47	40	7		104938
16211076	18752428	5	25	7	7		104744	5	47	40	7		108014
16211076	18752426	5	25	7	7		103864	5	47	40	7		127990
16211076	18130598	5	25	7	7		98827	5	47	40	7		106050
16211076	14579088	5	25	7	7		106033	5	47	47	7		111441
16211076	18464147	5	25	7	7		114552	5	47	47	7		106848
16211076	41522043	5	25	9	9		100518	5	47	43	9		109974
16211076	14579494	5	25	9	9		103139	5	47	47	9		104426
16211076	15197179	5	25	9	9		103890	5	47	47	9		99351
16211076	16272469	5	25	7	7		108369	5	47	44	7		102605
16211076	16253106	5	25	8	8		106393	5	47	47	8		105158
16211076	14579493	5	25	9	9		116384	5	47	47	9		108157
16211076	49650310	5	25	6	6		101988	5	47	47	6		99340
16211076	7770986	5	25	7	7		105984	5	47	47	7		120254
16211076	17791429	5	25	6	6		93991	5	47	42	6		102773
16211076	7461171	5	25	9	9		106561	5	47	47	9		101911
16211076	6677293	5	25	7	7		101818	5	47	47	7		100155
16211076	21057006	5	25	10	10		121452	5	47	38	10		103454
16211076	18021634	5	25	9	9		102103	5	47	42	9		183829
16211076	13955186	5	25	9	9		114478	5	47	42	9		107329
16211076	16210652	5	25	8	8		372641	5	47	42	8		160940
16211076	14579476	5	25	9	9		109486	5	47	42	9		107417
16211076	7459221	5	25	7	7		107060	5	47	33	7		232220
16211076	18754874	5	25	9	9		107499	5	47	42	9		94961
16211076	35497190	5	25	9	9		105256	5	47	38	9		107309
16211076	9001623	5	25	6	6		111839	5	47	39	6		98074
16211076	15178444	5	25	7	7		102550	5	47	39	7		101761
16253106	19514897	27	49	7	7		115880	81	793	793	7		121592
16253106	16250137	27	49	10	10		110333	81	793	713	10		133227
16253106	18130267	27	49	7	7		106240	81	793	639	7		119536
16253106	18752428	27	49	7	7		109699	81	793	639	7		126263
16253106	18752426	27	49	7	7		109881	81	793	639	7		120388
16253106	18130598	27	49	7	7		108127	81	793	639	7		121554
16253106	14579088	27	49	7	7		109934	81	793	793	7		129651
16253106	18464147	27	49	7	7		105993	81	793	793	7		113032
16253106	41522043	27	49	12	12		104457	81	793	713	12		118556
16253106	14579494	27	49	9	9		108555	81	793	793	9		124977
16253106	15197179	27	49	9	9		107612	81	793	793	9		139798
16253106	16272469	27	49	7	7		103302	81	793	719	7		127172
16253106	16211076	27	49	7	7		112237	81	793	639	7		109668
16253106	14579493	27	49	9	9		117085	81	793	793	9		127216
16253106	49650310	27	49	7	7		113147	81	793	793	7		129531
16253106	7770986	27	49	7	7		131007	81	793	793	7		135086
16253106	17791429	27	49	9	9		111371	81	793	721	9		122104
16253106	7461171	27	49	9	9		113667	81	793	793	9		109288
16253106	6677293	27	49	10	10		108776	81	793	793	10		121107
16253106	21057006	27	49	10	10		107937	81	793	632	10		123555
16253106	18021634	27	49	13	13		122164	81	793	712	13		126053
16253106	13955186	27	49	9	9		116145	81	793	712	9		130679
16253106	16210652	27	49	11	11		112423	81	793	712	11		110998
16253106	14579476	27	49	10	10		119527	81	793	712	10		126695
16253106	7459221	27	49	7	7		106013	81	793	551	7		115721
16253106	18754874	27	49	9	9		110104	81	793	712	9		122643
16253106	35497190	27	49	10	10		111453	81	793	632	10		121936
16253106	9001623	27	49	9	9		109992	81	793	647	9		126210
16253106	15178444	27	49	10	10		97551	81	793	647	10		116570
14579493	19514897	25	81	11	11		105600	68	668	668	11		116262
14579493	16250137	25	81	13	13		104477	68	668	600	13		115950
14579493	18130267	25	81	14	14		100719	68	668	536	14		115980
14579493	18752428	25	81	14	14		103155	68	668	536	14		113058
14579493	18752426	25	81	14	14		113423	68	668	536	14		107792
14579493	18130598	25	81	14	14		107471	68	668	536	14		113060
14579493	14579088	25	81	14	14		106616	68	668	668	14		121543
14579493	18464147	25	81	12	12		135852	68	668	668	12		130843
14579493	41522043	25	81	13	13		118792	68	668	600	13		121106
14579493	14579494	25	81	13	13		111517	68	668	668	13		110383
14579493	15197179	25	81	12	12		108886	68	668	668	12		116799
14579493	16272469	25	81	11	11		105729	68	668	604	11		113099
14579493	16211076	25	81	14	14		102568	68	668	536	14		115104
14579493	16253106	25	81	13	13		118181	68	668	668	13		126482
14579493	49650310	25	81	12	12		112183	68	668	668	12		124032
14579493	7770986	25	81	14	14		113865	68	668	668	14		121275
14579493	17791429	25	81	12	12		107822	68	668	608	12		123860
14579493	7461171	25	81	13	13		117089	68	668	668	13		125511
14579493	6677293	25	81	11	11		107296	68	668	668	11		202748
14579493	21057006	25	81	13	13		111042	68	668	532	13		134333
14579493	18021634	25	81	12	12		106457	68	668	600	12		118942
14579493	13955186	25	81	16	16		108627	68	668	600	16		122610
14579493	16210652	25	81	14	14		113056	68	668	600	14		127245
14579493	14579476	25	81	13	13		106643	68	668	600	13		122881
14579493	7459221	25	81	17	17		108752	68	668	464	17		125985
14579493	18754874	25	81	12	12		119824	68	668	600	12		99789
14579493	35497190	25	81	14	14		112344	68	668	532	14		111353
14579493	9001623	25	81	11	11		118911	68	668	544	11		117604
14579493	15178444	25	81	14	14		103854	68	668	544	14		115369
49650310	19514897	25	62	12	12		109870	76	746	746	12		119325
49650310	16250137	25	62	13	13		107210	76	746	670	13		126837
49650310	18130267	25	62	11	11		140851	76	746	599	11		119239
49650310	18752428	25	62	11	11		107118	76	746	599	11		121574
49650310	18752426	25	62	11	11		111761	76	746	599	11		128796
49650310	18130598	25	62	11	11		109818	76	746	599	11		121533
49650310	14579088	25	62	11	11		108923	76	746	746	11		111843
49650310	18464147	25	62	12	12		107231	76	746	746	12		122430
49650310	41522043	25	62	15	15		109876	76	746	670	15		116209
49650310	14579494	25	62	14	14		108067	76	746	746	14		125259
49650310	15197179	25	62	13	13		112499	76	746	746	13		121100
49650310	16272469	25	62	12	12		105625	76	746	675	12		127587
49650310	16211076	25	62	11	11		98289	76	746	599	11		115244
49650310	16253106	25	62	11	11		107995	76	746	746	11		122254
49650310	14579493	25	62	14	14		108199	76	746	746	14		128035
49650310	7770986	25	62	11	11		106454	76	746	746	11		124684
49650310	17791429	25	62	11	11		111405	76	746	679	11		116839
49650310	7461171	25	62	14	14		104116	76	746	746	14		120309
49650310	6677293	25	62	12	12		115050	76	746	746	12		127878
49650310	21057006	25	62	13	13		123120	76	746	594	13		125665
49650310	18021634	25	62	11	11		114310	76	746	670	11		125831
49650310	13955186	25	62	12	12		115169	76	746	670	12		126551
49650310	16210652	25	62	11	11		125143	76	746	670	11		113855
49650310	14579476	25	62	15	15		115593	76	746	670	15		112112
49650310	7459221	25	62	10	10		106748	76	746	518	10		117281
49650310	18754874	25	62	11	11		107688	76	746	670	11		113299
49650310	35497190	25	62	17	17		99161	76	746	594	17		121929
49650310	9001623	25	62	13	13		121079	76	746	608	13		121852
49650310	15178444	25	62	13	13		99817	76	746	608	13		118563
7770986	19514897	37	98	16	16		110352	76	746	746	16		126738
7770986	16250137	37	98	14	14		115264	76	746	670	14		121605
7770986	18130267	37	98	15	15		108551	76	746	599	15		120008
7770986	18752428	37	98	15	15		109736	76	746	599	15		133416
7770986	18752426	37	98	15	15		107851	76	746	599	15		127505
7770986	18130598	37	98	15	15		104627	76	746	599	15		128501
7770986	14579088	37	98	15	15		113094	76	746	746	15		126380
7770986	18464147	37	98	18	18		110206	76	746	746	18		121254
7770986	41522043	37	98	16	16		108087	76	746	670	16		121189
7770986	14579494	37	98	17	17		106674	76	746	746	17		126839
7770986	15197179	37	98	15	15		107396	76	746	746	15		131880
7770986	16272469	37	98	18	18		114970	76	746	675	18		127888
7770986	16211076	37	98	15	15		117506	76	746	599	15		127669
7770986	16253106	37	98	15	15		117851	76	746	746	15		122441
7770986	14579493	37	98	17	17		115261	76	746	746	17		121743
7770986	49650310	37	98	14	14		116076	76	746	746	14		130185
7770986	17791429	37	98	12	12		111909	76	746	679	12		129567
7770986	7461171	37	98	17	17		106892	76	746	746	17		131217
7770986	6677293	37	98	14	14		114172	76	746	746	14		117732
7770986	21057006	37	98	15	15		113789	76	746	594	15		121771
7770986	18021634	37	98	17	17		113775	76	746	670	17		139064
7770986	13955186	37	98	18	18		118345	76	746	670	18		147166
7770986	16210652	37	98	19	19		240803	76	746	670	19		113882
7770986	14579476	37	98	15	15		248599	76	746	670	15		113809
7770986	7459221	37	98	16	16		270178	76	746	518	16		119180
7770986	18754874	37	98	15	15		115434	76	746	670	15		116473
7770986	35497190	37	98	14	14		104425	76	746	594	14		126980
7770986	9001623	37	98	17	17		97929	76	746	608	17		109885
7770986	15178444	37	98	15	15		108731	76	746	608	15		118401
17791429	19514897	23	79	11	11		100934	76	746	746	11		126898
17791429	16250137	23	79	13	13		112683	76	746	670	13		106387
17791429	18130267	23	79	15	15		113460	76	746	599	15		126076
17791429	18752428	23	79	15	15		128045	76	746	599	15		186201
17791429	18752426	23	79	15	15		105171	76	746	599	15		121558
17791429	18130598	23	79	15	15		118815	76	746	599	15		114664
17791429	14579088	23	79	15	15		112142	76	746	746	15		107238
17791429	18464147	23	79	11	11		110577	76	746	746	11		128812
17791429	41522043	23	79	14	14		107792	76	746	670	14		125804
17791429	14579494	23	79	15	15		105848	76	746	746	15		105033
17791429	15197179	23	79	12	12		281790	76	746	746	12		138411
17791429	16272469	23	79	11	11		99028	76	746	675	11		109498
17791429	16211076	23	79	15	15		90486	76	746	599	15		97299
17791429	16253106	23	79	12	12		95201	76	746	746	12		104055
17791429	14579493	23	79	15	15		96695	76	746	746	15		102864
17791429	49650310	23	79	11	11		94516	76	746	746	11		124590
17791429	7770986	23	79	15	15		107621	76	746	746	15		103058
17791429	7461171	23	79	15	15		97032	76	746	746	15		99985
17791429	6677293	23	79	13	13		100537	76	746	746	13		116254
17791429	21057006	23	79	13	13		99493	76	746	594	13		103515
17791429	18021634	23	79	12	12		106940	76	746	670	12		111442
17791429	13955186	23	79	17	17		113369	76	746	670	17		119172
17791429	16210652	23	79	11	11		95102	76	746	670	11		104848
17791429	14579476	23	79	13	13		99221	76	746	670	13		101739
17791429	7459221	23	79	18	18		100883	76	746	518	18		107026
17791429	18754874	23	79	12	12		102168	76	746	670	12		105779
17791429	35497190	23	79	15	15		94862	76	746	594	15		104997
17791429	9001623	23	79	11	11		100346	76	746	608	11		106402
17791429	15178444	23	79	14	14		93061	76	746	608	14		97712
7461171	19514897	32	86	13	13		101717	76	746	746	13		110893
7461171	16250137	32	86	13	13		108662	76	746	670	13		99912
7461171	18130267	32	86	12	12		99399	76	746	599	12		98375
7461171	18752428	32	86	12	12		97741	76	746	599	12		100847
7461171	18752426	32	86	12	12		93054	76	746	599	12		98469
7461171	18130598	32	86	12	12		102419	76	746	599	12		101799
7461171	14579088	32	86	12	12		98100	76	746	746	12		97620
7461171	18464147	32	86	12	12		95806	76	746	746	12		97441
7461171	41522043	32	86	13	13		98054	76	746	670	13		98988
7461171	14579494	32	86	11	11		95042	76	746	746	11		111030
7461171	15197179	32	86	11	11		105382	76	746	746	11		103819
7461171	16272469	32	86	13	13		95756	76	746	675	13		99953
7461171	16211076	32	86	12	12		89659	76	746	599	12		101774
7461171	16253106	32	86	11	11		92197	76	746	746	11		107691
7461171	14579493	32	86	11	11		118630	76	746	746	11		102685
7461171	49650310	32	86	13	13		102879	76	746	746	13		108706
7461171	7770986	32	86	12	12		89295	76	746	746	12		109266
7461171	17791429	32	86	12	12		93980	76	746	679	12		103106
7461171	6677293	32	86	12	12		102861	76	746	746	12		108128
7461171	21057006	32	86	12	12		101370	76	746	594	12		115379
7461171	18021634	32	86	11	11		109686	76	746	670	11		132634
7461171	13955186	32	86	14	14		98777	76	746	670	14		103492
7461171	16210652	32	86	17	17		102929	76	746	670	17		98827
7461171	14579476	32	86	14	14		98715	76	746	670	14		100652
7461171	7459221	32	86	13	13		93935	76	746	518	13		112581
7461171	18754874	32	86	13	13		105522	76	746	670	13		102832
7461171	35497190	32	86	12	12		99118	76	746	594	12		104094
7461171	9001623	32	86	17	17		97056	76	746	608	17		101815
7461171	15178444	32	86	10	10		95330	76	746	608	10		98512
6677293	19514897	22	64	11	11		105472	81	793	793	11		117201
6677293	16250137	22	64	14	14		109473	81	793	713	14		102008
6677293	18130267	22	64	10	10		96800	81	793	639	10		102742
6677293	18752428	22	64	10	10		96787	81	793	639	10		105483
6677293	18752426	22	64	10	10		97202	81	793	639	10		105449
6677293	18130598	22	64	10	10		103804	81	793	639	10		100759
6677293	14579088	22	64	10	10		102622	81	793	793	10		106175
6677293	18464147	22	64	11	11		97010	81	793	793	11		104465
6677293	41522043	22	64	14	14		101761	81	793	713	14		100004
6677293	14579494	22	64	13	13		100116	81	793	793	13		111336
6677293	15197179	22	64	13	13		107875	81	793	793	13		115548
6677293	16272469	22	64	11	11		96086	81	793	719	11		105891
6677293	16211076	22	64	10	10		101653	81	793	639	10		106675
6677293	16253106	22	64	9	9		99380	81	793	793	9		106477
6677293	14579493	22	64	13	13		103432	81	793	793	13		121407
6677293	49650310	22	64	10	10		115138	81	793	793	10		102472
6677293	7770986	22	64	10	10		100868	81	793	793	10		111811
6677293	17791429	22	64	10	10		103402	81	793	721	10		105415
6677293	7461171	22	64	13	13		110005	81	793	793	13		103386
6677293	21057006	22	64	14	14		113858	81	793	632	14		117033
6677293	18021634	22	64	11	11		103088	81	793	712	11		113676
6677293	13955186	22	64	11	11		96306	81	793	712	11		115933
6677293	16210652	22	64	10	10		101751	81	793	712	10		110586
6677293	14579476	22	64	12	12		100305	81	793	712	12		146522
6677293	7459221	22	64	12	12		104896	81	793	551	12		98518
6677293	18754874	22	64	12	12		103861	81	793	712	12		107556
6677293	35497190	22	64	14	14		99104	81	793	632	14		98590
6677293	9001623	22	64	10	10		96868	81	793	647	10		108696
6677293	15178444	22	64	11	11		102746	81	793	647	11		97431
21057006	19514897	22	64	11	11		103370	81	793	793	11		104066
21057006	16250137	22	64	14	14		101422	81	793	713	14		100683
21057006	18130267	22	64	10	10		95194	81	793	639	10		108750
21057006	18752428	22	64	10	10		89843	81	793	639	10		102215
21057006	18752426	22	64	10	10		103312	81	793	639	10		114045
21057006	18130598	22	64	10	10		95431	81	793	639	10		104802
21057006	14579088	22	64	10	10		96191	81	793	793	10		116608
21057006	18464147	22	64	11	11		102685	81	793	793	11		101873
21057006	41522043	22	64	14	14		97532	81	793	713	14		114377
21057006	14579494	22	64	13	13		105478	81	793	793	13		103912
21057006	15197179	22	64	13	13		96018	81	793	793	13		111533
21057006	16272469	22	64	11	11		94798	81	793	719	11		104172
21057006	16211076	22	64	10	10		92849	81	793	639	10		101541
21057006	16253106	22	64	9	9		102543	81	793	793	9		124272
21057006	14579493	22	64	13	13		106386	81	793	793	13		107266
21057006	49650310	22	64	10	10		99675	81	793	793	10		103619
21057006	7770986	22	64	10	10		96883	81	793	793	10		100225
21057006	17791429	22	64	10	10		92508	81	793	721	10		105662
21057006	7461171	22	64	13	13		102598	81	793	793	13		109011
21057006	6677293	22	64	11	11		105191	81	793	793	11		103026
21057006	18021634	22	64	11	11		100505	81	793	712	11		109334
21057006	13955186	22	64	11	11		99174	81	793	712	11		106596
21057006	16210652	22	64	10	10		95353	81	793	712	10		99769
21057006	14579476	22	64	12	12		106809	81	793	712	12		112182
21057006	7459221	22	64	12	12		96005	81	793	551	12		100614
21057006	18754874	22	64	12	12		95579	81	793	712	12		108626
21057006	35497190	22	64	14	14		94810	81	793	632	14		101372
21057006	9001623	22	64	10	10		93149	81	793	647	10		107553
21057006	15178444	22	64	11	11		93388	81	793	647	11		105527
18021634	19514897	32	55	7	7		103900	81	793	793	7		106436
18021634	16250137	32	55	10	10		99975	81	793	713	10		99366
18021634	18130267	32	55	7	7		96254	81	793	639	7		100834
18021634	18752428	32	55	7	7		103305	81	793	639	7		102508
18021634	18752426	32	55	7	7		103493	81	793	639	7		99816
18021634	18130598	32	55	7	7		104202	81	793	639	7		103913
18021634	14579088	32	55	7	7		98377	81	793	793	7		101936
18021634	18464147	32	55	7	7		97151	81	793	793	7		100857
18021634	41522043	32	55	11	11		107458	81	793	713	11		115897
18021634	14579494	32	55	9	9		100246	81	793	793	9		107757
18021634	15197179	32	55	9	9		99035	81	793	793	9		102345
18021634	16272469	32	55	7	7		101181	81	793	719	7		101830
18021634	16211076	32	55	7	7		94921	81	793	639	7		107508
18021634	16253106	32	55	8	8		106766	81	793	793	8		110964
18021634	14579493	32	55	9	9		96414	81	793	793	9		103412
18021634	49650310	32	55	7	7		98261	81	793	793	7		106242
18021634	7770986	32	55	7	7		94685	81	793	793	7		107731
18021634	17791429	32	55	8	8		95651	81	793	721	8		116354
18021634	7461171	32	55	9	9		109908	81	793	793	9		139664
18021634	6677293	32	55	9	9		102145	81	793	793	9		105623
18021634	21057006	32	55	10	10		94970	81	793	632	10		106483
18021634	13955186	32	55	9	9		103366	81	793	712	9		101070
18021634	16210652	32	55	13	13		100890	81	793	712	13		119219
18021634	14579476	32	55	11	11		106589	81	793	712	11		124888
18021634	7459221	32	55	7	7		102397	81	793	551	7		109369
18021634	18754874	32	55	9	9		102461	81	793	712	9		166238
18021634	35497190	32	55	11	11		147460	81	793	632	11		114331
18021634	9001623	32	55	7	7		105085	81	793	647	7		115128
18021634	15178444	32	55	9	9		91303	81	793	647	9		106039
13955186	19514897	25	52	12	12		100281	81	793	793	12		100122
13955186	16250137	25	52	14	14		93987	81	793	713	14		102762
13955186	18130267	25	52	9	9		104475	81	793	639	9		115883
13955186	18752428	25	52	9	9		111397	81	793	639	9		101403
13955186	18752426	25	52	9	9		103420	81	793	639	9		104084
13955186	18130598	25	52	9	9		104206	81	793	639	9		97412
13955186	14579088	25	52	9	9		95232	81	793	793	9		100997
13955186	18464147	25	52	12	12		101669	81	793	793	12		117551
13955186	41522043	25	52	12	12		100512	81	793	713	12		118625
13955186	14579494	25	52	11	11		93552	81	793	793	11		105879
13955186	15197179	25	52	15	15		98703	81	793	793	15		98672
13955186	16272469	25	52	12	12		107798	81	793	719	12		102701
13955186	16211076	25	52	9	9		107693	81	793	639	9		125569
13955186	16253106	25	52	10	10		105185	81	793	793	10		104692
13955186	14579493	25	52	11	11		101356	81	793	793	11		101381
13955186	49650310	25	52	9	9		98188	81	793	793	9		112699
13955186	7770986	25	52	9	9		93850	81	793	793	9		116027
13955186	17791429	25	52	9	9		100117	81	793	721	9		114385
13955186	7461171	25	52	11	11		108031	81	793	793	11		102433
13955186	6677293	25	52	10	10		98290	81	793	793	10		107032
13955186	21057006	25	52	12	12		93361	81	793	632	12		107589
13955186	18021634	25	52	14	14		97281	81	793	712	14		124477
13955186	16210652	25	52	12	12		114944	81	793	712	12		130587
13955186	14579476	25	52	12	12		104806	81	793	712	12		106098
13955186	7459221	25	52	9	9		95213	81	793	551	9		101054
13955186	18754874	25	52	15	15		98711	81	793	712	15		105274
13955186	35497190	25	52	13	13		109682	81	793	632	13		120492
13955186	9001623	25	52	13	13		107077	81	793	647	13		101886
13955186	15178444	25	52	9	9		97233	81	793	647	9		103014
16210652	19514897	25	46	8	8		100385	81	793	793	8		105140
16210652	16250137	25	46	11	11		99070	81	793	713	11		115488
16210652	18130267	25	46	8	8		112311	81	793	639	8		116001
16210652	18752428	25	46	8	8		96959	81	793	639	8		102791
16210652	18752426	25	46	8	8		93187	81	793	639	8		104391
16210652	18130598	25	46	8	8		104537	81	793	639	8		101459
16210652	14579088	25	46	8	8		94026	81	793	793	8		105860
16210652	18464147	25	46	8	8		109574	81	793	793	8		115869
16210652	41522043	25	46	13	13		96080	81	793	713	13		110713
16210652	14579494	25	46	11	11		96239	81	793	793	11		108924
16210652	15197179	25	46	10	10		96627	81	793	793	10		104774
16210652	16272469	25	46	8	8		94981	81	793	719	8		116414
16210652	16211076	25	46	8	8		106765	81	793	639	8		117847
16210652	16253106	25	46	9	9		99365	81	793	793	9		108232
16210652	14579493	25	46	11	11		103790	81	793	793	11		107439
16210652	49650310	25	46	8	8		97126	81	793	793	8		104994
16210652	7770986	25	46	8	8		102222	81	793	793	8		126738
16210652	17791429	25	46	10	10		106989	81	793	721	10		103924
16210652	7461171	25	46	11	11		103519	81	793	793	11		107777
16210652	6677293	25	46	11	11		103656	81	793	793	11		127860
16210652	21057006	25	46	11	11		97299	81	793	632	11		110910
16210652	18021634	25	46	12	12		101641	81	793	712	12		113434
16210652	13955186	25	46	10	10		110911	81	793	712	10		107802
16210652	14579476	25	46	13	13		100162	81	793	712	13		110127
16210652	7459221	25	46	8	8		99014	81	793	551	8		115461
16210652	18754874	25	46	10	10		101661	81	793	712	10		101213
16210652	35497190	25	46	14	14		105299	81	793	632	14		107137
16210652	9001623	25	46	11	11		120306	81	793	647	11		98974
16210652	15178444	25	46	9	9		103142	81	793	647	9		110132
14579476	19514897	24	71	10	10		97707	81	793	793	10		108999
14579476	16250137	24	71	14	14		96420	81	793	713	14		109012
14579476	18130267	24	71	12	12		103695	81	793	639	12		114471
14579476	18752428	24	71	12	12		105503	81	793	639	12		109808
14579476	18752426	24	71	12	12		108547	81	793	639	12		116537
14579476	18130598	24	71	12	12		99659	81	793	639	12		102812
14579476	14579088	24	71	12	12		101632	81	793	793	12		105091
14579476	18464147	24	71	11	11		92773	81	793	793	11		110872
14579476	41522043	24	71	12	12		106243	81	793	713	12		111586
14579476	14579494	24	71	12	12		96936	81	793	793	12		105272
14579476	15197179	24	71	13	13		100725	81	793	793	13		102116
14579476	16272469	24	71	10	10		95264	81	793	719	10		103546
14579476	16211076	24	71	12	12		94678	81	793	639	12		114785
14579476	16253106	24	71	12	12		111169	81	793	793	12		105987
14579476	14579493	24	71	12	12		104287	81	793	793	12		103785
14579476	49650310	24	71	11	11		1770853	81	793	793	11		99574
14579476	7770986	24	71	12	12		146400	81	793	793	12		120505
14579476	17791429	24	71	10	10		105974	81	793	721	10		110791
14579476	7461171	24	71	12	12		107852	81	793	793	12		110165
14579476	6677293	24	71	10	10		99812	81	793	793	10		106175
14579476	21057006	24	71	15	15		110225	81	793	632	15		113129
14579476	18021634	24	71	14	14		98838	81	793	712	14		104380
14579476	13955186	24	71	13	13		105117	81	793	712	13		134671
14579476	16210652	24	71	13	13		102868	81	793	712	13		102017
14579476	7459221	24	71	14	14		103770	81	793	551	14		100435
14579476	18754874	24	71	13	13		117020	81	793	712	13		105778
14579476	35497190	24	71	13	13		98695	81	793	632	13		131060
14579476	9001623	24	71	11	11		103993	81	793	647	11		131320
14579476	15178444	24	71	10	10		102755	81	793	647	10		124207
7459221	19514897	18	59	10	10		98792	34	333	333	10		103491
7459221	16250137	18	59	11	11		106785	34	333	299	11		159605
7459221	18130267	18	59	9	9		141442	34	333	268	9		123255
7459221	18752428	18	59	9	9		105751	34	333	268	9		139382
7459221	18752426	18	59	9	9		119297	34	333	268	9		109353
7459221	18130598	18	59	9	9		129639	34	333	268	9		104964
7459221	14579088	18	59	9	9		106095	34	333	333	9		114292
7459221	18464147	18	59	10	10		107175	34	333	333	10		129801
7459221	41522043	18	59	14	14		128142	34	333	299	14		142733
7459221	14579494	18	59	12	12		131293	34	333	333	12		113170
7459221	15197179	18	59	11	11		102103	34	333	333	11		109013
7459221	16272469	18	59	10	10		109291	34	333	302	10		104098
7459221	16211076	18	59	9	9		115127	34	333	268	9		102789
7459221	16253106	18	59	9	9		107756	34	333	333	9		111626
7459221	14579493	18	59	12	12		99385	34	333	333	12		111626
7459221	49650310	18	59	8	8		95423	34	333	333	8		101557
7459221	7770986	18	59	9	9		103064	34	333	333	9		103177
7459221	17791429	18	59	12	12		117021	34	333	303	12		111925
7459221	7461171	18	59	12	12		100804	34	333	333	12		105318
7459221	6677293	18	59	10	10		98941	34	333	333	10		105506
7459221	21057006	18	59	11	11		101563	34	333	265	11		107950
7459221	18021634	18	59	11	11		100309	34	333	299	11		109005
7459221	13955186	18	59	11	11		107294	34	333	299	11		113487
7459221	16210652	18	59	10	10		100688	34	333	299	10		105271
7459221	14579476	18	59	13	13		99452	34	333	299	13		105721
7459221	18754874	18	59	11	11		99130	34	333	299	11		98932
7459221	35497190	18	59	13	13		99728	34	333	265	13		105446
7459221	9001623	18	59	13	13		111732	34	333	272	13		113674
7459221	15178444	18	59	13	13		91092	34	333	272	13		102895
18754874	19514897	22	47	8	8		98886	81	793	793	8		121374
18754874	16250137	22	47	12	12		107802	81	793	713	12		113996
18754874	18130267	22	47	8	8		96905	81	793	639	8		118119
18754874	18752428	22	47	8	8		105010	81	793	639	8		118435
18754874	18752426	22	47	8	8		102555	81	793	639	8		106644
18754874	18130598	22	47	8	8		103050	81	793	639	8		110739
18754874	14579088	22	47	8	8		101900	81	793	793	8		103151
18754874	18464147	22	47	8	8		133631	81	793	793	8		111093
18754874	41522043	22	47	12	12		106514	81	793	713	12		109726
18754874	14579494	22	47	12	12		106113	81	793	793	12		109728
18754874	15197179	22	47	11	11		100156	81	793	793	11		106875
18754874	16272469	22	47	8	8		104726	81	793	719	8		103989
18754874	16211076	22	47	8	8		92626	81	793	639	8		115660
18754874	16253106	22	47	10	10		106096	81	793	793	10		112815
18754874	14579493	22	47	12	12		102258	81	793	793	12		102679
18754874	49650310	22	47	8	8		98703	81	793	793	8		105621
18754874	7770986	22	47	8	8		97665	81	793	793	8		107405
18754874	17791429	22	47	9	9		96326	81	793	721	9		118046
18754874	7461171	22	47	12	12		104449	81	793	793	12		109014
18754874	6677293	22	47	10	10		101128	81	793	793	10		103425
18754874	21057006	22	47	11	11		99115	81	793	632	11		116857
18754874	18021634	22	47	10	10		98549	81	793	712	10		103648
18754874	13955186	22	47	10	10		111625	81	793	712	10		110405
18754874	16210652	22	47	10	10		100061	81	793	712	10		104448
18754874	14579476	22	47	12	12		99366	81	793	712	12		109835
18754874	7459221	22	47	8	8		97808	81	793	551	8		101866
18754874	35497190	22	47	12	12		94973	81	793	632	12		106360
18754874	9001623	22	47	9	9		108572	81	793	647	9		112298
18754874	15178444	22	47	10	10		93452	81	793	647	10		102943
35497190	19514897	25	63	10	10		94264	81	793	793	10		108993
35497190	16250137	25	63	14	14		98956	81	793	713	14		104063
35497190	18130267	25	63	10	10		92897	81	793	639	10		112923
35497190	18752428	25	63	10	10		100134	81	793	639	10		110659
35497190	18752426	25	63	10	10		95144	81	793	639	10		103291
35497190	18130598	25	63	10	10		98365	81	793	639	10		113543
35497190	14579088	25	63	10	10		101638	81	793	793	10		111989
35497190	18464147	25	63	11	11		93065	81	793	793	11		119693
35497190	41522043	25	63	13	13		108032	81	793	713	13		108601
35497190	14579494	25	63	12	12		100106	81	793	793	12		102514
35497190	15197179	25	63	12	12		96533	81	793	793	12		105346
35497190	16272469	25	63	10	10		97188	81	793	719	10		99045
35497190	16211076	25	63	10	10		102422	81	793	639	10		107630
35497190	16253106	25	63	10	10		114195	81	793	793	10		102155
35497190	14579493	25	63	12	12		98395	81	793	793	12		102565
35497190	49650310	25	63	9	9		99072	81	793	793	9		114088
35497190	7770986	25	63	10	10		99045	81	793	793	10		107931
35497190	17791429	25	63	10	10		109487	81	793	721	10		118226
35497190	7461171	25	63	12	12		94601	81	793	793	12		108634
35497190	6677293	25	63	11	11		97835	81	793	793	11		106822
35497190	21057006	25	63	13	13		97063	81	793	632	13		106017
35497190	18021634	25	63	13	13		96690	81	793	712	13		112664
35497190	13955186	25	63	12	12		101592	81	793	712	12		110616
35497190	16210652	25	63	12	12		96771	81	793	712	12		101094
35497190	14579476	25	63	12	12		139021	81	793	712	12		104943
35497190	7459221	25	63	10	10		96365	81	793	551	10		105405
35497190	18754874	25	63	13	13		97316	81	793	712	13		215283
35497190	9001623	25	63	9	9		183729	81	793	647	9		110829
35497190	15178444	25	63	10	10		98055	81	793	647	10		150585
9001623	19514897	24	53	12	12		279157	81	793	793	12		200244
9001623	16250137	24	53	14	14		102135	81	793	713	14		120911
9001623	18130267	24	53	9	9		158035	81	793	639	9		196735
9001623	18752428	24	53	9	9		94587	81	793	639	9		116452
9001623	18752426	24	53	9	9		96557	81	793	639	9		101151
9001623	18130598	24	53	9	9		99324	81	793	639	9		113177
9001623	14579088	24	53	9	9		106593	81	793	793	9		111371
9001623	18464147	24	53	12	12		96549	81	793	793	12		104037
9001623	41522043	24	53	12	12		113846	81	793	713	12		103110
9001623	14579494	24	53	12	12		106701	81	793	793	12		112030
9001623	15197179	24	53	15	15		102140	81	793	793	15		114980
9001623	16272469	24	53	12	12		101132	81	793	719	12		105319
9001623	16211076	24	53	9	9		101088	81	793	639	9		102563
9001623	16253106	24	53	10	10		100241	81	793	793	10		115386
9001623	14579493	24	53	12	12		99486	81	793	793	12		108131
9001623	49650310	24	53	9	9		112727	81	793	793	9		114066
9001623	7770986	24	53	9	9		99492	81	793	793	9		106864
9001623	17791429	24	53	9	9		94811	81	793	721	9		100777
9001623	7461171	24	53	12	12		94864	81	793	793	12		106076
9001623	6677293	24	53	10	10		102281	81	793	793	10		109171
9001623	21057006	24	53	12	12		99925	81	793	632	12		112828
9001623	18021634	24	53	14	14		100946	81	793	712	14		111981
9001623	13955186	24	53	11	11		96406	81	793	712	11		101030
9001623	16210652	24	53	12	12		100829	81	793	712	12		111262
9001623	14579476	24	53	12	12		94596	81	793	712	12		115829
9001623	7459221	24	53	9	9		104397	81	793	551	9		109998
9001623	18754874	24	53	15	15		99110	81	793	712	15		105457
9001623	35497190	24	53	13	13		95823	81	793	632	13		104246
9001623	15178444	24	53	10	10		89663	81	793	647	10		102683
15178444	19514897	23	67	9	9		92009	52	509	509	9		106953
15178444	16250137	23	67	13	13		110975	52	509	457	13		98743
15178444	18130267	23	67	12	12		96587	52	509	410	12		105785
15178444	18752428	23	67	12	12		94421	52	509	410	12		98790
15178444	18752426	23	67	12	12		94521	52	509	410	12		97811
15178444	18130598	23	67	12	12		102546	52	509	410	12		111054
15178444	14579088	23	67	12	12		102856	52	509	509	12		96557
15178444	18464147	23	67	11	11		96613	52	509	509	11		97520
15178444	41522043	23	67	13	13		92329	52	509	457	13		98580
15178444	14579494	23	67	11	11		94002	52	509	509	11		99834
15178444	15197179	23	67	10	10		103249	52	509	509	10		100908
15178444	16272469	23	67	9	9		97385	52	509	462	9		101494
15178444	16211076	23	67	12	12		94899	52	509	410	12		96800
15178444	16253106	23	67	10	10		93269	52	509	509	10		98557
15178444	14579493	23	67	11	11		98624	52	509	509	11		97089
15178444	49650310	23	67	10	10		94656	52	509	509	10		137033
15178444	7770986	23	67	12	12		105404	52	509	509	12		99723
15178444	17791429	23	67	12	12		102202	52	509	463	12		99600
15178444	7461171	23	67	11	11		96441	52	509	509	11		99145
15178444	6677293	23	67	11	11		97351	52	509	509	11		102450
15178444	21057006	23	67	11	11		94893	52	509	405	11		109175
15178444	18021634	23	67	11	11		107402	52	509	457	11		99505
15178444	13955186	23	67	13	13		99297	52	509	457	13		107392
15178444	16210652	23	67	12	12		104558	52	509	457	12		100195
15178444	14579476	23	67	13	13		95882	52	509	457	13		114312
15178444	7459221	23	67	12	12		105688	52	509	353	12		104931
15178444	18754874	23	67	11	11		101678	52	509	457	11		97667
15178444	35497190	23	67	12	12		101234	52	509	405	12		112043
15178444	9001623	23	67	9	9		98858	52	509	416	9		104775
