19514897	16272469	294	0.9228653477250877
19514897	18464147	415	0.2326605219604989
19514897	19514975	421	0.9074512830939735
19514897	15197179	479	0.17990265817563544
19514897	18130744	487	0.9454882001607039
19514897	18021634	499	0.28257116473945953
19514897	18130746	506	0.7369705793281793
19514897	19531567	513	0.047290899280340915
19514897	19531571	529	0.7483308322681175
19514897	18130598	533	0.6392521595997206
19514897	18185281	550	0.6396656965681398
19514897	13955186	572	0.01884016715891501
19514897	14579494	700	0.7716374542964
19514897	7459221	709	0.7689261420188814
19514897	20805410	724	0.6261239120057563
19514897	6677293	747	0.7815449116053127
19514897	21057006	750	0.5834303930476619
19514897	19524316	769	0.8690009290641793
19514897	17915296	769	0.0668599244574678
19514897	41522043	777	0.6598866454658783
19514897	19227136	793	0.5375513923027404
19514897	19214639	805	0.48294631233923935
19514897	6902930	833	0.9680097676948318
19514897	16250137	854	0.13097044381214573
19514897	18754874	885	0.9497743298161321
19514897	18021636	892	0.3421865881665269
19514897	16210652	921	0.25400576306863876
19514897	19531582	925	0.1991904579387862
19514897	6902933	928	0.49605539362712614
19514897	12916234	973	0.3484642192503049
19514897	14579476	1008	0.6658775115161467
19514897	13227225	1013	0.1504888410386368
19514897	7816860	1057	0.2990225692296521
19514897	21049304	1107	0.4492104606718248
19514897	19588677	1196	0.6293287899393843
19514897	15178444	1297	0.3205149456633679
19514897	30241004	1402	0.970961441711912
19514897	33070192	1470	0.7799923385080348
19514897	35497190	1522	0.6301935260040324
19514897	22337104	1542	0.47488979924445696
19514897	14723315	1545	0.16511193805896307
19514897	14579063	1559	0.0315648686094111
19514897	15357084	1633	0.5339602423443891
19514897	17950573	1969	0.2648378705443317
19514897	13499757	2035	0.8206072459003082
19514897	16253108	320	0.697096533853983
19514897	19524327	679	0.1851174335537512
19514897	16253106	377	0.9982154250354999
19514897	49650310	242	0.6682671234937646
19514897	17791429	645	0.41409762014255036
19514897	15197181	589	0.05725403494874848
19514897	1940049	387	0.13896282143095917
19514897	7461174	403	0.5830441782956606
19514897	9001725	451	0.3768905763277204
19514897	9001623	816	0.6498844448178575
19514897	13683935	1395	8.16612528503069E-4
16250137	14579493	144	0.8199569996976397
16250137	14579494	161	0.7716374542964
16250137	41522043	238	0.6598866454658783
16250137	17791429	241	0.41409762014255036
16250137	19227136	254	0.5375513923027404
16250137	7461171	257	0.6340567474296436
16250137	18752426	265	0.6970198094686271
16250137	19214639	266	0.48294631233923935
16250137	21057006	292	0.5834303930476619
16250137	6902930	294	0.9680097676948318
16250137	6677293	295	0.7815449116053127
16250137	7751408	305	0.6426566998923642
16250137	16253106	321	0.9982154250354999
16250137	14579536	360	0.07499263769449971
16250137	6902933	389	0.49605539362712614
16250137	7770986	390	0.723273803889334
16250137	18130744	410	0.9454882001607039
16250137	14579088	411	0.14731514023186276
16250137	17915296	419	0.0668599244574678
16250137	18021634	422	0.28257116473945953
16250137	18130746	429	0.7369705793281793
16250137	1940049	441	0.13896282143095917
16250137	14579476	469	0.6658775115161467
16250137	13227225	474	0.1504888410386368
16250137	7365144	474	0.5489969666256788
16250137	49650310	486	0.6682671234937646
16250137	14607762	489	0.7310122158553006
16250137	7816860	518	0.2990225692296521
16250137	20805410	649	0.6261239120057563
16250137	13955186	686	0.01884016715891501
16250137	15197179	698	0.17990265817563544
16250137	16210652	844	0.25400576306863876
16250137	30241004	863	0.970961441711912
16250137	9001729	888	0.2339304875212307
16250137	33070192	931	0.7799923385080348
16250137	13227229	938	0.9588780258034475
16250137	15197186	947	0.5325933095236226
16250137	35497190	983	0.6301935260040324
16250137	18754874	999	0.9497743298161321
16250137	14579063	1020	0.0315648686094111
16250137	21049304	1032	0.4492104606718248
16250137	12916234	1087	0.3484642192503049
16250137	15357084	1094	0.5339602423443891
16250137	15178444	1220	0.3205149456633679
16250137	19588677	1310	0.6293287899393843
16250137	17950573	1430	0.2648378705443317
16250137	14723315	1468	0.16511193805896307
16250137	13499757	1496	0.8206072459003082
16250137	22337104	1656	0.47488979924445696
16250137	19514897	854	0.7965379290036891
16250137	18464147	550	0.2326605219604989
16250137	19514975	703	0.9074512830939735
16250137	19531567	899	0.047290899280340915
16250137	19531571	882	0.7483308322681175
16250137	18185281	861	0.6396656965681398
16250137	19531582	807	0.1991904579387862
16250137	19524327	834	0.1851174335537512
16250137	16272469	563	0.9228653477250877
16250137	15197181	195	0.05725403494874848
16250137	17915327	636	0.07011367195031637
16250137	17915328	627	0.15561999784333724
16250137	7751409	885	0.39783676711899685
16250137	17916549	598	0.045340251441671975
16250137	7461174	558	0.5830441782956606
16250137	9001725	606	0.3768905763277204
16250137	9001623	1263	0.6498844448178575
16250137	35495295	1507	0.057737203671520354
16250137	35495294	1377	0.3966021626324564
16250137	33070146	1294	0.11904263097452805
16250137	15394142	1298	0.7190797432924113
16250137	18678271	1193	0.02835966494765374
16250137	15357081	2015	0.45913651147254264
16250137	15357077	1991	0.6273377299788094
16250137	35450538	1159	0.6584568662507423
16250137	13683935	1775	8.16612528503069E-4
18130267	16253106	92	0.9982154250354999
18130267	7770986	161	0.723273803889334
18130267	18021634	193	0.28257116473945953
18130267	49650310	257	0.6682671234937646
18130267	13955186	457	0.01884016715891501
18130267	15197179	469	0.17990265817563544
18130267	14579493	608	0.8199569996976397
18130267	16210652	615	0.25400576306863876
18130267	9001729	659	0.2339304875212307
18130267	17791429	705	0.41409762014255036
18130267	13227229	709	0.9588780258034475
18130267	7461171	721	0.6340567474296436
18130267	21057006	756	0.5834303930476619
18130267	6902930	758	0.9680097676948318
18130267	6677293	759	0.7815449116053127
18130267	7751408	769	0.6426566998923642
18130267	18754874	770	0.9497743298161321
18130267	6902933	853	0.49605539362712614
18130267	12916234	858	0.3484642192503049
18130267	14579476	933	0.6658775115161467
18130267	7365144	938	0.5489969666256788
18130267	14607762	953	0.7310122158553006
18130267	15178444	991	0.3205149456633679
18130267	19588677	1081	0.6293287899393843
18130267	14723315	1239	0.16511193805896307
18130267	30241004	1327	0.970961441711912
18130267	33070192	1395	0.7799923385080348
18130267	22337104	1427	0.47488979924445696
18130267	35497190	1447	0.6301935260040324
18130267	14579063	1484	0.0315648686094111
18130267	15357084	1558	0.5339602423443891
18130267	17950573	1894	0.2648378705443317
18130267	13499757	1960	0.8206072459003082
18130267	18752428	1	0.7883182568206886
18752428	18130267	1	0.48656837478622583
18752428	16253106	93	0.9982154250354999
18752428	7770986	162	0.723273803889334
18752428	18021634	194	0.28257116473945953
18752428	49650310	258	0.6682671234937646
18752428	13955186	458	0.01884016715891501
18752428	15197179	470	0.17990265817563544
18752428	14579493	609	0.8199569996976397
18752428	16210652	616	0.25400576306863876
18752428	9001729	660	0.2339304875212307
18752428	17791429	706	0.41409762014255036
18752428	13227229	710	0.9588780258034475
18752428	7461171	722	0.6340567474296436
18752428	21057006	757	0.5834303930476619
18752428	6902930	759	0.9680097676948318
18752428	6677293	760	0.7815449116053127
18752428	7751408	770	0.6426566998923642
18752428	18754874	771	0.9497743298161321
18752428	6902933	854	0.49605539362712614
18752428	12916234	859	0.3484642192503049
18752428	14579476	934	0.6658775115161467
18752428	7365144	939	0.5489969666256788
18752428	14607762	954	0.7310122158553006
18752428	15178444	992	0.3205149456633679
18752428	19588677	1082	0.6293287899393843
18752428	14723315	1240	0.16511193805896307
18752428	30241004	1328	0.970961441711912
18752428	33070192	1396	0.7799923385080348
18752428	22337104	1428	0.47488979924445696
18752428	35497190	1448	0.6301935260040324
18752428	14579063	1485	0.0315648686094111
18752428	15357084	1559	0.5339602423443891
18752428	17950573	1895	0.2648378705443317
18752428	13499757	1961	0.8206072459003082
18752426	16253106	57	0.9982154250354999
18752426	7770986	126	0.723273803889334
18752426	18130744	146	0.9454882001607039
18752426	18021634	158	0.28257116473945953
18752426	18130746	165	0.7369705793281793
18752426	18130598	192	0.6392521595997206
18752426	49650310	222	0.6682671234937646
18752426	19531567	363	0.047290899280340915
18752426	19531571	379	0.7483308322681175
18752426	18185281	400	0.6396656965681398
18752426	13955186	422	0.01884016715891501
18752426	15197179	434	0.17990265817563544
18752426	18021636	551	0.3421865881665269
18752426	14579493	573	0.8199569996976397
18752426	16210652	580	0.25400576306863876
18752426	9001729	624	0.2339304875212307
18752426	17791429	670	0.41409762014255036
18752426	13227229	674	0.9588780258034475
18752426	7461171	686	0.6340567474296436
18752426	21057006	721	0.5834303930476619
18752426	6902930	723	0.9680097676948318
18752426	6677293	724	0.7815449116053127
18752426	7751408	734	0.6426566998923642
18752426	18754874	735	0.9497743298161321
18752426	6902933	818	0.49605539362712614
18752426	12916234	823	0.3484642192503049
18752426	17915296	827	0.0668599244574678
18752426	18752420	872	0.3954245981916412
18752426	14579476	898	0.6658775115161467
18752426	7365144	903	0.5489969666256788
18752426	14607762	918	0.7310122158553006
18752426	15178444	956	0.3205149456633679
18752426	19588677	1046	0.6293287899393843
18752426	14723315	1204	0.16511193805896307
18752426	30241004	1292	0.970961441711912
18752426	33070192	1360	0.7799923385080348
18752426	21049304	1365	0.4492104606718248
18752426	22337104	1392	0.47488979924445696
18752426	35497190	1412	0.6301935260040324
18752426	14579063	1449	0.0315648686094111
18752426	15357084	1523	0.5339602423443891
18752426	17950573	1859	0.2648378705443317
18752426	13499757	1925	0.8206072459003082
18752426	16250137	265	0.13097044381214573
18752426	19227136	385	0.5375513923027404
18752426	19214639	397	0.48294631233923935
18130598	18021634	220	0.28257116473945953
18130598	13955186	484	0.01884016715891501
18130598	15197179	496	0.17990265817563544
18130598	16210652	642	0.25400576306863876
18130598	21057006	783	0.5834303930476619
18130598	6902930	785	0.9680097676948318
18130598	6677293	786	0.7815449116053127
18130598	18754874	797	0.9497743298161321
18130598	6902933	880	0.49605539362712614
18130598	12916234	885	0.3484642192503049
18130598	14579476	960	0.6658775115161467
18130598	15178444	1018	0.3205149456633679
18130598	19588677	1108	0.6293287899393843
18130598	14723315	1266	0.16511193805896307
18130598	30241004	1354	0.970961441711912
18130598	33070192	1422	0.7799923385080348
18130598	22337104	1454	0.47488979924445696
18130598	35497190	1474	0.6301935260040324
18130598	14579063	1511	0.0315648686094111
18130598	15357084	1585	0.5339602423443891
18130598	17950573	1921	0.2648378705443317
18130598	13499757	1987	0.8206072459003082
18130598	19514897	533	0.7965379290036891
18130598	18752426	192	0.6970198094686271
18130598	18464147	226	0.2326605219604989
18130598	17915296	749	0.0668599244574678
18130598	20805410	781	0.6261239120057563
18130598	19524327	809	0.1851174335537512
18130598	16272469	239	0.9228653477250877
18130598	16211076	8	0.5503395803715471
18130598	16253106	135	0.9982154250354999
18130598	1940049	727	0.13896282143095917
18130598	7461174	743	0.5830441782956606
18130598	9001725	581	0.3768905763277204
18130598	13683935	1735	8.16612528503069E-4
14579088	13227225	195	0.1504888410386368
14579088	18021636	650	0.3421865881665269
14579088	18021634	676	0.28257116473945953
14579088	16210652	679	0.25400576306863876
14579088	49650310	740	0.6682671234937646
14579088	13227229	750	0.9588780258034475
14579088	16253106	803	0.9982154250354999
14579088	7770986	872	0.723273803889334
14579088	13955186	940	0.01884016715891501
14579088	15197179	952	0.17990265817563544
14579088	7459221	1077	0.7689261420188814
14579088	14579493	1091	0.8199569996976397
14579088	9001729	1142	0.2339304875212307
14579088	17791429	1188	0.41409762014255036
14579088	7461171	1204	0.6340567474296436
14579088	21057006	1239	0.5834303930476619
14579088	6902930	1241	0.9680097676948318
14579088	6677293	1242	0.7815449116053127
14579088	7751408	1252	0.6426566998923642
14579088	18754874	1253	0.9497743298161321
14579088	6902933	1336	0.49605539362712614
14579088	12916234	1341	0.3484642192503049
14579088	15178444	1359	0.3205149456633679
14579088	14579476	1416	0.6658775115161467
14579088	7365144	1421	0.5489969666256788
14579088	14607762	1436	0.7310122158553006
14579088	19588677	1564	0.6293287899393843
14579088	14723315	1616	0.16511193805896307
14579088	30241004	1810	0.970961441711912
14579088	33070192	1883	0.7799923385080348
14579088	22337104	1910	0.47488979924445696
14579088	35497190	1930	0.6301935260040324
14579088	14579063	1967	0.0315648686094111
14579088	15357084	2041	0.5339602423443891
14579088	17950573	2377	0.2648378705443317
14579088	13499757	2443	0.8206072459003082
14579088	18678271	2990	0.02835966494765374
14579088	15357081	3462	0.45913651147254264
14579088	16250137	411	0.13097044381214573
14579088	14579494	250	0.7716374542964
14579088	19227136	433	0.5375513923027404
14579088	19214639	445	0.48294631233923935
14579088	21049304	997	0.4492104606718248
14579088	14579536	206	0.07499263769449971
18464147	16253106	91	0.9982154250354999
18464147	16272469	137	0.9228653477250877
18464147	19514975	156	0.9074512830939735
18464147	7770986	160	0.723273803889334
18464147	18130744	180	0.9454882001607039
18464147	18021634	192	0.28257116473945953
18464147	18130746	199	0.7369705793281793
18464147	18130598	226	0.6392521595997206
18464147	15197179	240	0.17990265817563544
18464147	19531567	248	0.047290899280340915
18464147	19514897	250	0.7965379290036891
18464147	49650310	256	0.6682671234937646
18464147	19531571	264	0.7483308322681175
18464147	18185281	285	0.6396656965681398
18464147	13955186	307	0.01884016715891501
18464147	14579493	379	0.8199569996976397
18464147	14579494	396	0.7716374542964
18464147	7459221	444	0.7689261420188814
18464147	41522043	473	0.6598866454658783
18464147	17791429	476	0.41409762014255036
18464147	19227136	489	0.5375513923027404
18464147	7461171	492	0.6340567474296436
18464147	19214639	501	0.48294631233923935
18464147	19524316	504	0.8690009290641793
18464147	9001729	509	0.2339304875212307
18464147	21057006	527	0.5834303930476619
18464147	6902930	529	0.9680097676948318
18464147	6677293	530	0.7815449116053127
18464147	7751408	540	0.6426566998923642
18464147	16250137	550	0.13097044381214573
18464147	18021636	585	0.3421865881665269
18464147	16210652	614	0.25400576306863876
18464147	18754874	620	0.9497743298161321
18464147	6902933	624	0.49605539362712614
18464147	17915296	654	0.0668599244574678
18464147	19531582	660	0.1991904579387862
18464147	1940049	676	0.13896282143095917
18464147	14579476	704	0.6658775115161467
18464147	13227229	708	0.9588780258034475
18464147	12916234	708	0.3484642192503049
18464147	13227225	709	0.1504888410386368
18464147	7365144	709	0.5489969666256788
18464147	14607762	724	0.7310122158553006
18464147	7816860	753	0.2990225692296521
18464147	20805410	779	0.6261239120057563
18464147	18752420	906	0.3954245981916412
18464147	19588677	931	0.6293287899393843
18464147	15178444	990	0.3205149456633679
18464147	15197186	1077	0.5325933095236226
18464147	30241004	1098	0.970961441711912
18464147	21049304	1162	0.4492104606718248
18464147	33070192	1166	0.7799923385080348
18464147	35497190	1218	0.6301935260040324
18464147	14723315	1238	0.16511193805896307
18464147	14579063	1255	0.0315648686094111
18464147	22337104	1277	0.47488979924445696
18464147	15357084	1329	0.5339602423443891
18464147	17950573	1665	0.2648378705443317
18464147	13499757	1731	0.8206072459003082
18464147	16253108	67	0.697096533853983
18464147	19524327	691	0.1851174335537512
18464147	7461174	625	0.5830441782956606
18464147	9001725	463	0.3768905763277204
18464147	9001623	718	0.6498844448178575
41522043	21057006	54	0.5834303930476619
41522043	6677293	57	0.7815449116053127
41522043	16250137	97	0.13097044381214573
41522043	17791429	99	0.41409762014255036
41522043	14579493	150	0.8199569996976397
41522043	14579494	167	0.7716374542964
41522043	17915296	181	0.0668599244574678
41522043	19227136	196	0.5375513923027404
41522043	7461171	199	0.6340567474296436
41522043	1940049	203	0.13896282143095917
41522043	19214639	208	0.48294631233923935
41522043	6902930	236	0.9680097676948318
41522043	7751408	247	0.6426566998923642
41522043	6902933	331	0.49605539362712614
41522043	20805410	411	0.6261239120057563
41522043	14579476	411	0.6658775115161467
41522043	7365144	416	0.5489969666256788
41522043	16253106	425	0.9982154250354999
41522043	14607762	431	0.7310122158553006
41522043	7816860	460	0.2990225692296521
41522043	13227225	480	0.1504888410386368
41522043	7770986	494	0.723273803889334
41522043	18021634	526	0.28257116473945953
41522043	15197179	583	0.17990265817563544
41522043	19514897	589	0.7965379290036891
41522043	49650310	590	0.6682671234937646
41522043	9001725	694	0.3768905763277204
41522043	15197186	709	0.5325933095236226
41522043	13955186	790	0.01884016715891501
41522043	21049304	794	0.4492104606718248
41522043	30241004	805	0.970961441711912
41522043	33070192	873	0.7799923385080348
41522043	35497190	925	0.6301935260040324
41522043	16210652	948	0.25400576306863876
41522043	14579063	962	0.0315648686094111
41522043	9001729	992	0.2339304875212307
41522043	15357084	1036	0.5339602423443891
41522043	13227229	1042	0.9588780258034475
41522043	18754874	1103	0.9497743298161321
41522043	12916234	1191	0.3484642192503049
41522043	15178444	1324	0.3205149456633679
41522043	17950573	1372	0.2648378705443317
41522043	19588677	1414	0.6293287899393843
41522043	13499757	1438	0.8206072459003082
41522043	14723315	1572	0.16511193805896307
41522043	22337104	1760	0.47488979924445696
41522043	18464147	473	0.2326605219604989
41522043	19514975	626	0.9074512830939735
41522043	19531567	822	0.047290899280340915
41522043	19531571	805	0.7483308322681175
41522043	18185281	784	0.6396656965681398
41522043	19531582	710	0.1991904579387862
41522043	14579536	674	0.07499263769449971
41522043	19524327	737	0.1851174335537512
41522043	16272469	486	0.9228653477250877
41522043	15197181	98	0.05725403494874848
41522043	17915327	559	0.07011367195031637
41522043	17915328	550	0.15561999784333724
41522043	7751409	808	0.39783676711899685
41522043	17916549	521	0.045340251441671975
41522043	7461174	461	0.5830441782956606
41522043	9001623	1186	0.6498844448178575
41522043	35495295	1430	0.057737203671520354
41522043	35495294	1300	0.3966021626324564
41522043	33070146	1217	0.11904263097452805
41522043	15394142	1221	0.7190797432924113
41522043	18678271	1116	0.02835966494765374
41522043	15357081	1938	0.45913651147254264
41522043	15357077	1914	0.6273377299788094
41522043	35450538	1082	0.6584568662507423
41522043	13683935	1698	8.16612528503069E-4
14579494	14579536	199	0.07499263769449971
14579494	14579088	250	0.14731514023186276
14579494	13227225	313	0.1504888410386368
14579494	14579476	350	0.6658775115161467
14579494	6902933	470	0.49605539362712614
14579494	6902930	493	0.9680097676948318
14579494	19214639	521	0.48294631233923935
14579494	7751408	527	0.6426566998923642
14579494	19227136	533	0.5375513923027404
14579494	14607762	570	0.7310122158553006
14579494	7816860	599	0.2990225692296521
14579494	14579493	699	0.8199569996976397
14579494	41522043	729	0.6598866454658783
14579494	17791429	732	0.41409762014255036
14579494	7365144	741	0.5489969666256788
14579494	30241004	744	0.970961441711912
14579494	7461171	748	0.6340567474296436
14579494	18021636	768	0.3421865881665269
14579494	21057006	783	0.5834303930476619
14579494	6677293	786	0.7815449116053127
14579494	18021634	794	0.28257116473945953
14579494	16210652	797	0.25400576306863876
14579494	33070192	804	0.7799923385080348
14579494	16250137	806	0.13097044381214573
14579494	49650310	858	0.6682671234937646
14579494	13227229	868	0.9588780258034475
14579494	17915296	910	0.0668599244574678
14579494	16253106	921	0.9982154250354999
14579494	1940049	932	0.13896282143095917
14579494	15357084	975	0.5339602423443891
14579494	7770986	990	0.723273803889334
14579494	35497190	1032	0.6301935260040324
14579494	13955186	1058	0.01884016715891501
14579494	15197179	1070	0.17990265817563544
14579494	14579063	1153	0.0315648686094111
14579494	7459221	1195	0.7689261420188814
14579494	9001729	1260	0.2339304875212307
14579494	18754874	1371	0.9497743298161321
14579494	12916234	1459	0.3484642192503049
14579494	15178444	1477	0.3205149456633679
14579494	15197186	1515	0.5325933095236226
14579494	21049304	1600	0.4492104606718248
14579494	19588677	1682	0.6293287899393843
14579494	14723315	1734	0.16511193805896307
14579494	13499757	1794	0.8206072459003082
14579494	22337104	2028	0.47488979924445696
14579494	19514897	700	0.7965379290036891
14579494	18464147	396	0.2326605219604989
14579494	19514975	549	0.9074512830939735
14579494	19531567	745	0.047290899280340915
14579494	19531571	728	0.7483308322681175
14579494	18185281	707	0.6396656965681398
14579494	19531582	714	0.1991904579387862
14579494	19524327	905	0.1851174335537512
14579494	16272469	409	0.9228653477250877
14579494	17915327	546	0.07011367195031637
14579494	17915328	537	0.15561999784333724
14579494	7751409	795	0.39783676711899685
14579494	17916549	508	0.045340251441671975
14579494	7461174	629	0.5830441782956606
14579494	9001725	677	0.3768905763277204
14579494	9001623	1109	0.6498844448178575
14579494	35495295	1417	0.057737203671520354
14579494	35495294	1287	0.3966021626324564
14579494	33070146	1204	0.11904263097452805
14579494	15394142	1208	0.7190797432924113
14579494	18678271	1103	0.02835966494765374
14579494	15357081	1925	0.45913651147254264
14579494	15357077	1901	0.6273377299788094
14579494	17950573	1186	0.2648378705443317
14579494	35450538	1069	0.6584568662507423
14579494	13683935	1621	8.16612528503069E-4
19514975	19531571	105	0.7483308322681175
19514975	18185281	126	0.6396656965681398
19514975	13955186	151	0.01884016715891501
19514975	19531567	154	0.047290899280340915
19514975	18464147	156	0.2326605219604989
19514975	5983027	168	0.7202233047576987
19514975	16253108	192	0.697096533853983
19514975	5907297	226	0.858675474345504
19514975	19514897	256	0.7965379290036891
19514975	49650310	269	0.6682671234937646
19514975	7459221	288	0.7689261420188814
19514975	18130744	336	0.9454882001607039
19514975	18021634	348	0.28257116473945953
19514975	18130746	355	0.7369705793281793
19514975	19524316	410	0.8690009290641793
19514975	9001729	415	0.2339304875212307
19514975	18754874	526	0.9497743298161321
19514975	14579494	549	0.7716374542964
19514975	19531582	566	0.1991904579387862
19514975	21057006	599	0.5834303930476619
19514975	18752420	610	0.3954245981916412
19514975	12916234	614	0.3484642192503049
19514975	17915296	618	0.0668599244574678
19514975	41522043	626	0.6598866454658783
19514975	19227136	642	0.5375513923027404
19514975	19214639	654	0.48294631233923935
19514975	16250137	703	0.13097044381214573
19514975	16210652	770	0.25400576306863876
19514975	20805410	773	0.6261239120057563
19514975	19588677	837	0.6293287899393843
19514975	14579476	857	0.6658775115161467
19514975	13227225	862	0.1504888410386368
19514975	7816860	906	0.2990225692296521
19514975	15178444	1146	0.3205149456633679
19514975	21049304	1156	0.4492104606718248
19514975	22337104	1183	0.47488979924445696
19514975	30241004	1251	0.970961441711912
19514975	33070192	1319	0.7799923385080348
19514975	35497190	1371	0.6301935260040324
19514975	14723315	1394	0.16511193805896307
19514975	14579063	1408	0.0315648686094111
19514975	15357084	1482	0.5339602423443891
19514975	17950573	1818	0.2648378705443317
19514975	13499757	1884	0.8206072459003082
19514975	19524327	697	0.1851174335537512
19514975	15197179	328	0.17990265817563544
19514975	16272469	143	0.9228653477250877
19514975	17791429	873	0.41409762014255036
19514975	15197181	817	0.05725403494874848
19514975	9001727	152	0.3977700732268954
19514975	1940049	615	0.13896282143095917
19514975	7461174	631	0.5830441782956606
19514975	9001725	469	0.3768905763277204
19514975	13710445	230	0.1722014363683687
19514975	9001623	724	0.6498844448178575
16253108	18464147	67	0.2326605219604989
16253108	49650310	77	0.6682671234937646
16253108	19514975	126	0.9074512830939735
16253108	16253106	140	0.9982154250354999
16253108	7770986	209	0.723273803889334
16253108	19531567	218	0.047290899280340915
16253108	18130744	229	0.9454882001607039
16253108	19531571	234	0.7483308322681175
16253108	18021634	241	0.28257116473945953
16253108	18130746	248	0.7369705793281793
16253108	18185281	255	0.6396656965681398
16253108	13955186	277	0.01884016715891501
16253108	15197179	289	0.17990265817563544
16253108	19514897	320	0.7965379290036891
16253108	7459221	414	0.7689261420188814
16253108	14579493	428	0.8199569996976397
16253108	19524316	474	0.8690009290641793
16253108	9001729	479	0.2339304875212307
16253108	17791429	525	0.41409762014255036
16253108	19227136	538	0.5375513923027404
16253108	7461171	541	0.6340567474296436
16253108	19214639	550	0.48294631233923935
16253108	21057006	576	0.5834303930476619
16253108	6902930	578	0.9680097676948318
16253108	6677293	579	0.7815449116053127
16253108	7751408	589	0.6426566998923642
16253108	18754874	590	0.9497743298161321
16253108	19531582	630	0.1991904579387862
16253108	16210652	663	0.25400576306863876
16253108	6902933	673	0.49605539362712614
16253108	12916234	678	0.3484642192503049
16253108	17915296	682	0.0668599244574678
16253108	14579476	753	0.6658775115161467
16253108	13227229	757	0.9588780258034475
16253108	7365144	758	0.5489969666256788
16253108	14607762	773	0.7310122158553006
16253108	20805410	837	0.6261239120057563
16253108	19588677	901	0.6293287899393843
16253108	15178444	1039	0.3205149456633679
16253108	30241004	1147	0.970961441711912
16253108	33070192	1215	0.7799923385080348
16253108	21049304	1220	0.4492104606718248
16253108	22337104	1247	0.47488979924445696
16253108	35497190	1267	0.6301935260040324
16253108	14723315	1287	0.16511193805896307
16253108	14579063	1304	0.0315648686094111
16253108	15357084	1378	0.5339602423443891
16253108	17950573	1714	0.2648378705443317
16253108	13499757	1780	0.8206072459003082
16253108	18752420	367	0.3954245981916412
16253108	9001727	250	0.3977700732268954
16253108	13710445	328	0.1722014363683687
16253108	13683935	2277	8.16612528503069E-4
18021636	18021634	26	0.28257116473945953
18021636	49650310	90	0.6682671234937646
18021636	16253106	153	0.9982154250354999
18021636	7770986	222	0.723273803889334
18021636	19531567	231	0.047290899280340915
18021636	19531571	247	0.7483308322681175
18021636	18185281	268	0.6396656965681398
18021636	13955186	290	0.01884016715891501
18021636	15197179	302	0.17990265817563544
18021636	7459221	427	0.7689261420188814
18021636	14579493	441	0.8199569996976397
18021636	9001729	492	0.2339304875212307
18021636	17791429	538	0.41409762014255036
18021636	7461171	554	0.6340567474296436
18021636	21057006	589	0.5834303930476619
18021636	6902930	591	0.9680097676948318
18021636	6677293	592	0.7815449116053127
18021636	7751408	602	0.6426566998923642
18021636	18754874	603	0.9497743298161321
18021636	16210652	676	0.25400576306863876
18021636	6902933	686	0.49605539362712614
18021636	12916234	691	0.3484642192503049
18021636	17915296	695	0.0668599244574678
18021636	18752420	740	0.3954245981916412
18021636	14579476	766	0.6658775115161467
18021636	13227229	770	0.9588780258034475
18021636	7365144	771	0.5489969666256788
18021636	14607762	786	0.7310122158553006
18021636	19588677	914	0.6293287899393843
18021636	15178444	1052	0.3205149456633679
18021636	30241004	1160	0.970961441711912
18021636	33070192	1228	0.7799923385080348
18021636	21049304	1233	0.4492104606718248
18021636	22337104	1260	0.47488979924445696
18021636	35497190	1280	0.6301935260040324
18021636	14723315	1300	0.16511193805896307
18021636	14579063	1317	0.0315648686094111
18021636	15357084	1391	0.5339602423443891
18021636	17950573	1727	0.2648378705443317
18021636	13499757	1793	0.8206072459003082
18021636	19514897	892	0.7965379290036891
18021636	18752426	551	0.6970198094686271
18021636	14579088	650	0.14731514023186276
18021636	18464147	585	0.2326605219604989
18021636	14579494	768	0.7716374542964
18021636	18130744	406	0.9454882001607039
18021636	18130746	386	0.7369705793281793
18021636	14579536	724	0.07499263769449971
18021636	13227225	645	0.1504888410386368
18021636	20805410	1140	0.6261239120057563
18021636	19524327	1168	0.1851174335537512
18021636	16272469	598	0.9228653477250877
18021636	1940049	1086	0.13896282143095917
18021636	7461174	1102	0.5830441782956606
18021636	9001725	940	0.3768905763277204
18021636	33070460	1660	0.7044572593925879
18021636	15357081	3260	0.45913651147254264
18021636	15357077	3236	0.6273377299788094
18021636	35450538	1828	0.6584568662507423
18021636	13683935	2646	8.16612528503069E-4
18130744	18130746	19	0.7369705793281793
18130744	18021636	406	0.3421865881665269
18130744	18021634	432	0.28257116473945953
18130744	16210652	435	0.25400576306863876
18130744	49650310	496	0.6682671234937646
18130744	13227229	506	0.9588780258034475
18130744	16253106	559	0.9982154250354999
18130744	7770986	628	0.723273803889334
18130744	19531567	637	0.047290899280340915
18130744	19531571	653	0.7483308322681175
18130744	18185281	674	0.6396656965681398
18130744	13955186	696	0.01884016715891501
18130744	15197179	708	0.17990265817563544
18130744	7459221	833	0.7689261420188814
18130744	14579493	847	0.8199569996976397
18130744	9001729	898	0.2339304875212307
18130744	17791429	944	0.41409762014255036
18130744	7461171	960	0.6340567474296436
18130744	21057006	995	0.5834303930476619
18130744	6902930	997	0.9680097676948318
18130744	6677293	998	0.7815449116053127
18130744	7751408	1008	0.6426566998923642
18130744	18754874	1009	0.9497743298161321
18130744	6902933	1092	0.49605539362712614
18130744	12916234	1097	0.3484642192503049
18130744	17915296	1101	0.0668599244574678
18130744	15178444	1115	0.3205149456633679
18130744	18752420	1146	0.3954245981916412
18130744	14579476	1172	0.6658775115161467
18130744	7365144	1177	0.5489969666256788
18130744	14607762	1192	0.7310122158553006
18130744	19588677	1320	0.6293287899393843
18130744	14723315	1372	0.16511193805896307
18130744	30241004	1566	0.970961441711912
18130744	33070192	1639	0.7799923385080348
18130744	21049304	1639	0.4492104606718248
18130744	22337104	1666	0.47488979924445696
18130744	35497190	1686	0.6301935260040324
18130744	14579063	1723	0.0315648686094111
18130744	15357084	1797	0.5339602423443891
18130744	17950573	2133	0.2648378705443317
18130744	13499757	2199	0.8206072459003082
18130744	18678271	2746	0.02835966494765374
18130744	15357081	3218	0.45913651147254264
18130744	19514897	487	0.7965379290036891
18130744	16250137	410	0.13097044381214573
18130744	18752426	146	0.6970198094686271
18130744	18464147	180	0.2326605219604989
18130744	19514975	336	0.9074512830939735
18130744	16253108	229	0.697096533853983
18130744	19227136	530	0.5375513923027404
18130744	19214639	542	0.48294631233923935
18130744	19531582	503	0.1991904579387862
18130744	20805410	735	0.6261239120057563
18130744	19524327	763	0.1851174335537512
18130744	19524316	782	0.8690009290641793
18130744	16272469	193	0.9228653477250877
18130744	1940049	681	0.13896282143095917
18130744	7461174	697	0.5830441782956606
18130744	9001725	535	0.3768905763277204
18130744	9001623	898	0.6498844448178575
18130744	13683935	1689	8.16612528503069E-4
19227136	19214639	11	0.48294631233923935
19227136	6902930	40	0.9680097676948318
19227136	6902933	135	0.49605539362712614
19227136	14579493	166	0.8199569996976397
19227136	14579494	183	0.7716374542964
19227136	7751408	192	0.6426566998923642
19227136	41522043	196	0.6598866454658783
19227136	17791429	199	0.41409762014255036
19227136	7461171	215	0.6340567474296436
19227136	14579476	215	0.6658775115161467
19227136	14607762	235	0.7310122158553006
19227136	21057006	250	0.5834303930476619
19227136	6677293	253	0.7815449116053127
19227136	7816860	264	0.2990225692296521
19227136	7365144	268	0.5489969666256788
19227136	16250137	273	0.13097044381214573
19227136	17915296	377	0.0668599244574678
19227136	14579536	382	0.07499263769449971
19227136	18752426	385	0.6970198094686271
19227136	1940049	399	0.13896282143095917
19227136	14579088	433	0.14731514023186276
19227136	16253106	441	0.9982154250354999
19227136	13227225	496	0.1504888410386368
19227136	7770986	510	0.723273803889334
19227136	18130744	530	0.9454882001607039
19227136	18021634	542	0.28257116473945953
19227136	18130746	549	0.7369705793281793
19227136	49650310	606	0.6682671234937646
19227136	20805410	607	0.6261239120057563
19227136	30241004	609	0.970961441711912
19227136	35497190	729	0.6301935260040324
19227136	14579063	766	0.0315648686094111
19227136	13955186	806	0.01884016715891501
19227136	15197179	818	0.17990265817563544
19227136	33070192	818	0.7799923385080348
19227136	15357084	840	0.5339602423443891
19227136	15197186	905	0.5325933095236226
19227136	16210652	964	0.25400576306863876
19227136	21049304	990	0.4492104606718248
19227136	9001729	1008	0.2339304875212307
19227136	13227229	1058	0.9588780258034475
19227136	18754874	1119	0.9497743298161321
19227136	12916234	1207	0.3484642192503049
19227136	17950573	1224	0.2648378705443317
19227136	13499757	1290	0.8206072459003082
19227136	15178444	1340	0.3205149456633679
19227136	19588677	1430	0.6293287899393843
19227136	14723315	1588	0.16511193805896307
19227136	22337104	1776	0.47488979924445696
19227136	19514897	793	0.7965379290036891
19227136	18464147	489	0.2326605219604989
19227136	19514975	642	0.9074512830939735
19227136	16253108	538	0.697096533853983
19227136	19531567	838	0.047290899280340915
19227136	19531571	821	0.7483308322681175
19227136	18185281	800	0.6396656965681398
19227136	19531582	807	0.1991904579387862
19227136	18752420	911	0.3954245981916412
19227136	19524327	998	0.1851174335537512
19227136	19524316	1017	0.8690009290641793
19227136	16272469	502	0.9228653477250877
19227136	15197181	294	0.05725403494874848
19227136	9001727	794	0.3977700732268954
19227136	17915327	411	0.07011367195031637
19227136	17915328	402	0.15561999784333724
19227136	7751409	660	0.39783676711899685
19227136	17916549	373	0.045340251441671975
19227136	7461174	722	0.5830441782956606
19227136	9001725	770	0.3768905763277204
19227136	13710445	872	0.1722014363683687
19227136	9001623	1202	0.6498844448178575
19227136	35495295	1282	0.057737203671520354
19227136	35495294	1152	0.3966021626324564
19227136	33070146	1069	0.11904263097452805
19227136	15394142	1073	0.7190797432924113
19227136	18678271	920	0.02835966494765374
19227136	15357081	1790	0.45913651147254264
19227136	15357077	1766	0.6273377299788094
19227136	35450538	886	0.6584568662507423
19227136	13683935	1714	8.16612528503069E-4
19214639	19227136	11	0.5375513923027404
19214639	6902930	29	0.9680097676948318
19214639	6902933	123	0.49605539362712614
19214639	14579493	178	0.8199569996976397
19214639	7751408	180	0.6426566998923642
19214639	14579494	195	0.7716374542964
19214639	14579476	203	0.6658775115161467
19214639	41522043	208	0.6598866454658783
19214639	17791429	211	0.41409762014255036
19214639	14607762	223	0.7310122158553006
19214639	7461171	227	0.6340567474296436
19214639	7816860	252	0.2990225692296521
19214639	21057006	262	0.5834303930476619
19214639	6677293	265	0.7815449116053127
19214639	7365144	280	0.5489969666256788
19214639	16250137	285	0.13097044381214573
19214639	14579536	289	0.07499263769449971
19214639	17915296	389	0.0668599244574678
19214639	18752426	397	0.6970198094686271
19214639	1940049	411	0.13896282143095917
19214639	14579088	445	0.14731514023186276
19214639	16253106	453	0.9982154250354999
19214639	13227225	508	0.1504888410386368
19214639	7770986	522	0.723273803889334
19214639	18130744	542	0.9454882001607039
19214639	18021634	554	0.28257116473945953
19214639	18130746	561	0.7369705793281793
19214639	30241004	597	0.970961441711912
19214639	49650310	618	0.6682671234937646
19214639	20805410	619	0.6261239120057563
19214639	35497190	717	0.6301935260040324
19214639	14579063	754	0.0315648686094111
19214639	33070192	806	0.7799923385080348
19214639	13955186	818	0.01884016715891501
19214639	15357084	828	0.5339602423443891
19214639	15197179	830	0.17990265817563544
19214639	15197186	917	0.5325933095236226
19214639	16210652	976	0.25400576306863876
19214639	21049304	1002	0.4492104606718248
19214639	9001729	1020	0.2339304875212307
19214639	13227229	1070	0.9588780258034475
19214639	18754874	1131	0.9497743298161321
19214639	12916234	1219	0.3484642192503049
19214639	17950573	1236	0.2648378705443317
19214639	13499757	1302	0.8206072459003082
19214639	15178444	1352	0.3205149456633679
19214639	19588677	1442	0.6293287899393843
19214639	14723315	1600	0.16511193805896307
19214639	22337104	1788	0.47488979924445696
19214639	19514897	805	0.7965379290036891
19214639	18464147	501	0.2326605219604989
19214639	19514975	654	0.9074512830939735
19214639	16253108	550	0.697096533853983
19214639	19531567	850	0.047290899280340915
19214639	19531571	833	0.7483308322681175
19214639	18185281	812	0.6396656965681398
19214639	19531582	819	0.1991904579387862
19214639	18752420	923	0.3954245981916412
19214639	19524327	1010	0.1851174335537512
19214639	19524316	1029	0.8690009290641793
19214639	16272469	514	0.9228653477250877
19214639	15197181	306	0.05725403494874848
19214639	9001727	806	0.3977700732268954
19214639	17915327	423	0.07011367195031637
19214639	17915328	414	0.15561999784333724
19214639	7751409	672	0.39783676711899685
19214639	17916549	385	0.045340251441671975
19214639	7461174	734	0.5830441782956606
19214639	9001725	782	0.3768905763277204
19214639	13710445	884	0.1722014363683687
19214639	9001623	1214	0.6498844448178575
19214639	35495295	1294	0.057737203671520354
19214639	35495294	1164	0.3966021626324564
19214639	33070146	1081	0.11904263097452805
19214639	15394142	1085	0.7190797432924113
19214639	18678271	908	0.02835966494765374
19214639	15357081	1175	0.45913651147254264
19214639	15357077	1151	0.6273377299788094
19214639	35450538	874	0.6584568662507423
19214639	13683935	1726	8.16612528503069E-4
18130746	18021636	386	0.3421865881665269
18130746	18021634	412	0.28257116473945953
18130746	16210652	415	0.25400576306863876
18130746	49650310	476	0.6682671234937646
18130746	13227229	486	0.9588780258034475
18130746	16253106	539	0.9982154250354999
18130746	7770986	608	0.723273803889334
18130746	19531567	617	0.047290899280340915
18130746	19531571	633	0.7483308322681175
18130746	18185281	654	0.6396656965681398
18130746	13955186	676	0.01884016715891501
18130746	15197179	688	0.17990265817563544
18130746	7459221	813	0.7689261420188814
18130746	14579493	827	0.8199569996976397
18130746	9001729	878	0.2339304875212307
18130746	17791429	924	0.41409762014255036
18130746	7461171	940	0.6340567474296436
18130746	21057006	975	0.5834303930476619
18130746	6902930	977	0.9680097676948318
18130746	6677293	978	0.7815449116053127
18130746	7751408	988	0.6426566998923642
18130746	18754874	989	0.9497743298161321
18130746	6902933	1072	0.49605539362712614
18130746	12916234	1077	0.3484642192503049
18130746	17915296	1081	0.0668599244574678
18130746	15178444	1095	0.3205149456633679
18130746	18752420	1126	0.3954245981916412
18130746	14579476	1152	0.6658775115161467
18130746	7365144	1157	0.5489969666256788
18130746	14607762	1172	0.7310122158553006
18130746	19588677	1300	0.6293287899393843
18130746	14723315	1352	0.16511193805896307
18130746	30241004	1546	0.970961441711912
18130746	33070192	1619	0.7799923385080348
18130746	21049304	1619	0.4492104606718248
18130746	22337104	1646	0.47488979924445696
18130746	35497190	1666	0.6301935260040324
18130746	14579063	1703	0.0315648686094111
18130746	15357084	1777	0.5339602423443891
18130746	17950573	2113	0.2648378705443317
18130746	13499757	2179	0.8206072459003082
18130746	18678271	2726	0.02835966494765374
18130746	15357081	3198	0.45913651147254264
18130746	19514897	506	0.7965379290036891
18130746	16250137	429	0.13097044381214573
18130746	18752426	165	0.6970198094686271
18130746	18464147	199	0.2326605219604989
18130746	19514975	355	0.9074512830939735
18130746	16253108	248	0.697096533853983
18130746	18130744	19	0.9454882001607039
18130746	19227136	549	0.5375513923027404
18130746	19214639	561	0.48294631233923935
18130746	19531582	522	0.1991904579387862
18130746	20805410	754	0.6261239120057563
18130746	19524327	782	0.1851174335537512
18130746	19524316	801	0.8690009290641793
18130746	16272469	212	0.9228653477250877
18130746	1940049	700	0.13896282143095917
18130746	7461174	716	0.5830441782956606
18130746	9001725	554	0.3768905763277204
18130746	9001623	917	0.6498844448178575
18130746	13683935	1708	8.16612528503069E-4
19531567	19531571	16	0.7483308322681175
19531567	18185281	37	0.6396656965681398
19531567	5907297	137	0.858675474345504
19531567	19514975	196	0.9074512830939735
19531567	13955186	253	0.01884016715891501
19531567	5983027	270	0.7202233047576987
19531567	16253108	294	0.697096533853983
19531567	18464147	352	0.2326605219604989
19531567	49650310	371	0.6682671234937646
19531567	13710445	387	0.1722014363683687
19531567	7459221	390	0.7689261420188814
19531567	19514897	452	0.7965379290036891
19531567	18130744	532	0.9454882001607039
19531567	18021634	544	0.28257116473945953
19531567	18130746	551	0.7369705793281793
19531567	19524316	606	0.8690009290641793
19531567	9001729	611	0.2339304875212307
19531567	19588677	664	0.6293287899393843
19531567	18752420	712	0.3954245981916412
19531567	18754874	722	0.9497743298161321
19531567	14579494	745	0.7716374542964
19531567	19531582	762	0.1991904579387862
19531567	21057006	795	0.5834303930476619
19531567	12916234	810	0.3484642192503049
19531567	17915296	814	0.0668599244574678
19531567	41522043	822	0.6598866454658783
19531567	19227136	838	0.5375513923027404
19531567	19214639	850	0.48294631233923935
19531567	16250137	899	0.13097044381214573
19531567	16210652	966	0.25400576306863876
19531567	20805410	969	0.6261239120057563
19531567	14579476	1053	0.6658775115161467
19531567	13227225	1058	0.1504888410386368
19531567	7816860	1102	0.2990225692296521
19531567	15178444	1342	0.3205149456633679
19531567	21049304	1352	0.4492104606718248
19531567	22337104	1379	0.47488979924445696
19531567	30241004	1447	0.970961441711912
19531567	33070192	1515	0.7799923385080348
19531567	35497190	1567	0.6301935260040324
19531567	14723315	1590	0.16511193805896307
19531567	14579063	1604	0.0315648686094111
19531567	15357084	1678	0.5339602423443891
19531567	17950573	2014	0.2648378705443317
19531567	13499757	2080	0.8206072459003082
19531567	18752426	363	0.6970198094686271
19531567	18021636	231	0.3421865881665269
19531567	19524327	789	0.1851174335537512
19531567	15197179	420	0.17990265817563544
19531567	16272469	235	0.9228653477250877
19531567	17791429	965	0.41409762014255036
19531567	15197181	909	0.05725403494874848
19531567	9001727	306	0.3977700732268954
19531567	1940049	707	0.13896282143095917
19531567	7461174	723	0.5830441782956606
19531567	9001725	561	0.3768905763277204
19531567	9001623	816	0.6498844448178575
19531571	18185281	21	0.6396656965681398
19531571	5907297	120	0.858675474345504
19531571	19514975	179	0.9074512830939735
19531571	13955186	236	0.01884016715891501
19531571	5983027	253	0.7202233047576987
19531571	16253108	277	0.697096533853983
19531571	19531567	333	0.047290899280340915
19531571	18464147	335	0.2326605219604989
19531571	49650310	354	0.6682671234937646
19531571	13710445	370	0.1722014363683687
19531571	7459221	373	0.7689261420188814
19531571	19514897	435	0.7965379290036891
19531571	18130744	515	0.9454882001607039
19531571	18021634	527	0.28257116473945953
19531571	18130746	534	0.7369705793281793
19531571	19524316	589	0.8690009290641793
19531571	9001729	594	0.2339304875212307
19531571	19588677	647	0.6293287899393843
19531571	18752420	695	0.3954245981916412
19531571	18754874	705	0.9497743298161321
19531571	14579494	728	0.7716374542964
19531571	19531582	745	0.1991904579387862
19531571	21057006	778	0.5834303930476619
19531571	12916234	793	0.3484642192503049
19531571	17915296	797	0.0668599244574678
19531571	41522043	805	0.6598866454658783
19531571	19227136	821	0.5375513923027404
19531571	19214639	833	0.48294631233923935
19531571	16250137	882	0.13097044381214573
19531571	16210652	949	0.25400576306863876
19531571	20805410	952	0.6261239120057563
19531571	14579476	1036	0.6658775115161467
19531571	13227225	1041	0.1504888410386368
19531571	7816860	1085	0.2990225692296521
19531571	15178444	1325	0.3205149456633679
19531571	21049304	1335	0.4492104606718248
19531571	22337104	1362	0.47488979924445696
19531571	30241004	1430	0.970961441711912
19531571	33070192	1498	0.7799923385080348
19531571	35497190	1550	0.6301935260040324
19531571	14723315	1573	0.16511193805896307
19531571	14579063	1587	0.0315648686094111
19531571	15357084	1661	0.5339602423443891
19531571	17950573	1997	0.2648378705443317
19531571	13499757	2063	0.8206072459003082
19531571	18752426	379	0.6970198094686271
19531571	18021636	247	0.3421865881665269
19531571	19524327	805	0.1851174335537512
19531571	15197179	436	0.17990265817563544
19531571	16272469	251	0.9228653477250877
19531571	17791429	981	0.41409762014255036
19531571	15197181	925	0.05725403494874848
19531571	9001727	249	0.3977700732268954
19531571	1940049	723	0.13896282143095917
19531571	7461174	739	0.5830441782956606
19531571	9001725	577	0.3768905763277204
19531571	9001623	832	0.6498844448178575
18185281	5907297	99	0.858675474345504
18185281	19514975	158	0.9074512830939735
18185281	13955186	215	0.01884016715891501
18185281	5983027	232	0.7202233047576987
18185281	19531571	255	0.7483308322681175
18185281	16253108	256	0.697096533853983
18185281	19531567	312	0.047290899280340915
18185281	18464147	314	0.2326605219604989
18185281	49650310	333	0.6682671234937646
18185281	13710445	349	0.1722014363683687
18185281	7459221	352	0.7689261420188814
18185281	19514897	414	0.7965379290036891
18185281	18130744	494	0.9454882001607039
18185281	18021634	506	0.28257116473945953
18185281	18130746	513	0.7369705793281793
18185281	19524316	568	0.8690009290641793
18185281	9001729	573	0.2339304875212307
18185281	19588677	626	0.6293287899393843
18185281	18752420	674	0.3954245981916412
18185281	18754874	684	0.9497743298161321
18185281	14579494	707	0.7716374542964
18185281	19531582	724	0.1991904579387862
18185281	21057006	757	0.5834303930476619
18185281	12916234	772	0.3484642192503049
18185281	17915296	776	0.0668599244574678
18185281	41522043	784	0.6598866454658783
18185281	19227136	800	0.5375513923027404
18185281	19214639	812	0.48294631233923935
18185281	16250137	861	0.13097044381214573
18185281	16210652	928	0.25400576306863876
18185281	20805410	931	0.6261239120057563
18185281	14579476	1015	0.6658775115161467
18185281	13227225	1020	0.1504888410386368
18185281	7816860	1064	0.2990225692296521
18185281	15178444	1304	0.3205149456633679
18185281	21049304	1314	0.4492104606718248
18185281	22337104	1341	0.47488979924445696
18185281	30241004	1409	0.970961441711912
18185281	33070192	1477	0.7799923385080348
18185281	35497190	1529	0.6301935260040324
18185281	14723315	1552	0.16511193805896307
18185281	14579063	1566	0.0315648686094111
18185281	15357084	1640	0.5339602423443891
18185281	17950573	1976	0.2648378705443317
18185281	13499757	2042	0.8206072459003082
18185281	18752426	400	0.6970198094686271
18185281	18021636	268	0.3421865881665269
18185281	19524327	826	0.1851174335537512
18185281	15197179	457	0.17990265817563544
18185281	16272469	272	0.9228653477250877
18185281	17791429	1002	0.41409762014255036
18185281	15197181	946	0.05725403494874848
18185281	9001727	270	0.3977700732268954
18185281	1940049	744	0.13896282143095917
18185281	7461174	760	0.5830441782956606
18185281	9001725	598	0.3768905763277204
18185281	9001623	853	0.6498844448178575
21049304	15197186	123	0.5325933095236226
21049304	7365144	454	0.5489969666256788
21049304	19227136	612	0.5375513923027404
21049304	19214639	624	0.48294631233923935
21049304	6902930	652	0.9680097676948318
21049304	14579493	730	0.8199569996976397
21049304	14579494	747	0.7716374542964
21049304	6902933	747	0.49605539362712614
21049304	41522043	760	0.6598866454658783
21049304	17791429	763	0.41409762014255036
21049304	7461171	779	0.6340567474296436
21049304	21057006	814	0.5834303930476619
21049304	6677293	817	0.7815449116053127
21049304	7751408	827	0.6426566998923642
21049304	14579476	827	0.6658775115161467
21049304	16250137	837	0.13097044381214573
21049304	14607762	847	0.7310122158553006
21049304	7816860	876	0.2990225692296521
21049304	17915296	941	0.0668599244574678
21049304	14579536	946	0.07499263769449971
21049304	18752426	949	0.6970198094686271
21049304	1940049	963	0.13896282143095917
21049304	14579088	997	0.14731514023186276
21049304	16253106	1005	0.9982154250354999
21049304	13227225	1060	0.1504888410386368
21049304	7770986	1074	0.723273803889334
21049304	18130744	1094	0.9454882001607039
21049304	18021634	1106	0.28257116473945953
21049304	18130746	1113	0.7369705793281793
21049304	49650310	1170	0.6682671234937646
21049304	20805410	1171	0.6261239120057563
21049304	30241004	1221	0.970961441711912
21049304	9001725	1248	0.3768905763277204
21049304	13955186	1370	0.01884016715891501
21049304	15197179	1382	0.17990265817563544
21049304	17950573	1410	0.2648378705443317
21049304	15357084	1452	0.5339602423443891
21049304	33070192	1453	0.7799923385080348
21049304	13499757	1476	0.8206072459003082
21049304	16210652	1528	0.25400576306863876
21049304	9001729	1572	0.2339304875212307
21049304	13227229	1622	0.9588780258034475
21049304	18754874	1683	0.9497743298161321
21049304	12916234	1771	0.3484642192503049
21049304	15178444	1904	0.3205149456633679
21049304	19588677	1994	0.6293287899393843
21049304	14723315	2152	0.16511193805896307
21049304	33070146	2223	0.11904263097452805
21049304	15394142	2227	0.7190797432924113
21049304	35497190	2310	0.6301935260040324
21049304	22337104	2340	0.47488979924445696
21049304	14579063	2502	0.0315648686094111
21049304	19514897	1107	0.7965379290036891
21049304	18464147	1162	0.2326605219604989
21049304	19514975	1156	0.9074512830939735
21049304	16253108	1220	0.697096533853983
21049304	18021636	1233	0.3421865881665269
21049304	19531567	1352	0.047290899280340915
21049304	19531571	1335	0.7483308322681175
21049304	18185281	1314	0.6396656965681398
21049304	19531582	920	0.1991904579387862
21049304	18752420	1425	0.3954245981916412
21049304	19524327	947	0.1851174335537512
21049304	19524316	966	0.8690009290641793
21049304	16272469	1029	0.9228653477250877
21049304	15197181	794	0.05725403494874848
21049304	9001727	1308	0.3977700732268954
21049304	17915327	1081	0.07011367195031637
21049304	17915328	1072	0.15561999784333724
21049304	7751409	48	0.39783676711899685
21049304	17916549	1043	0.045340251441671975
21049304	7461174	671	0.5830441782956606
21049304	13710445	1386	0.1722014363683687
21049304	7459221	1620	0.7689261420188814
21049304	9001623	1315	0.6498844448178575
21049304	35495295	1482	0.057737203671520354
21049304	35495294	1352	0.3966021626324564
21049304	18678271	1885	0.02835966494765374
21049304	15357081	1990	0.45913651147254264
21049304	15357077	1966	0.6273377299788094
21049304	35450538	2127	0.6584568662507423
21049304	13683935	1904	8.16612528503069E-4
19531582	19524316	226	0.8690009290641793
19531582	9001729	231	0.2339304875212307
19531582	9001725	285	0.3768905763277204
19531582	16272469	308	0.9228653477250877
19531582	9001727	312	0.3977700732268954
19531582	18464147	323	0.2326605219604989
19531582	19514975	329	0.9074512830939735
19531582	18754874	342	0.9497743298161321
19531582	16253106	414	0.9982154250354999
19531582	19531567	421	0.047290899280340915
19531582	19514897	421	0.7965379290036891
19531582	12916234	430	0.3484642192503049
19531582	19531571	437	0.7483308322681175
19531582	18185281	458	0.6396656965681398
19531582	13955186	480	0.01884016715891501
19531582	7770986	483	0.723273803889334
19531582	18130744	503	0.9454882001607039
19531582	18021634	515	0.28257116473945953
19531582	18130746	522	0.7369705793281793
19531582	17915296	530	0.0668599244574678
19531582	20805410	537	0.6261239120057563
19531582	49650310	598	0.6682671234937646
19531582	7459221	617	0.7689261420188814
19531582	19588677	653	0.6293287899393843
19531582	21057006	656	0.5834303930476619
19531582	41522043	710	0.6598866454658783
19531582	14579494	714	0.7716374542964
19531582	13710445	755	0.1722014363683687
19531582	16250137	807	0.13097044381214573
19531582	19227136	807	0.5375513923027404
19531582	19214639	819	0.48294631233923935
19531582	6902930	847	0.9680097676948318
19531582	21049304	920	0.4492104606718248
19531582	16210652	937	0.25400576306863876
19531582	6902933	942	0.49605539362712614
19531582	22337104	999	0.47488979924445696
19531582	14579476	1022	0.6658775115161467
19531582	13227225	1027	0.1504888410386368
19531582	13227229	1031	0.9588780258034475
19531582	7816860	1071	0.2990225692296521
19531582	15178444	1313	0.3205149456633679
19531582	30241004	1416	0.970961441711912
19531582	33070192	1484	0.7799923385080348
19531582	35497190	1536	0.6301935260040324
19531582	14723315	1561	0.16511193805896307
19531582	14579063	1573	0.0315648686094111
19531582	15357084	1647	0.5339602423443891
19531582	18752420	1881	0.3954245981916412
19531582	17950573	1983	0.2648378705443317
19531582	13499757	2326	0.8206072459003082
19531582	16253108	630	0.697096533853983
19531582	19524327	907	0.1851174335537512
19531582	15197179	832	0.17990265817563544
19531582	17791429	1377	0.41409762014255036
19531582	15197181	1321	0.05725403494874848
19531582	1940049	1119	0.13896282143095917
19531582	7461174	1135	0.5830441782956606
19531582	9001623	651	0.6498844448178575
19531582	13683935	1417	8.16612528503069E-4
14579536	14579088	206	0.14731514023186276
14579536	13227225	269	0.1504888410386368
14579536	14579476	295	0.6658775115161467
14579536	6902933	415	0.49605539362712614
14579536	6902930	438	0.9680097676948318
14579536	19214639	466	0.48294631233923935
14579536	7751408	472	0.6426566998923642
14579536	19227136	478	0.5375513923027404
14579536	14607762	515	0.7310122158553006
14579536	7816860	544	0.2990225692296521
14579536	14579493	644	0.8199569996976397
14579536	14579494	661	0.7716374542964
14579536	41522043	674	0.6598866454658783
14579536	17791429	677	0.41409762014255036
14579536	7365144	686	0.5489969666256788
14579536	30241004	689	0.970961441711912
14579536	18021636	724	0.3421865881665269
14579536	21057006	728	0.5834303930476619
14579536	6677293	731	0.7815449116053127
14579536	33070192	749	0.7799923385080348
14579536	18021634	750	0.28257116473945953
14579536	16250137	751	0.13097044381214573
14579536	16210652	753	0.25400576306863876
14579536	49650310	814	0.6682671234937646
14579536	13227229	824	0.9588780258034475
14579536	17915296	855	0.0668599244574678
14579536	1940049	877	0.13896282143095917
14579536	16253106	877	0.9982154250354999
14579536	15357084	920	0.5339602423443891
14579536	7770986	946	0.723273803889334
14579536	35497190	977	0.6301935260040324
14579536	13955186	1014	0.01884016715891501
14579536	15197179	1026	0.17990265817563544
14579536	14579063	1098	0.0315648686094111
14579536	7459221	1151	0.7689261420188814
14579536	9001729	1216	0.2339304875212307
14579536	7461171	1278	0.6340567474296436
14579536	18754874	1327	0.9497743298161321
14579536	12916234	1415	0.3484642192503049
14579536	15178444	1433	0.3205149456633679
14579536	15197186	1460	0.5325933095236226
14579536	21049304	1545	0.4492104606718248
14579536	19588677	1638	0.6293287899393843
14579536	14723315	1690	0.16511193805896307
14579536	13499757	1739	0.8206072459003082
14579536	22337104	1984	0.47488979924445696
14579536	18678271	926	0.02835966494765374
14579536	15357081	1193	0.45913651147254264
14579536	15357077	1169	0.6273377299788094
14579536	35450538	892	0.6584568662507423
17915296	1940049	22	0.13896282143095917
17915296	6677293	124	0.7815449116053127
17915296	21057006	127	0.5834303930476619
17915296	41522043	181	0.6598866454658783
17915296	15197181	181	0.05725403494874848
17915296	20805410	231	0.6261239120057563
17915296	17791429	237	0.41409762014255036
17915296	16250137	278	0.13097044381214573
17915296	14579493	331	0.8199569996976397
17915296	14579494	348	0.7716374542964
17915296	19227136	377	0.5375513923027404
17915296	7461171	380	0.6340567474296436
17915296	19214639	389	0.48294631233923935
17915296	15197179	403	0.17990265817563544
17915296	19514897	409	0.7965379290036891
17915296	6902930	417	0.9680097676948318
17915296	7751408	428	0.6426566998923642
17915296	16272469	510	0.9228653477250877
17915296	6902933	512	0.49605539362712614
17915296	9001725	514	0.3768905763277204
17915296	15197186	529	0.5325933095236226
17915296	14579476	592	0.6658775115161467
17915296	7365144	597	0.5489969666256788
17915296	14607762	612	0.7310122158553006
17915296	21049304	614	0.4492104606718248
17915296	18464147	631	0.2326605219604989
17915296	19514975	637	0.9074512830939735
17915296	7816860	641	0.2990225692296521
17915296	13227225	661	0.1504888410386368
17915296	18130744	703	0.9454882001607039
17915296	18130746	722	0.7369705793281793
17915296	19531567	729	0.047290899280340915
17915296	19531571	745	0.7483308322681175
17915296	18130598	749	0.6392521595997206
17915296	18185281	766	0.6396656965681398
17915296	49650310	771	0.6682671234937646
17915296	13955186	788	0.01884016715891501
17915296	16253108	829	0.697096533853983
17915296	19524316	846	0.8690009290641793
17915296	19524327	865	0.1851174335537512
17915296	7459221	925	0.7689261420188814
17915296	18754874	962	0.9497743298161321
17915296	18021636	1108	0.3421865881665269
17915296	16210652	1137	0.25400576306863876
17915296	19531582	1141	0.1991904579387862
17915296	12916234	1189	0.3484642192503049
17915296	18752420	1247	0.3954245981916412
17915296	19588677	1412	0.6293287899393843
17915296	15178444	1513	0.3205149456633679
17915296	22337104	1758	0.47488979924445696
17915296	14723315	1761	0.16511193805896307
17915296	18752426	827	0.6970198094686271
17915296	14579536	855	0.07499263769449971
17915296	16253106	661	0.9982154250354999
17915296	9001727	770	0.3977700732268954
17915296	17915327	740	0.07011367195031637
17915296	17915328	731	0.15561999784333724
17915296	7751409	989	0.39783676711899685
17915296	17916549	702	0.045340251441671975
17915296	9001729	852	0.2339304875212307
17915296	7461174	281	0.5830441782956606
17915296	13227229	1067	0.9588780258034475
17915296	13710445	848	0.1722014363683687
17915296	18021634	1155	0.28257116473945953
17915296	35497190	1225	0.6301935260040324
17915296	9001623	925	0.6498844448178575
17915296	30241004	1619	0.970961441711912
17915296	35495295	1611	0.057737203671520354
17915296	35495294	1481	0.3966021626324564
17915296	13499757	826	0.8206072459003082
17915296	33070146	1398	0.11904263097452805
17915296	14579063	913	0.0315648686094111
17915296	15394142	1402	0.7190797432924113
17915296	15357084	2046	0.5339602423443891
17915296	33070192	1191	0.7799923385080348
17915296	18678271	1297	0.02835966494765374
17915296	15357081	2119	0.45913651147254264
17915296	15357077	2095	0.6273377299788094
17915296	17950573	1380	0.2648378705443317
17915296	35450538	1263	0.6584568662507423
17915296	13683935	1273	8.16612528503069E-4
13227225	18021636	645	0.3421865881665269
13227225	18021634	671	0.28257116473945953
13227225	16210652	674	0.25400576306863876
13227225	49650310	735	0.6682671234937646
13227225	13227229	745	0.9588780258034475
13227225	16253106	798	0.9982154250354999
13227225	7770986	867	0.723273803889334
13227225	19531567	876	0.047290899280340915
13227225	19531571	892	0.7483308322681175
13227225	18185281	913	0.6396656965681398
13227225	13955186	935	0.01884016715891501
13227225	15197179	947	0.17990265817563544
13227225	7459221	1072	0.7689261420188814
13227225	14579493	1086	0.8199569996976397
13227225	9001729	1137	0.2339304875212307
13227225	17791429	1183	0.41409762014255036
13227225	7461171	1199	0.6340567474296436
13227225	21057006	1234	0.5834303930476619
13227225	6902930	1236	0.9680097676948318
13227225	6677293	1237	0.7815449116053127
13227225	7751408	1247	0.6426566998923642
13227225	18754874	1248	0.9497743298161321
13227225	6902933	1331	0.49605539362712614
13227225	12916234	1336	0.3484642192503049
13227225	17915296	1340	0.0668599244574678
13227225	15178444	1354	0.3205149456633679
13227225	18752420	1385	0.3954245981916412
13227225	14579476	1411	0.6658775115161467
13227225	7365144	1416	0.5489969666256788
13227225	14607762	1431	0.7310122158553006
13227225	19588677	1559	0.6293287899393843
13227225	14723315	1611	0.16511193805896307
13227225	30241004	1805	0.970961441711912
13227225	33070192	1878	0.7799923385080348
13227225	21049304	1878	0.4492104606718248
13227225	22337104	1905	0.47488979924445696
13227225	35497190	1925	0.6301935260040324
13227225	14579063	1962	0.0315648686094111
13227225	15357084	2036	0.5339602423443891
13227225	17950573	2372	0.2648378705443317
13227225	13499757	2438	0.8206072459003082
13227225	18678271	2985	0.02835966494765374
13227225	15357081	3457	0.45913651147254264
13227225	19514897	1013	0.7965379290036891
13227225	16250137	474	0.13097044381214573
13227225	14579088	195	0.14731514023186276
13227225	18464147	709	0.2326605219604989
13227225	41522043	480	0.6598866454658783
13227225	14579494	313	0.7716374542964
13227225	19514975	862	0.9074512830939735
13227225	19227136	496	0.5375513923027404
13227225	19214639	508	0.48294631233923935
13227225	19531582	1027	0.1991904579387862
13227225	14579536	269	0.07499263769449971
13227225	7816860	1123	0.2990225692296521
13227225	19524327	1218	0.1851174335537512
13227225	16272469	722	0.9228653477250877
13227225	17915327	859	0.07011367195031637
13227225	17915328	850	0.15561999784333724
13227225	7751409	1108	0.39783676711899685
13227225	17916549	821	0.045340251441671975
13227225	15197186	967	0.5325933095236226
13227225	7461174	942	0.5830441782956606
13227225	9001725	990	0.3768905763277204
13227225	9001623	1422	0.6498844448178575
13227225	35495295	1730	0.057737203671520354
13227225	35495294	1600	0.3966021626324564
13227225	33070146	1517	0.11904263097452805
13227225	15394142	1521	0.7190797432924113
13227225	15357077	1438	0.6273377299788094
13227225	35450538	1161	0.6584568662507423
13227225	13683935	1934	8.16612528503069E-4
7816860	35497190	469	0.6301935260040324
7816860	7365144	511	0.5489969666256788
7816860	14579063	590	0.0315648686094111
7816860	19227136	675	0.5375513923027404
7816860	19214639	687	0.48294631233923935
7816860	6902930	715	0.9680097676948318
7816860	14579493	793	0.8199569996976397
7816860	6902933	810	0.49605539362712614
7816860	14579494	810	0.7716374542964
7816860	41522043	823	0.6598866454658783
7816860	17791429	826	0.41409762014255036
7816860	7461171	842	0.6340567474296436
7816860	21057006	877	0.5834303930476619
7816860	6677293	880	0.7815449116053127
7816860	7751408	890	0.6426566998923642
7816860	14579476	890	0.6658775115161467
7816860	16250137	900	0.13097044381214573
7816860	14607762	910	0.7310122158553006
7816860	17950573	911	0.2648378705443317
7816860	33070146	939	0.11904263097452805
7816860	15394142	943	0.7190797432924113
7816860	15197186	952	0.5325933095236226
7816860	17915296	1004	0.0668599244574678
7816860	1940049	1026	0.13896282143095917
7816860	21049304	1037	0.4492104606718248
7816860	16253106	1068	0.9982154250354999
7816860	13227225	1123	0.1504888410386368
7816860	7770986	1137	0.723273803889334
7816860	18021634	1169	0.28257116473945953
7816860	13499757	1231	0.8206072459003082
7816860	49650310	1233	0.6682671234937646
7816860	13955186	1433	0.01884016715891501
7816860	15197179	1445	0.17990265817563544
7816860	9001725	1523	0.3768905763277204
7816860	16210652	1591	0.25400576306863876
7816860	9001729	1635	0.2339304875212307
7816860	13227229	1685	0.9588780258034475
7816860	12916234	1834	0.3484642192503049
7816860	15178444	1967	0.3205149456633679
7816860	14723315	2215	0.16511193805896307
7816860	19524316	2308	0.8690009290641793
7816860	18754874	2424	0.9497743298161321
7816860	19588677	2563	0.6293287899393843
7816860	22337104	2594	0.47488979924445696
7816860	19514897	1057	0.7965379290036891
7816860	18464147	753	0.2326605219604989
7816860	19514975	906	0.9074512830939735
7816860	19531567	1102	0.047290899280340915
7816860	19531571	1085	0.7483308322681175
7816860	18185281	1064	0.6396656965681398
7816860	19531582	1071	0.1991904579387862
7816860	14579536	544	0.07499263769449971
7816860	19524327	1262	0.1851174335537512
7816860	16272469	766	0.9228653477250877
7816860	17915327	675	0.07011367195031637
7816860	17915328	666	0.15561999784333724
7816860	7751409	924	0.39783676711899685
7816860	17916549	637	0.045340251441671975
7816860	7461174	986	0.5830441782956606
7816860	9001623	1466	0.6498844448178575
7816860	30241004	1554	0.970961441711912
7816860	35495295	1546	0.057737203671520354
7816860	35495294	1416	0.3966021626324564
7816860	15357084	1180	0.5339602423443891
7816860	33070192	880	0.7799923385080348
7816860	18678271	986	0.02835966494765374
7816860	15357081	1253	0.45913651147254264
7816860	15357077	1229	0.6273377299788094
7816860	35450538	952	0.6584568662507423
7816860	13683935	1978	8.16612528503069E-4
18752420	13710445	39	0.1722014363683687
18752420	19514975	269	0.9074512830939735
18752420	13955186	326	0.01884016715891501
18752420	19531571	366	0.7483308322681175
18752420	16253108	367	0.697096533853983
18752420	7459221	370	0.7689261420188814
18752420	18185281	387	0.6396656965681398
18752420	19531567	423	0.047290899280340915
18752420	18021634	617	0.28257116473945953
18752420	19588677	698	0.6293287899393843
18752420	18754874	795	0.9497743298161321
18752420	18021636	822	0.3421865881665269
18752420	21057006	868	0.5834303930476619
18752420	12916234	883	0.3484642192503049
18752420	17915296	887	0.0668599244574678
18752420	19227136	911	0.5375513923027404
18752420	19214639	923	0.48294631233923935
18752420	14579476	1126	0.6658775115161467
18752420	15178444	1415	0.3205149456633679
18752420	21049304	1425	0.4492104606718248
18752420	22337104	1452	0.47488979924445696
18752420	30241004	1520	0.970961441711912
18752420	33070192	1588	0.7799923385080348
18752420	35497190	1640	0.6301935260040324
18752420	14579063	1677	0.0315648686094111
18752420	15357084	1751	0.5339602423443891
18752420	17950573	2087	0.2648378705443317
18752420	13499757	2153	0.8206072459003082
18752420	18752426	872	0.6970198094686271
18752420	18464147	906	0.2326605219604989
18752420	18130744	1146	0.9454882001607039
18752420	18130746	1126	0.7369705793281793
18752420	19531582	1881	0.1991904579387862
18752420	13227225	1385	0.1504888410386368
18752420	9001727	668	0.3977700732268954
18752420	5983027	643	0.7202233047576987
18752420	5907297	584	0.858675474345504
18752420	9001729	750	0.2339304875212307
18752420	16210652	629	0.25400576306863876
18752420	9001623	1700	0.6498844448178575
18752420	33070460	746	0.7044572593925879
18752420	13683935	1790	8.16612528503069E-4
20805410	1940049	80	0.13896282143095917
20805410	17915296	102	0.0668599244574678
20805410	6677293	225	0.7815449116053127
20805410	21057006	228	0.5834303930476619
20805410	41522043	282	0.6598866454658783
20805410	15197181	282	0.05725403494874848
20805410	17791429	338	0.41409762014255036
20805410	16250137	379	0.13097044381214573
20805410	14579493	432	0.8199569996976397
20805410	15197179	435	0.17990265817563544
20805410	19514897	441	0.7965379290036891
20805410	19227136	478	0.5375513923027404
20805410	7461171	481	0.6340567474296436
20805410	19214639	490	0.48294631233923935
20805410	6902930	518	0.9680097676948318
20805410	7751408	529	0.6426566998923642
20805410	16272469	542	0.9228653477250877
20805410	9001725	546	0.3768905763277204
20805410	15197186	561	0.5325933095236226
20805410	6902933	613	0.49605539362712614
20805410	21049304	646	0.4492104606718248
20805410	18464147	663	0.2326605219604989
20805410	19514975	669	0.9074512830939735
20805410	14579476	693	0.6658775115161467
20805410	7365144	698	0.5489969666256788
20805410	14607762	713	0.7310122158553006
20805410	18130744	735	0.9454882001607039
20805410	18021634	747	0.28257116473945953
20805410	18130746	754	0.7369705793281793
20805410	19531567	761	0.047290899280340915
20805410	19531571	777	0.7483308322681175
20805410	18130598	781	0.6392521595997206
20805410	18185281	798	0.6396656965681398
20805410	13955186	820	0.01884016715891501
20805410	19524316	878	0.8690009290641793
20805410	7459221	957	0.7689261420188814
20805410	18754874	994	0.9497743298161321
20805410	18021636	1140	0.3421865881665269
20805410	16210652	1169	0.25400576306863876
20805410	19531582	1173	0.1991904579387862
20805410	12916234	1221	0.3484642192503049
20805410	19588677	1444	0.6293287899393843
20805410	15178444	1545	0.3205149456633679
20805410	22337104	1790	0.47488979924445696
20805410	14723315	1793	0.16511193805896307
20805410	16253108	837	0.697096533853983
20805410	19524327	564	0.1851174335537512
20805410	16253106	816	0.9982154250354999
20805410	49650310	759	0.6682671234937646
20805410	7461174	288	0.5830441782956606
20805410	9001623	932	0.6498844448178575
20805410	30241004	1692	0.970961441711912
20805410	35495295	1684	0.057737203671520354
20805410	35495294	1554	0.3966021626324564
20805410	13499757	833	0.8206072459003082
20805410	33070146	1471	0.11904263097452805
20805410	14579063	1040	0.0315648686094111
20805410	15394142	1475	0.7190797432924113
20805410	15357084	2119	0.5339602423443891
20805410	18678271	2087	0.02835966494765374
20805410	15357081	2192	0.45913651147254264
20805410	15357077	2168	0.6273377299788094
20805410	17950573	1321	0.2648378705443317
20805410	13683935	1280	8.16612528503069E-4
19524327	18754874	97	0.9497743298161321
19524327	9001725	229	0.3768905763277204
19524327	17915296	557	0.0668599244574678
19524327	19524316	561	0.8690009290641793
19524327	20805410	564	0.6261239120057563
19524327	19514897	679	0.7965379290036891
19524327	21057006	683	0.5834303930476619
19524327	18464147	691	0.2326605219604989
19524327	19514975	697	0.9074512830939735
19524327	12916234	721	0.3484642192503049
19524327	41522043	737	0.6598866454658783
19524327	9001729	756	0.2339304875212307
19524327	18130744	763	0.9454882001607039
19524327	18021634	775	0.28257116473945953
19524327	18130746	782	0.7369705793281793
19524327	19531567	789	0.047290899280340915
19524327	19531571	805	0.7483308322681175
19524327	18130598	809	0.6392521595997206
19524327	18185281	826	0.6396656965681398
19524327	16250137	834	0.13097044381214573
19524327	9001727	837	0.3977700732268954
19524327	13955186	848	0.01884016715891501
19524327	14579494	905	0.7716374542964
19524327	19531582	907	0.1991904579387862
19524327	19588677	944	0.6293287899393843
19524327	21049304	947	0.4492104606718248
19524327	7459221	985	0.7689261420188814
19524327	19227136	998	0.5375513923027404
19524327	19214639	1010	0.48294631233923935
19524327	18021636	1168	0.3421865881665269
19524327	16210652	1197	0.25400576306863876
19524327	14579476	1213	0.6658775115161467
19524327	13227225	1218	0.1504888410386368
19524327	7816860	1262	0.2990225692296521
19524327	22337104	1290	0.47488979924445696
19524327	15178444	1573	0.3205149456633679
19524327	30241004	1607	0.970961441711912
19524327	33070192	1675	0.7799923385080348
19524327	35497190	1727	0.6301935260040324
19524327	14579063	1764	0.0315648686094111
19524327	14723315	1821	0.16511193805896307
19524327	15357084	1838	0.5339602423443891
19524327	13499757	1959	0.8206072459003082
19524327	17950573	2452	0.2648378705443317
19524327	33070146	3265	0.11904263097452805
19524327	15394142	3269	0.7190797432924113
19524316	19524327	19	0.1851174335537512
19524316	18754874	117	0.9497743298161321
19524316	9001725	248	0.3768905763277204
19524316	17915296	576	0.0668599244574678
19524316	21057006	702	0.5834303930476619
19524316	12916234	740	0.3484642192503049
19524316	9001729	775	0.2339304875212307
19524316	18130744	782	0.9454882001607039
19524316	18021634	794	0.28257116473945953
19524316	18130746	801	0.7369705793281793
19524316	19531567	808	0.047290899280340915
19524316	19531571	824	0.7483308322681175
19524316	18185281	845	0.6396656965681398
19524316	9001727	856	0.3977700732268954
19524316	13955186	867	0.01884016715891501
19524316	19588677	963	0.6293287899393843
19524316	21049304	966	0.4492104606718248
19524316	7459221	1004	0.7689261420188814
19524316	19227136	1017	0.5375513923027404
19524316	19214639	1029	0.48294631233923935
19524316	16210652	1216	0.25400576306863876
19524316	14579476	1232	0.6658775115161467
19524316	22337104	1309	0.47488979924445696
19524316	15178444	1592	0.3205149456633679
19524316	30241004	1626	0.970961441711912
19524316	33070192	1694	0.7799923385080348
19524316	35497190	1746	0.6301935260040324
19524316	14579063	1783	0.0315648686094111
19524316	14723315	1840	0.16511193805896307
19524316	15357084	1857	0.5339602423443891
19524316	13499757	1978	0.8206072459003082
19524316	17950573	2471	0.2648378705443317
19524316	33070146	3284	0.11904263097452805
19524316	15394142	3288	0.7190797432924113
19524316	19514897	769	0.7965379290036891
19524316	18464147	504	0.2326605219604989
19524316	19514975	410	0.9074512830939735
19524316	16253108	474	0.697096533853983
19524316	19531582	226	0.1991904579387862
19524316	7816860	2308	0.2990225692296521
19524316	20805410	878	0.6261239120057563
19524316	15197179	900	0.17990265817563544
19524316	16272469	491	0.9228653477250877
19524316	49650310	396	0.6682671234937646
19524316	17791429	1082	0.41409762014255036
19524316	6677293	969	0.7815449116053127
19524316	15197181	1026	0.05725403494874848
19524316	1940049	824	0.13896282143095917
19524316	7461174	649	0.5830441782956606
19524316	9001623	305	0.6498844448178575
19524316	35495295	2535	0.057737203671520354
19524316	35495294	2405	0.3966021626324564
19524316	18678271	2938	0.02835966494765374
19524316	15357081	3043	0.45913651147254264
19524316	15357077	3019	0.6273377299788094
19524316	13683935	1244	8.16612528503069E-4
