16253106	303	0.027228711190474184	0
16272469	349	0.12379960280233158	1
7770986	372	0.12907909439670387	2
18021634	404	0.10694034372432028	3
15197179	452	0.15680841260717218	4
49650310	468	0.08060792002916715	5
14579493	591	0.009534293627798169	6
41522043	685	0.13585279420949423	7
17791429	688	0.08623615508746776	8
7461171	704	0.06701677208187466	9
16250137	762	0.1011672726913304	10
18754874	832	0.06596549016786231	11
14579476	916	0.13159229157147803	12
35497190	1430	0.11492723160809153	13
16253106	303	0.027228711190474184	14
16272469	349	0.12379960280233158	15
7770986	372	0.12907909439670387	16
18021634	404	0.10694034372432028	17
15197179	452	0.15680841260717218	18
49650310	468	0.08060792002916715	19
14579493	591	0.009534293627798169	20
41522043	685	0.13585279420949423	21
17791429	688	0.08623615508746776	22
7461171	704	0.06701677208187466	23
16250137	762	0.1011672726913304	24
18754874	832	0.06596549016786231	25
14579476	916	0.13159229157147803	26
35497190	1430	0.11492723160809153	27
16253106	303	0.027228711190474184	28
16272469	349	0.12379960280233158	29
7770986	372	0.12907909439670387	30
18021634	404	0.10694034372432028	31
15197179	452	0.15680841260717218	32
49650310	468	0.08060792002916715	33
14579493	591	0.009534293627798169	34
41522043	685	0.13585279420949423	35
17791429	688	0.08623615508746776	36
7461171	704	0.06701677208187466	37
16250137	762	0.1011672726913304	38
18754874	832	0.06596549016786231	39
14579476	916	0.13159229157147803	40
35497190	1430	0.11492723160809153	41
16253106	303	0.027228711190474184	42
16272469	349	0.12379960280233158	43
7770986	372	0.12907909439670387	44
18021634	404	0.10694034372432028	45
15197179	452	0.15680841260717218	46
49650310	468	0.08060792002916715	47
14579493	591	0.009534293627798169	48
41522043	685	0.13585279420949423	49
17791429	688	0.08623615508746776	50
7461171	704	0.06701677208187466	51
16250137	762	0.1011672726913304	52
18754874	832	0.06596549016786231	53
14579476	916	0.13159229157147803	54
35497190	1430	0.11492723160809153	55
16253106	303	0.027228711190474184	56
16272469	349	0.12379960280233158	57
7770986	372	0.12907909439670387	58
18021634	404	0.10694034372432028	59
15197179	452	0.15680841260717218	60
49650310	468	0.08060792002916715	61
14579493	591	0.009534293627798169	62
41522043	685	0.13585279420949423	63
17791429	688	0.08623615508746776	64
7461171	704	0.06701677208187466	65
16250137	762	0.1011672726913304	66
18754874	832	0.06596549016786231	67
14579476	916	0.13159229157147803	68
35497190	1430	0.11492723160809153	69
16253106	303	0.027228711190474184	70
16272469	349	0.12379960280233158	71
7770986	372	0.12907909439670387	72
18021634	404	0.10694034372432028	73
15197179	452	0.15680841260717218	74
49650310	468	0.08060792002916715	75
14579493	591	0.009534293627798169	76
41522043	685	0.13585279420949423	77
17791429	688	0.08623615508746776	78
7461171	704	0.06701677208187466	79
16250137	762	0.1011672726913304	80
18754874	832	0.06596549016786231	81
14579476	916	0.13159229157147803	82
35497190	1430	0.11492723160809153	83
16253106	303	0.027228711190474184	84
16272469	349	0.12379960280233158	85
7770986	372	0.12907909439670387	86
18021634	404	0.10694034372432028	87
15197179	452	0.15680841260717218	88
49650310	468	0.08060792002916715	89
14579493	591	0.009534293627798169	90
41522043	685	0.13585279420949423	91
17791429	688	0.08623615508746776	92
7461171	704	0.06701677208187466	93
16250137	762	0.1011672726913304	94
18754874	832	0.06596549016786231	95
14579476	916	0.13159229157147803	96
35497190	1430	0.11492723160809153	97
16253106	303	0.027228711190474184	98
16272469	349	0.12379960280233158	99
7770986	372	0.12907909439670387	100
18021634	404	0.10694034372432028	101
15197179	452	0.15680841260717218	102
49650310	468	0.08060792002916715	103
14579493	591	0.009534293627798169	104
41522043	685	0.13585279420949423	105
17791429	688	0.08623615508746776	106
7461171	704	0.06701677208187466	107
16250137	762	0.1011672726913304	108
18754874	832	0.06596549016786231	109
14579476	916	0.13159229157147803	110
35497190	1430	0.11492723160809153	111
16253106	303	0.027228711190474184	112
16272469	349	0.12379960280233158	113
7770986	372	0.12907909439670387	114
18021634	404	0.10694034372432028	115
15197179	452	0.15680841260717218	116
49650310	468	0.08060792002916715	117
14579493	591	0.009534293627798169	118
41522043	685	0.13585279420949423	119
17791429	688	0.08623615508746776	120
7461171	704	0.06701677208187466	121
16250137	762	0.1011672726913304	122
18754874	832	0.06596549016786231	123
14579476	916	0.13159229157147803	124
35497190	1430	0.11492723160809153	125
16253106	303	0.027228711190474184	126
16272469	349	0.12379960280233158	127
7770986	372	0.12907909439670387	128
18021634	404	0.10694034372432028	129
15197179	452	0.15680841260717218	130
49650310	468	0.08060792002916715	131
14579493	591	0.009534293627798169	132
41522043	685	0.13585279420949423	133
17791429	688	0.08623615508746776	134
7461171	704	0.06701677208187466	135
16250137	762	0.1011672726913304	136
18754874	832	0.06596549016786231	137
14579476	916	0.13159229157147803	138
35497190	1430	0.11492723160809153	139
16253106	303	0.027228711190474184	140
16272469	349	0.12379960280233158	141
7770986	372	0.12907909439670387	142
18021634	404	0.10694034372432028	143
15197179	452	0.15680841260717218	144
49650310	468	0.08060792002916715	145
14579493	591	0.009534293627798169	146
41522043	685	0.13585279420949423	147
17791429	688	0.08623615508746776	148
7461171	704	0.06701677208187466	149
16250137	762	0.1011672726913304	150
18754874	832	0.06596549016786231	151
14579476	916	0.13159229157147803	152
35497190	1430	0.11492723160809153	153
16253106	303	0.027228711190474184	154
16272469	349	0.12379960280233158	155
7770986	372	0.12907909439670387	156
18021634	404	0.10694034372432028	157
15197179	452	0.15680841260717218	158
49650310	468	0.08060792002916715	159
14579493	591	0.009534293627798169	160
41522043	685	0.13585279420949423	161
17791429	688	0.08623615508746776	162
7461171	704	0.06701677208187466	163
16250137	762	0.1011672726913304	164
18754874	832	0.06596549016786231	165
14579476	916	0.13159229157147803	166
35497190	1430	0.11492723160809153	167
16253106	303	0.027228711190474184	168
16272469	349	0.12379960280233158	169
7770986	372	0.12907909439670387	170
18021634	404	0.10694034372432028	171
15197179	452	0.15680841260717218	172
49650310	468	0.08060792002916715	173
14579493	591	0.009534293627798169	174
41522043	685	0.13585279420949423	175
17791429	688	0.08623615508746776	176
7461171	704	0.06701677208187466	177
16250137	762	0.1011672726913304	178
18754874	832	0.06596549016786231	179
14579476	916	0.13159229157147803	180
35497190	1430	0.11492723160809153	181
16253106	303	0.027228711190474184	182
16272469	349	0.12379960280233158	183
7770986	372	0.12907909439670387	184
18021634	404	0.10694034372432028	185
15197179	452	0.15680841260717218	186
49650310	468	0.08060792002916715	187
14579493	591	0.009534293627798169	188
41522043	685	0.13585279420949423	189
17791429	688	0.08623615508746776	190
7461171	704	0.06701677208187466	191
16250137	762	0.1011672726913304	192
18754874	832	0.06596549016786231	193
14579476	916	0.13159229157147803	194
35497190	1430	0.11492723160809153	195
16253106	303	0.027228711190474184	196
16272469	349	0.12379960280233158	197
7770986	372	0.12907909439670387	198
18021634	404	0.10694034372432028	199
15197179	452	0.15680841260717218	200
49650310	468	0.08060792002916715	201
14579493	591	0.009534293627798169	202
41522043	685	0.13585279420949423	203
17791429	688	0.08623615508746776	204
7461171	704	0.06701677208187466	205
16250137	762	0.1011672726913304	206
18754874	832	0.06596549016786231	207
14579476	916	0.13159229157147803	208
35497190	1430	0.11492723160809153	209
16253106	303	0.027228711190474184	210
16272469	349	0.12379960280233158	211
7770986	372	0.12907909439670387	212
18021634	404	0.10694034372432028	213
15197179	452	0.15680841260717218	214
49650310	468	0.08060792002916715	215
14579493	591	0.009534293627798169	216
41522043	685	0.13585279420949423	217
17791429	688	0.08623615508746776	218
7461171	704	0.06701677208187466	219
16250137	762	0.1011672726913304	220
18754874	832	0.06596549016786231	221
14579476	916	0.13159229157147803	222
35497190	1430	0.11492723160809153	223
16253106	303	0.027228711190474184	224
16272469	349	0.12379960280233158	225
7770986	372	0.12907909439670387	226
18021634	404	0.10694034372432028	227
15197179	452	0.15680841260717218	228
49650310	468	0.08060792002916715	229
14579493	591	0.009534293627798169	230
41522043	685	0.13585279420949423	231
17791429	688	0.08623615508746776	232
7461171	704	0.06701677208187466	233
16250137	762	0.1011672726913304	234
18754874	832	0.06596549016786231	235
14579476	916	0.13159229157147803	236
35497190	1430	0.11492723160809153	237
16253106	303	0.027228711190474184	238
16272469	349	0.12379960280233158	239
7770986	372	0.12907909439670387	240
18021634	404	0.10694034372432028	241
15197179	452	0.15680841260717218	242
49650310	468	0.08060792002916715	243
14579493	591	0.009534293627798169	244
41522043	685	0.13585279420949423	245
17791429	688	0.08623615508746776	246
7461171	704	0.06701677208187466	247
16250137	762	0.1011672726913304	248
18754874	832	0.06596549016786231	249
14579476	916	0.13159229157147803	250
35497190	1430	0.11492723160809153	251
16253106	303	0.027228711190474184	252
16272469	349	0.12379960280233158	253
7770986	372	0.12907909439670387	254
18021634	404	0.10694034372432028	255
15197179	452	0.15680841260717218	256
49650310	468	0.08060792002916715	257
14579493	591	0.009534293627798169	258
41522043	685	0.13585279420949423	259
17791429	688	0.08623615508746776	260
7461171	704	0.06701677208187466	261
16250137	762	0.1011672726913304	262
18754874	832	0.06596549016786231	263
14579476	916	0.13159229157147803	264
35497190	1430	0.11492723160809153	265
16253106	303	0.027228711190474184	266
16272469	349	0.12379960280233158	267
7770986	372	0.12907909439670387	268
18021634	404	0.10694034372432028	269
15197179	452	0.15680841260717218	270
49650310	468	0.08060792002916715	271
14579493	591	0.009534293627798169	272
41522043	685	0.13585279420949423	273
17791429	688	0.08623615508746776	274
7461171	704	0.06701677208187466	275
16250137	762	0.1011672726913304	276
18754874	832	0.06596549016786231	277
14579476	916	0.13159229157147803	278
35497190	1430	0.11492723160809153	279
16253106	303	0.027228711190474184	280
16272469	349	0.12379960280233158	281
7770986	372	0.12907909439670387	282
18021634	404	0.10694034372432028	283
15197179	452	0.15680841260717218	284
49650310	468	0.08060792002916715	285
14579493	591	0.009534293627798169	286
41522043	685	0.13585279420949423	287
17791429	688	0.08623615508746776	288
7461171	704	0.06701677208187466	289
16250137	762	0.1011672726913304	290
18754874	832	0.06596549016786231	291
14579476	916	0.13159229157147803	292
35497190	1430	0.11492723160809153	293
16253106	303	0.027228711190474184	294
16272469	349	0.12379960280233158	295
7770986	372	0.12907909439670387	296
18021634	404	0.10694034372432028	297
15197179	452	0.15680841260717218	298
49650310	468	0.08060792002916715	299
14579493	591	0.009534293627798169	300
41522043	685	0.13585279420949423	301
17791429	688	0.08623615508746776	302
7461171	704	0.06701677208187466	303
16250137	762	0.1011672726913304	304
18754874	832	0.06596549016786231	305
14579476	916	0.13159229157147803	306
35497190	1430	0.11492723160809153	307
16253106	303	0.027228711190474184	308
16272469	349	0.12379960280233158	309
7770986	372	0.12907909439670387	310
18021634	404	0.10694034372432028	311
15197179	452	0.15680841260717218	312
49650310	468	0.08060792002916715	313
14579493	591	0.009534293627798169	314
41522043	685	0.13585279420949423	315
17791429	688	0.08623615508746776	316
7461171	704	0.06701677208187466	317
16250137	762	0.1011672726913304	318
18754874	832	0.06596549016786231	319
14579476	916	0.13159229157147803	320
35497190	1430	0.11492723160809153	321
16253106	303	0.027228711190474184	322
16272469	349	0.12379960280233158	323
7770986	372	0.12907909439670387	324
18021634	404	0.10694034372432028	325
15197179	452	0.15680841260717218	326
49650310	468	0.08060792002916715	327
14579493	591	0.009534293627798169	328
41522043	685	0.13585279420949423	329
17791429	688	0.08623615508746776	330
7461171	704	0.06701677208187466	331
16250137	762	0.1011672726913304	332
18754874	832	0.06596549016786231	333
14579476	916	0.13159229157147803	334
35497190	1430	0.11492723160809153	335
16253106	303	0.027228711190474184	336
16272469	349	0.12379960280233158	337
7770986	372	0.12907909439670387	338
18021634	404	0.10694034372432028	339
15197179	452	0.15680841260717218	340
49650310	468	0.08060792002916715	341
14579493	591	0.009534293627798169	342
41522043	685	0.13585279420949423	343
17791429	688	0.08623615508746776	344
7461171	704	0.06701677208187466	345
16250137	762	0.1011672726913304	346
18754874	832	0.06596549016786231	347
14579476	916	0.13159229157147803	348
35497190	1430	0.11492723160809153	349
16253106	303	0.027228711190474184	350
16272469	349	0.12379960280233158	351
7770986	372	0.12907909439670387	352
18021634	404	0.10694034372432028	353
15197179	452	0.15680841260717218	354
49650310	468	0.08060792002916715	355
14579493	591	0.009534293627798169	356
41522043	685	0.13585279420949423	357
17791429	688	0.08623615508746776	358
7461171	704	0.06701677208187466	359
16250137	762	0.1011672726913304	360
18754874	832	0.06596549016786231	361
14579476	916	0.13159229157147803	362
35497190	1430	0.11492723160809153	363
16253106	303	0.027228711190474184	364
16272469	349	0.12379960280233158	365
7770986	372	0.12907909439670387	366
18021634	404	0.10694034372432028	367
15197179	452	0.15680841260717218	368
49650310	468	0.08060792002916715	369
14579493	591	0.009534293627798169	370
41522043	685	0.13585279420949423	371
17791429	688	0.08623615508746776	372
7461171	704	0.06701677208187466	373
16250137	762	0.1011672726913304	374
18754874	832	0.06596549016786231	375
14579476	916	0.13159229157147803	376
35497190	1430	0.11492723160809153	377
16253106	303	0.027228711190474184	378
16272469	349	0.12379960280233158	379
7770986	372	0.12907909439670387	380
18021634	404	0.10694034372432028	381
15197179	452	0.15680841260717218	382
49650310	468	0.08060792002916715	383
14579493	591	0.009534293627798169	384
41522043	685	0.13585279420949423	385
17791429	688	0.08623615508746776	386
7461171	704	0.06701677208187466	387
16250137	762	0.1011672726913304	388
18754874	832	0.06596549016786231	389
14579476	916	0.13159229157147803	390
35497190	1430	0.11492723160809153	391
16253106	303	0.027228711190474184	392
16272469	349	0.12379960280233158	393
7770986	372	0.12907909439670387	394
18021634	404	0.10694034372432028	395
15197179	452	0.15680841260717218	396
49650310	468	0.08060792002916715	397
14579493	591	0.009534293627798169	398
41522043	685	0.13585279420949423	399
17791429	688	0.08623615508746776	400
7461171	704	0.06701677208187466	401
16250137	762	0.1011672726913304	402
18754874	832	0.06596549016786231	403
14579476	916	0.13159229157147803	404
35497190	1430	0.11492723160809153	405
16253106	303	0.027228711190474184	406
16272469	349	0.12379960280233158	407
7770986	372	0.12907909439670387	408
18021634	404	0.10694034372432028	409
15197179	452	0.15680841260717218	410
49650310	468	0.08060792002916715	411
14579493	591	0.009534293627798169	412
41522043	685	0.13585279420949423	413
17791429	688	0.08623615508746776	414
7461171	704	0.06701677208187466	415
16250137	762	0.1011672726913304	416
18754874	832	0.06596549016786231	417
14579476	916	0.13159229157147803	418
35497190	1430	0.11492723160809153	419
16253106	303	0.027228711190474184	420
16272469	349	0.12379960280233158	421
7770986	372	0.12907909439670387	422
18021634	404	0.10694034372432028	423
15197179	452	0.15680841260717218	424
49650310	468	0.08060792002916715	425
14579493	591	0.009534293627798169	426
41522043	685	0.13585279420949423	427
17791429	688	0.08623615508746776	428
7461171	704	0.06701677208187466	429
16250137	762	0.1011672726913304	430
18754874	832	0.06596549016786231	431
14579476	916	0.13159229157147803	432
35497190	1430	0.11492723160809153	433
16253106	303	0.027228711190474184	434
16272469	349	0.12379960280233158	435
7770986	372	0.12907909439670387	436
18021634	404	0.10694034372432028	437
15197179	452	0.15680841260717218	438
49650310	468	0.08060792002916715	439
14579493	591	0.009534293627798169	440
41522043	685	0.13585279420949423	441
17791429	688	0.08623615508746776	442
7461171	704	0.06701677208187466	443
16250137	762	0.1011672726913304	444
18754874	832	0.06596549016786231	445
14579476	916	0.13159229157147803	446
35497190	1430	0.11492723160809153	447
16253106	303	0.027228711190474184	448
16272469	349	0.12379960280233158	449
7770986	372	0.12907909439670387	450
18021634	404	0.10694034372432028	451
15197179	452	0.15680841260717218	452
49650310	468	0.08060792002916715	453
14579493	591	0.009534293627798169	454
41522043	685	0.13585279420949423	455
17791429	688	0.08623615508746776	456
7461171	704	0.06701677208187466	457
16250137	762	0.1011672726913304	458
18754874	832	0.06596549016786231	459
14579476	916	0.13159229157147803	460
35497190	1430	0.11492723160809153	461
16253106	303	0.027228711190474184	462
16272469	349	0.12379960280233158	463
7770986	372	0.12907909439670387	464
18021634	404	0.10694034372432028	465
15197179	452	0.15680841260717218	466
49650310	468	0.08060792002916715	467
14579493	591	0.009534293627798169	468
41522043	685	0.13585279420949423	469
17791429	688	0.08623615508746776	470
7461171	704	0.06701677208187466	471
16250137	762	0.1011672726913304	472
18754874	832	0.06596549016786231	473
14579476	916	0.13159229157147803	474
35497190	1430	0.11492723160809153	475
16253106	303	0.027228711190474184	476
16272469	349	0.12379960280233158	477
7770986	372	0.12907909439670387	478
18021634	404	0.10694034372432028	479
15197179	452	0.15680841260717218	480
49650310	468	0.08060792002916715	481
14579493	591	0.009534293627798169	482
41522043	685	0.13585279420949423	483
17791429	688	0.08623615508746776	484
7461171	704	0.06701677208187466	485
16250137	762	0.1011672726913304	486
18754874	832	0.06596549016786231	487
14579476	916	0.13159229157147803	488
35497190	1430	0.11492723160809153	489
16253106	303	0.027228711190474184	490
16272469	349	0.12379960280233158	491
7770986	372	0.12907909439670387	492
18021634	404	0.10694034372432028	493
15197179	452	0.15680841260717218	494
49650310	468	0.08060792002916715	495
14579493	591	0.009534293627798169	496
41522043	685	0.13585279420949423	497
17791429	688	0.08623615508746776	498
7461171	704	0.06701677208187466	499
16250137	762	0.1011672726913304	500
18754874	832	0.06596549016786231	501
14579476	916	0.13159229157147803	502
35497190	1430	0.11492723160809153	503
16253106	303	0.027228711190474184	504
16272469	349	0.12379960280233158	505
7770986	372	0.12907909439670387	506
18021634	404	0.10694034372432028	507
15197179	452	0.15680841260717218	508
49650310	468	0.08060792002916715	509
14579493	591	0.009534293627798169	510
41522043	685	0.13585279420949423	511
17791429	688	0.08623615508746776	512
7461171	704	0.06701677208187466	513
16250137	762	0.1011672726913304	514
18754874	832	0.06596549016786231	515
14579476	916	0.13159229157147803	516
35497190	1430	0.11492723160809153	517
16253106	303	0.027228711190474184	518
16272469	349	0.12379960280233158	519
7770986	372	0.12907909439670387	520
18021634	404	0.10694034372432028	521
15197179	452	0.15680841260717218	522
49650310	468	0.08060792002916715	523
14579493	591	0.009534293627798169	524
41522043	685	0.13585279420949423	525
17791429	688	0.08623615508746776	526
7461171	704	0.06701677208187466	527
16250137	762	0.1011672726913304	528
18754874	832	0.06596549016786231	529
14579476	916	0.13159229157147803	530
35497190	1430	0.11492723160809153	531
16253106	303	0.027228711190474184	532
16272469	349	0.12379960280233158	533
7770986	372	0.12907909439670387	534
18021634	404	0.10694034372432028	535
15197179	452	0.15680841260717218	536
49650310	468	0.08060792002916715	537
14579493	591	0.009534293627798169	538
41522043	685	0.13585279420949423	539
17791429	688	0.08623615508746776	540
7461171	704	0.06701677208187466	541
16250137	762	0.1011672726913304	542
18754874	832	0.06596549016786231	543
14579476	916	0.13159229157147803	544
35497190	1430	0.11492723160809153	545
16253106	303	0.027228711190474184	546
16272469	349	0.12379960280233158	547
7770986	372	0.12907909439670387	548
18021634	404	0.10694034372432028	549
15197179	452	0.15680841260717218	550
49650310	468	0.08060792002916715	551
14579493	591	0.009534293627798169	552
41522043	685	0.13585279420949423	553
17791429	688	0.08623615508746776	554
7461171	704	0.06701677208187466	555
16250137	762	0.1011672726913304	556
18754874	832	0.06596549016786231	557
14579476	916	0.13159229157147803	558
35497190	1430	0.11492723160809153	559
16253106	303	0.027228711190474184	560
16272469	349	0.12379960280233158	561
7770986	372	0.12907909439670387	562
18021634	404	0.10694034372432028	563
15197179	452	0.15680841260717218	564
49650310	468	0.08060792002916715	565
14579493	591	0.009534293627798169	566
41522043	685	0.13585279420949423	567
17791429	688	0.08623615508746776	568
7461171	704	0.06701677208187466	569
16250137	762	0.1011672726913304	570
18754874	832	0.06596549016786231	571
14579476	916	0.13159229157147803	572
35497190	1430	0.11492723160809153	573
16253106	303	0.027228711190474184	574
16272469	349	0.12379960280233158	575
7770986	372	0.12907909439670387	576
18021634	404	0.10694034372432028	577
15197179	452	0.15680841260717218	578
49650310	468	0.08060792002916715	579
14579493	591	0.009534293627798169	580
41522043	685	0.13585279420949423	581
17791429	688	0.08623615508746776	582
7461171	704	0.06701677208187466	583
16250137	762	0.1011672726913304	584
18754874	832	0.06596549016786231	585
14579476	916	0.13159229157147803	586
35497190	1430	0.11492723160809153	587
16253106	303	0.027228711190474184	588
16272469	349	0.12379960280233158	589
7770986	372	0.12907909439670387	590
18021634	404	0.10694034372432028	591
15197179	452	0.15680841260717218	592
49650310	468	0.08060792002916715	593
14579493	591	0.009534293627798169	594
41522043	685	0.13585279420949423	595
17791429	688	0.08623615508746776	596
7461171	704	0.06701677208187466	597
16250137	762	0.1011672726913304	598
18754874	832	0.06596549016786231	599
14579476	916	0.13159229157147803	600
35497190	1430	0.11492723160809153	601
16253106	303	0.027228711190474184	602
16272469	349	0.12379960280233158	603
7770986	372	0.12907909439670387	604
18021634	404	0.10694034372432028	605
15197179	452	0.15680841260717218	606
49650310	468	0.08060792002916715	607
14579493	591	0.009534293627798169	608
41522043	685	0.13585279420949423	609
17791429	688	0.08623615508746776	610
7461171	704	0.06701677208187466	611
16250137	762	0.1011672726913304	612
18754874	832	0.06596549016786231	613
14579476	916	0.13159229157147803	614
35497190	1430	0.11492723160809153	615
16253106	303	0.027228711190474184	616
16272469	349	0.12379960280233158	617
7770986	372	0.12907909439670387	618
18021634	404	0.10694034372432028	619
15197179	452	0.15680841260717218	620
49650310	468	0.08060792002916715	621
14579493	591	0.009534293627798169	622
41522043	685	0.13585279420949423	623
17791429	688	0.08623615508746776	624
7461171	704	0.06701677208187466	625
16250137	762	0.1011672726913304	626
18754874	832	0.06596549016786231	627
14579476	916	0.13159229157147803	628
35497190	1430	0.11492723160809153	629
16253106	303	0.027228711190474184	630
16272469	349	0.12379960280233158	631
7770986	372	0.12907909439670387	632
18021634	404	0.10694034372432028	633
15197179	452	0.15680841260717218	634
49650310	468	0.08060792002916715	635
14579493	591	0.009534293627798169	636
41522043	685	0.13585279420949423	637
17791429	688	0.08623615508746776	638
7461171	704	0.06701677208187466	639
16250137	762	0.1011672726913304	640
18754874	832	0.06596549016786231	641
14579476	916	0.13159229157147803	642
35497190	1430	0.11492723160809153	643
16253106	303	0.027228711190474184	644
16272469	349	0.12379960280233158	645
7770986	372	0.12907909439670387	646
18021634	404	0.10694034372432028	647
15197179	452	0.15680841260717218	648
49650310	468	0.08060792002916715	649
14579493	591	0.009534293627798169	650
41522043	685	0.13585279420949423	651
17791429	688	0.08623615508746776	652
7461171	704	0.06701677208187466	653
16250137	762	0.1011672726913304	654
18754874	832	0.06596549016786231	655
14579476	916	0.13159229157147803	656
35497190	1430	0.11492723160809153	657
16253106	303	0.027228711190474184	658
16272469	349	0.12379960280233158	659
7770986	372	0.12907909439670387	660
18021634	404	0.10694034372432028	661
15197179	452	0.15680841260717218	662
49650310	468	0.08060792002916715	663
14579493	591	0.009534293627798169	664
41522043	685	0.13585279420949423	665
17791429	688	0.08623615508746776	666
7461171	704	0.06701677208187466	667
16250137	762	0.1011672726913304	668
18754874	832	0.06596549016786231	669
14579476	916	0.13159229157147803	670
35497190	1430	0.11492723160809153	671
16253106	303	0.027228711190474184	672
16272469	349	0.12379960280233158	673
7770986	372	0.12907909439670387	674
18021634	404	0.10694034372432028	675
15197179	452	0.15680841260717218	676
49650310	468	0.08060792002916715	677
14579493	591	0.009534293627798169	678
41522043	685	0.13585279420949423	679
17791429	688	0.08623615508746776	680
7461171	704	0.06701677208187466	681
16250137	762	0.1011672726913304	682
18754874	832	0.06596549016786231	683
14579476	916	0.13159229157147803	684
35497190	1430	0.11492723160809153	685
16253106	303	0.027228711190474184	686
16272469	349	0.12379960280233158	687
7770986	372	0.12907909439670387	688
18021634	404	0.10694034372432028	689
15197179	452	0.15680841260717218	690
49650310	468	0.08060792002916715	691
14579493	591	0.009534293627798169	692
41522043	685	0.13585279420949423	693
17791429	688	0.08623615508746776	694
7461171	704	0.06701677208187466	695
16250137	762	0.1011672726913304	696
18754874	832	0.06596549016786231	697
14579476	916	0.13159229157147803	698
35497190	1430	0.11492723160809153	699
16253106	303	0.027228711190474184	700
16272469	349	0.12379960280233158	701
7770986	372	0.12907909439670387	702
18021634	404	0.10694034372432028	703
15197179	452	0.15680841260717218	704
49650310	468	0.08060792002916715	705
14579493	591	0.009534293627798169	706
41522043	685	0.13585279420949423	707
17791429	688	0.08623615508746776	708
7461171	704	0.06701677208187466	709
16250137	762	0.1011672726913304	710
18754874	832	0.06596549016786231	711
14579476	916	0.13159229157147803	712
35497190	1430	0.11492723160809153	713
16253106	303	0.027228711190474184	714
16272469	349	0.12379960280233158	715
7770986	372	0.12907909439670387	716
18021634	404	0.10694034372432028	717
15197179	452	0.15680841260717218	718
49650310	468	0.08060792002916715	719
14579493	591	0.009534293627798169	720
41522043	685	0.13585279420949423	721
17791429	688	0.08623615508746776	722
7461171	704	0.06701677208187466	723
16250137	762	0.1011672726913304	724
18754874	832	0.06596549016786231	725
14579476	916	0.13159229157147803	726
35497190	1430	0.11492723160809153	727
16253106	303	0.027228711190474184	728
16272469	349	0.12379960280233158	729
7770986	372	0.12907909439670387	730
18021634	404	0.10694034372432028	731
15197179	452	0.15680841260717218	732
49650310	468	0.08060792002916715	733
14579493	591	0.009534293627798169	734
41522043	685	0.13585279420949423	735
17791429	688	0.08623615508746776	736
7461171	704	0.06701677208187466	737
16250137	762	0.1011672726913304	738
18754874	832	0.06596549016786231	739
14579476	916	0.13159229157147803	740
35497190	1430	0.11492723160809153	741
16253106	303	0.027228711190474184	742
16272469	349	0.12379960280233158	743
7770986	372	0.12907909439670387	744
18021634	404	0.10694034372432028	745
15197179	452	0.15680841260717218	746
49650310	468	0.08060792002916715	747
14579493	591	0.009534293627798169	748
41522043	685	0.13585279420949423	749
17791429	688	0.08623615508746776	750
7461171	704	0.06701677208187466	751
16250137	762	0.1011672726913304	752
18754874	832	0.06596549016786231	753
14579476	916	0.13159229157147803	754
35497190	1430	0.11492723160809153	755
16253106	303	0.027228711190474184	756
16272469	349	0.12379960280233158	757
7770986	372	0.12907909439670387	758
18021634	404	0.10694034372432028	759
15197179	452	0.15680841260717218	760
49650310	468	0.08060792002916715	761
14579493	591	0.009534293627798169	762
41522043	685	0.13585279420949423	763
17791429	688	0.08623615508746776	764
7461171	704	0.06701677208187466	765
16250137	762	0.1011672726913304	766
18754874	832	0.06596549016786231	767
14579476	916	0.13159229157147803	768
35497190	1430	0.11492723160809153	769
16253106	303	0.027228711190474184	770
16272469	349	0.12379960280233158	771
7770986	372	0.12907909439670387	772
18021634	404	0.10694034372432028	773
15197179	452	0.15680841260717218	774
49650310	468	0.08060792002916715	775
14579493	591	0.009534293627798169	776
41522043	685	0.13585279420949423	777
17791429	688	0.08623615508746776	778
7461171	704	0.06701677208187466	779
16250137	762	0.1011672726913304	780
18754874	832	0.06596549016786231	781
14579476	916	0.13159229157147803	782
35497190	1430	0.11492723160809153	783
16253106	303	0.027228711190474184	784
16272469	349	0.12379960280233158	785
7770986	372	0.12907909439670387	786
18021634	404	0.10694034372432028	787
15197179	452	0.15680841260717218	788
49650310	468	0.08060792002916715	789
14579493	591	0.009534293627798169	790
41522043	685	0.13585279420949423	791
17791429	688	0.08623615508746776	792
7461171	704	0.06701677208187466	793
16250137	762	0.1011672726913304	794
18754874	832	0.06596549016786231	795
14579476	916	0.13159229157147803	796
35497190	1430	0.11492723160809153	797
16253106	303	0.027228711190474184	798
16272469	349	0.12379960280233158	799
7770986	372	0.12907909439670387	800
18021634	404	0.10694034372432028	801
15197179	452	0.15680841260717218	802
49650310	468	0.08060792002916715	803
14579493	591	0.009534293627798169	804
41522043	685	0.13585279420949423	805
17791429	688	0.08623615508746776	806
7461171	704	0.06701677208187466	807
16250137	762	0.1011672726913304	808
18754874	832	0.06596549016786231	809
14579476	916	0.13159229157147803	810
35497190	1430	0.11492723160809153	811
16253106	303	0.027228711190474184	812
16272469	349	0.12379960280233158	813
7770986	372	0.12907909439670387	814
18021634	404	0.10694034372432028	815
15197179	452	0.15680841260717218	816
49650310	468	0.08060792002916715	817
14579493	591	0.009534293627798169	818
41522043	685	0.13585279420949423	819
17791429	688	0.08623615508746776	820
7461171	704	0.06701677208187466	821
16250137	762	0.1011672726913304	822
18754874	832	0.06596549016786231	823
14579476	916	0.13159229157147803	824
35497190	1430	0.11492723160809153	825
16253106	303	0.027228711190474184	826
16272469	349	0.12379960280233158	827
7770986	372	0.12907909439670387	828
18021634	404	0.10694034372432028	829
15197179	452	0.15680841260717218	830
49650310	468	0.08060792002916715	831
14579493	591	0.009534293627798169	832
41522043	685	0.13585279420949423	833
17791429	688	0.08623615508746776	834
7461171	704	0.06701677208187466	835
16250137	762	0.1011672726913304	836
18754874	832	0.06596549016786231	837
14579476	916	0.13159229157147803	838
35497190	1430	0.11492723160809153	839
16253106	303	0.027228711190474184	840
16272469	349	0.12379960280233158	841
7770986	372	0.12907909439670387	842
18021634	404	0.10694034372432028	843
15197179	452	0.15680841260717218	844
49650310	468	0.08060792002916715	845
14579493	591	0.009534293627798169	846
41522043	685	0.13585279420949423	847
17791429	688	0.08623615508746776	848
7461171	704	0.06701677208187466	849
16250137	762	0.1011672726913304	850
18754874	832	0.06596549016786231	851
14579476	916	0.13159229157147803	852
35497190	1430	0.11492723160809153	853
16253106	303	0.027228711190474184	854
16272469	349	0.12379960280233158	855
7770986	372	0.12907909439670387	856
18021634	404	0.10694034372432028	857
15197179	452	0.15680841260717218	858
49650310	468	0.08060792002916715	859
14579493	591	0.009534293627798169	860
41522043	685	0.13585279420949423	861
17791429	688	0.08623615508746776	862
7461171	704	0.06701677208187466	863
16250137	762	0.1011672726913304	864
18754874	832	0.06596549016786231	865
14579476	916	0.13159229157147803	866
35497190	1430	0.11492723160809153	867
16253106	303	0.027228711190474184	868
16272469	349	0.12379960280233158	869
7770986	372	0.12907909439670387	870
18021634	404	0.10694034372432028	871
15197179	452	0.15680841260717218	872
49650310	468	0.08060792002916715	873
14579493	591	0.009534293627798169	874
41522043	685	0.13585279420949423	875
17791429	688	0.08623615508746776	876
7461171	704	0.06701677208187466	877
16250137	762	0.1011672726913304	878
18754874	832	0.06596549016786231	879
14579476	916	0.13159229157147803	880
35497190	1430	0.11492723160809153	881
16253106	303	0.027228711190474184	882
16272469	349	0.12379960280233158	883
7770986	372	0.12907909439670387	884
18021634	404	0.10694034372432028	885
15197179	452	0.15680841260717218	886
49650310	468	0.08060792002916715	887
14579493	591	0.009534293627798169	888
41522043	685	0.13585279420949423	889
17791429	688	0.08623615508746776	890
7461171	704	0.06701677208187466	891
16250137	762	0.1011672726913304	892
18754874	832	0.06596549016786231	893
14579476	916	0.13159229157147803	894
35497190	1430	0.11492723160809153	895
16253106	303	0.027228711190474184	896
16272469	349	0.12379960280233158	897
7770986	372	0.12907909439670387	898
18021634	404	0.10694034372432028	899
15197179	452	0.15680841260717218	900
49650310	468	0.08060792002916715	901
14579493	591	0.009534293627798169	902
41522043	685	0.13585279420949423	903
17791429	688	0.08623615508746776	904
7461171	704	0.06701677208187466	905
16250137	762	0.1011672726913304	906
18754874	832	0.06596549016786231	907
14579476	916	0.13159229157147803	908
35497190	1430	0.11492723160809153	909
16253106	303	0.027228711190474184	910
16272469	349	0.12379960280233158	911
7770986	372	0.12907909439670387	912
18021634	404	0.10694034372432028	913
15197179	452	0.15680841260717218	914
49650310	468	0.08060792002916715	915
14579493	591	0.009534293627798169	916
41522043	685	0.13585279420949423	917
17791429	688	0.08623615508746776	918
7461171	704	0.06701677208187466	919
16250137	762	0.1011672726913304	920
18754874	832	0.06596549016786231	921
14579476	916	0.13159229157147803	922
35497190	1430	0.11492723160809153	923
16253106	303	0.027228711190474184	924
16272469	349	0.12379960280233158	925
7770986	372	0.12907909439670387	926
18021634	404	0.10694034372432028	927
15197179	452	0.15680841260717218	928
49650310	468	0.08060792002916715	929
14579493	591	0.009534293627798169	930
41522043	685	0.13585279420949423	931
17791429	688	0.08623615508746776	932
7461171	704	0.06701677208187466	933
16250137	762	0.1011672726913304	934
18754874	832	0.06596549016786231	935
14579476	916	0.13159229157147803	936
35497190	1430	0.11492723160809153	937
16253106	303	0.027228711190474184	938
16272469	349	0.12379960280233158	939
7770986	372	0.12907909439670387	940
18021634	404	0.10694034372432028	941
15197179	452	0.15680841260717218	942
49650310	468	0.08060792002916715	943
14579493	591	0.009534293627798169	944
41522043	685	0.13585279420949423	945
17791429	688	0.08623615508746776	946
7461171	704	0.06701677208187466	947
16250137	762	0.1011672726913304	948
18754874	832	0.06596549016786231	949
14579476	916	0.13159229157147803	950
35497190	1430	0.11492723160809153	951
16253106	303	0.027228711190474184	952
16272469	349	0.12379960280233158	953
7770986	372	0.12907909439670387	954
18021634	404	0.10694034372432028	955
15197179	452	0.15680841260717218	956
49650310	468	0.08060792002916715	957
14579493	591	0.009534293627798169	958
41522043	685	0.13585279420949423	959
17791429	688	0.08623615508746776	960
7461171	704	0.06701677208187466	961
16250137	762	0.1011672726913304	962
18754874	832	0.06596549016786231	963
14579476	916	0.13159229157147803	964
35497190	1430	0.11492723160809153	965
16253106	303	0.027228711190474184	966
16272469	349	0.12379960280233158	967
7770986	372	0.12907909439670387	968
18021634	404	0.10694034372432028	969
15197179	452	0.15680841260717218	970
49650310	468	0.08060792002916715	971
14579493	591	0.009534293627798169	972
41522043	685	0.13585279420949423	973
17791429	688	0.08623615508746776	974
7461171	704	0.06701677208187466	975
16250137	762	0.1011672726913304	976
18754874	832	0.06596549016786231	977
14579476	916	0.13159229157147803	978
35497190	1430	0.11492723160809153	979
16253106	303	0.027228711190474184	980
16272469	349	0.12379960280233158	981
7770986	372	0.12907909439670387	982
18021634	404	0.10694034372432028	983
15197179	452	0.15680841260717218	984
49650310	468	0.08060792002916715	985
14579493	591	0.009534293627798169	986
41522043	685	0.13585279420949423	987
17791429	688	0.08623615508746776	988
7461171	704	0.06701677208187466	989
16250137	762	0.1011672726913304	990
18754874	832	0.06596549016786231	991
14579476	916	0.13159229157147803	992
35497190	1430	0.11492723160809153	993
16253106	303	0.027228711190474184	994
16272469	349	0.12379960280233158	995
7770986	372	0.12907909439670387	996
18021634	404	0.10694034372432028	997
15197179	452	0.15680841260717218	998
49650310	468	0.08060792002916715	999
14579493	591	0.009534293627798169	1000
41522043	685	0.13585279420949423	1001
17791429	688	0.08623615508746776	1002
7461171	704	0.06701677208187466	1003
16250137	762	0.1011672726913304	1004
18754874	832	0.06596549016786231	1005
14579476	916	0.13159229157147803	1006
35497190	1430	0.11492723160809153	1007
16253106	303	0.027228711190474184	1008
16272469	349	0.12379960280233158	1009
7770986	372	0.12907909439670387	1010
18021634	404	0.10694034372432028	1011
15197179	452	0.15680841260717218	1012
49650310	468	0.08060792002916715	1013
14579493	591	0.009534293627798169	1014
41522043	685	0.13585279420949423	1015
17791429	688	0.08623615508746776	1016
7461171	704	0.06701677208187466	1017
16250137	762	0.1011672726913304	1018
18754874	832	0.06596549016786231	1019
14579476	916	0.13159229157147803	1020
35497190	1430	0.11492723160809153	1021
16253106	303	0.027228711190474184	1022
16272469	349	0.12379960280233158	1023
7770986	372	0.12907909439670387	1024
18021634	404	0.10694034372432028	1025
15197179	452	0.15680841260717218	1026
49650310	468	0.08060792002916715	1027
14579493	591	0.009534293627798169	1028
41522043	685	0.13585279420949423	1029
17791429	688	0.08623615508746776	1030
7461171	704	0.06701677208187466	1031
16250137	762	0.1011672726913304	1032
18754874	832	0.06596549016786231	1033
14579476	916	0.13159229157147803	1034
35497190	1430	0.11492723160809153	1035
16253106	303	0.027228711190474184	1036
16272469	349	0.12379960280233158	1037
7770986	372	0.12907909439670387	1038
18021634	404	0.10694034372432028	1039
15197179	452	0.15680841260717218	1040
49650310	468	0.08060792002916715	1041
14579493	591	0.009534293627798169	1042
41522043	685	0.13585279420949423	1043
17791429	688	0.08623615508746776	1044
7461171	704	0.06701677208187466	1045
16250137	762	0.1011672726913304	1046
18754874	832	0.06596549016786231	1047
14579476	916	0.13159229157147803	1048
35497190	1430	0.11492723160809153	1049
16253106	303	0.027228711190474184	1050
16272469	349	0.12379960280233158	1051
7770986	372	0.12907909439670387	1052
18021634	404	0.10694034372432028	1053
15197179	452	0.15680841260717218	1054
49650310	468	0.08060792002916715	1055
14579493	591	0.009534293627798169	1056
41522043	685	0.13585279420949423	1057
17791429	688	0.08623615508746776	1058
7461171	704	0.06701677208187466	1059
16250137	762	0.1011672726913304	1060
18754874	832	0.06596549016786231	1061
14579476	916	0.13159229157147803	1062
35497190	1430	0.11492723160809153	1063
16253106	303	0.027228711190474184	1064
16272469	349	0.12379960280233158	1065
7770986	372	0.12907909439670387	1066
18021634	404	0.10694034372432028	1067
15197179	452	0.15680841260717218	1068
49650310	468	0.08060792002916715	1069
14579493	591	0.009534293627798169	1070
41522043	685	0.13585279420949423	1071
17791429	688	0.08623615508746776	1072
7461171	704	0.06701677208187466	1073
16250137	762	0.1011672726913304	1074
18754874	832	0.06596549016786231	1075
14579476	916	0.13159229157147803	1076
35497190	1430	0.11492723160809153	1077
16253106	303	0.027228711190474184	1078
16272469	349	0.12379960280233158	1079
7770986	372	0.12907909439670387	1080
18021634	404	0.10694034372432028	1081
15197179	452	0.15680841260717218	1082
49650310	468	0.08060792002916715	1083
14579493	591	0.009534293627798169	1084
41522043	685	0.13585279420949423	1085
17791429	688	0.08623615508746776	1086
7461171	704	0.06701677208187466	1087
16250137	762	0.1011672726913304	1088
18754874	832	0.06596549016786231	1089
14579476	916	0.13159229157147803	1090
35497190	1430	0.11492723160809153	1091
16253106	303	0.027228711190474184	1092
16272469	349	0.12379960280233158	1093
7770986	372	0.12907909439670387	1094
18021634	404	0.10694034372432028	1095
15197179	452	0.15680841260717218	1096
49650310	468	0.08060792002916715	1097
14579493	591	0.009534293627798169	1098
41522043	685	0.13585279420949423	1099
17791429	688	0.08623615508746776	1100
7461171	704	0.06701677208187466	1101
16250137	762	0.1011672726913304	1102
18754874	832	0.06596549016786231	1103
14579476	916	0.13159229157147803	1104
35497190	1430	0.11492723160809153	1105
16253106	303	0.027228711190474184	1106
16272469	349	0.12379960280233158	1107
7770986	372	0.12907909439670387	1108
18021634	404	0.10694034372432028	1109
15197179	452	0.15680841260717218	1110
49650310	468	0.08060792002916715	1111
14579493	591	0.009534293627798169	1112
41522043	685	0.13585279420949423	1113
17791429	688	0.08623615508746776	1114
7461171	704	0.06701677208187466	1115
16250137	762	0.1011672726913304	1116
18754874	832	0.06596549016786231	1117
14579476	916	0.13159229157147803	1118
35497190	1430	0.11492723160809153	1119
16253106	303	0.027228711190474184	1120
16272469	349	0.12379960280233158	1121
7770986	372	0.12907909439670387	1122
18021634	404	0.10694034372432028	1123
15197179	452	0.15680841260717218	1124
49650310	468	0.08060792002916715	1125
14579493	591	0.009534293627798169	1126
41522043	685	0.13585279420949423	1127
17791429	688	0.08623615508746776	1128
7461171	704	0.06701677208187466	1129
16250137	762	0.1011672726913304	1130
18754874	832	0.06596549016786231	1131
14579476	916	0.13159229157147803	1132
35497190	1430	0.11492723160809153	1133
16253106	303	0.027228711190474184	1134
16272469	349	0.12379960280233158	1135
7770986	372	0.12907909439670387	1136
18021634	404	0.10694034372432028	1137
15197179	452	0.15680841260717218	1138
49650310	468	0.08060792002916715	1139
14579493	591	0.009534293627798169	1140
41522043	685	0.13585279420949423	1141
17791429	688	0.08623615508746776	1142
7461171	704	0.06701677208187466	1143
16250137	762	0.1011672726913304	1144
18754874	832	0.06596549016786231	1145
14579476	916	0.13159229157147803	1146
35497190	1430	0.11492723160809153	1147
16253106	303	0.027228711190474184	1148
16272469	349	0.12379960280233158	1149
7770986	372	0.12907909439670387	1150
18021634	404	0.10694034372432028	1151
15197179	452	0.15680841260717218	1152
49650310	468	0.08060792002916715	1153
14579493	591	0.009534293627798169	1154
41522043	685	0.13585279420949423	1155
17791429	688	0.08623615508746776	1156
7461171	704	0.06701677208187466	1157
16250137	762	0.1011672726913304	1158
18754874	832	0.06596549016786231	1159
14579476	916	0.13159229157147803	1160
35497190	1430	0.11492723160809153	1161
16253106	303	0.027228711190474184	1162
16272469	349	0.12379960280233158	1163
7770986	372	0.12907909439670387	1164
18021634	404	0.10694034372432028	1165
15197179	452	0.15680841260717218	1166
49650310	468	0.08060792002916715	1167
14579493	591	0.009534293627798169	1168
41522043	685	0.13585279420949423	1169
17791429	688	0.08623615508746776	1170
7461171	704	0.06701677208187466	1171
16250137	762	0.1011672726913304	1172
18754874	832	0.06596549016786231	1173
14579476	916	0.13159229157147803	1174
35497190	1430	0.11492723160809153	1175
16253106	303	0.027228711190474184	1176
16272469	349	0.12379960280233158	1177
7770986	372	0.12907909439670387	1178
18021634	404	0.10694034372432028	1179
15197179	452	0.15680841260717218	1180
49650310	468	0.08060792002916715	1181
14579493	591	0.009534293627798169	1182
41522043	685	0.13585279420949423	1183
17791429	688	0.08623615508746776	1184
7461171	704	0.06701677208187466	1185
16250137	762	0.1011672726913304	1186
18754874	832	0.06596549016786231	1187
14579476	916	0.13159229157147803	1188
35497190	1430	0.11492723160809153	1189
16253106	303	0.027228711190474184	1190
16272469	349	0.12379960280233158	1191
7770986	372	0.12907909439670387	1192
18021634	404	0.10694034372432028	1193
15197179	452	0.15680841260717218	1194
49650310	468	0.08060792002916715	1195
14579493	591	0.009534293627798169	1196
41522043	685	0.13585279420949423	1197
17791429	688	0.08623615508746776	1198
7461171	704	0.06701677208187466	1199
16250137	762	0.1011672726913304	1200
18754874	832	0.06596549016786231	1201
14579476	916	0.13159229157147803	1202
35497190	1430	0.11492723160809153	1203
16253106	303	0.027228711190474184	1204
16272469	349	0.12379960280233158	1205
7770986	372	0.12907909439670387	1206
18021634	404	0.10694034372432028	1207
15197179	452	0.15680841260717218	1208
49650310	468	0.08060792002916715	1209
14579493	591	0.009534293627798169	1210
41522043	685	0.13585279420949423	1211
17791429	688	0.08623615508746776	1212
7461171	704	0.06701677208187466	1213
16250137	762	0.1011672726913304	1214
18754874	832	0.06596549016786231	1215
14579476	916	0.13159229157147803	1216
35497190	1430	0.11492723160809153	1217
16253106	303	0.027228711190474184	1218
16272469	349	0.12379960280233158	1219
7770986	372	0.12907909439670387	1220
18021634	404	0.10694034372432028	1221
15197179	452	0.15680841260717218	1222
49650310	468	0.08060792002916715	1223
14579493	591	0.009534293627798169	1224
41522043	685	0.13585279420949423	1225
17791429	688	0.08623615508746776	1226
7461171	704	0.06701677208187466	1227
16250137	762	0.1011672726913304	1228
18754874	832	0.06596549016786231	1229
14579476	916	0.13159229157147803	1230
35497190	1430	0.11492723160809153	1231
16253106	303	0.027228711190474184	1232
16272469	349	0.12379960280233158	1233
7770986	372	0.12907909439670387	1234
18021634	404	0.10694034372432028	1235
15197179	452	0.15680841260717218	1236
49650310	468	0.08060792002916715	1237
14579493	591	0.009534293627798169	1238
41522043	685	0.13585279420949423	1239
17791429	688	0.08623615508746776	1240
7461171	704	0.06701677208187466	1241
16250137	762	0.1011672726913304	1242
18754874	832	0.06596549016786231	1243
14579476	916	0.13159229157147803	1244
35497190	1430	0.11492723160809153	1245
16253106	303	0.027228711190474184	1246
16272469	349	0.12379960280233158	1247
7770986	372	0.12907909439670387	1248
18021634	404	0.10694034372432028	1249
15197179	452	0.15680841260717218	1250
49650310	468	0.08060792002916715	1251
14579493	591	0.009534293627798169	1252
41522043	685	0.13585279420949423	1253
17791429	688	0.08623615508746776	1254
7461171	704	0.06701677208187466	1255
16250137	762	0.1011672726913304	1256
18754874	832	0.06596549016786231	1257
14579476	916	0.13159229157147803	1258
35497190	1430	0.11492723160809153	1259
16253106	303	0.027228711190474184	1260
16272469	349	0.12379960280233158	1261
7770986	372	0.12907909439670387	1262
18021634	404	0.10694034372432028	1263
15197179	452	0.15680841260717218	1264
49650310	468	0.08060792002916715	1265
14579493	591	0.009534293627798169	1266
41522043	685	0.13585279420949423	1267
17791429	688	0.08623615508746776	1268
7461171	704	0.06701677208187466	1269
16250137	762	0.1011672726913304	1270
18754874	832	0.06596549016786231	1271
14579476	916	0.13159229157147803	1272
35497190	1430	0.11492723160809153	1273
16253106	303	0.027228711190474184	1274
16272469	349	0.12379960280233158	1275
7770986	372	0.12907909439670387	1276
18021634	404	0.10694034372432028	1277
15197179	452	0.15680841260717218	1278
49650310	468	0.08060792002916715	1279
14579493	591	0.009534293627798169	1280
41522043	685	0.13585279420949423	1281
17791429	688	0.08623615508746776	1282
7461171	704	0.06701677208187466	1283
16250137	762	0.1011672726913304	1284
18754874	832	0.06596549016786231	1285
14579476	916	0.13159229157147803	1286
35497190	1430	0.11492723160809153	1287
16253106	303	0.027228711190474184	1288
16272469	349	0.12379960280233158	1289
7770986	372	0.12907909439670387	1290
18021634	404	0.10694034372432028	1291
15197179	452	0.15680841260717218	1292
49650310	468	0.08060792002916715	1293
14579493	591	0.009534293627798169	1294
41522043	685	0.13585279420949423	1295
17791429	688	0.08623615508746776	1296
7461171	704	0.06701677208187466	1297
16250137	762	0.1011672726913304	1298
18754874	832	0.06596549016786231	1299
14579476	916	0.13159229157147803	1300
35497190	1430	0.11492723160809153	1301
16253106	303	0.027228711190474184	1302
16272469	349	0.12379960280233158	1303
7770986	372	0.12907909439670387	1304
18021634	404	0.10694034372432028	1305
15197179	452	0.15680841260717218	1306
49650310	468	0.08060792002916715	1307
14579493	591	0.009534293627798169	1308
41522043	685	0.13585279420949423	1309
17791429	688	0.08623615508746776	1310
7461171	704	0.06701677208187466	1311
16250137	762	0.1011672726913304	1312
18754874	832	0.06596549016786231	1313
14579476	916	0.13159229157147803	1314
35497190	1430	0.11492723160809153	1315
16253106	303	0.027228711190474184	1316
16272469	349	0.12379960280233158	1317
7770986	372	0.12907909439670387	1318
18021634	404	0.10694034372432028	1319
15197179	452	0.15680841260717218	1320
49650310	468	0.08060792002916715	1321
14579493	591	0.009534293627798169	1322
41522043	685	0.13585279420949423	1323
17791429	688	0.08623615508746776	1324
7461171	704	0.06701677208187466	1325
16250137	762	0.1011672726913304	1326
18754874	832	0.06596549016786231	1327
14579476	916	0.13159229157147803	1328
35497190	1430	0.11492723160809153	1329
16253106	303	0.027228711190474184	1330
16272469	349	0.12379960280233158	1331
7770986	372	0.12907909439670387	1332
18021634	404	0.10694034372432028	1333
15197179	452	0.15680841260717218	1334
49650310	468	0.08060792002916715	1335
14579493	591	0.009534293627798169	1336
41522043	685	0.13585279420949423	1337
17791429	688	0.08623615508746776	1338
7461171	704	0.06701677208187466	1339
16250137	762	0.1011672726913304	1340
18754874	832	0.06596549016786231	1341
14579476	916	0.13159229157147803	1342
35497190	1430	0.11492723160809153	1343
16253106	303	0.027228711190474184	1344
16272469	349	0.12379960280233158	1345
7770986	372	0.12907909439670387	1346
18021634	404	0.10694034372432028	1347
15197179	452	0.15680841260717218	1348
49650310	468	0.08060792002916715	1349
14579493	591	0.009534293627798169	1350
41522043	685	0.13585279420949423	1351
17791429	688	0.08623615508746776	1352
7461171	704	0.06701677208187466	1353
16250137	762	0.1011672726913304	1354
18754874	832	0.06596549016786231	1355
14579476	916	0.13159229157147803	1356
35497190	1430	0.11492723160809153	1357
16253106	303	0.027228711190474184	1358
16272469	349	0.12379960280233158	1359
7770986	372	0.12907909439670387	1360
18021634	404	0.10694034372432028	1361
15197179	452	0.15680841260717218	1362
49650310	468	0.08060792002916715	1363
14579493	591	0.009534293627798169	1364
41522043	685	0.13585279420949423	1365
17791429	688	0.08623615508746776	1366
7461171	704	0.06701677208187466	1367
16250137	762	0.1011672726913304	1368
18754874	832	0.06596549016786231	1369
14579476	916	0.13159229157147803	1370
35497190	1430	0.11492723160809153	1371
16253106	303	0.027228711190474184	1372
16272469	349	0.12379960280233158	1373
7770986	372	0.12907909439670387	1374
18021634	404	0.10694034372432028	1375
15197179	452	0.15680841260717218	1376
49650310	468	0.08060792002916715	1377
14579493	591	0.009534293627798169	1378
41522043	685	0.13585279420949423	1379
17791429	688	0.08623615508746776	1380
7461171	704	0.06701677208187466	1381
16250137	762	0.1011672726913304	1382
18754874	832	0.06596549016786231	1383
14579476	916	0.13159229157147803	1384
35497190	1430	0.11492723160809153	1385
16253106	303	0.027228711190474184	1386
16272469	349	0.12379960280233158	1387
7770986	372	0.12907909439670387	1388
18021634	404	0.10694034372432028	1389
15197179	452	0.15680841260717218	1390
49650310	468	0.08060792002916715	1391
14579493	591	0.009534293627798169	1392
41522043	685	0.13585279420949423	1393
17791429	688	0.08623615508746776	1394
7461171	704	0.06701677208187466	1395
16250137	762	0.1011672726913304	1396
18754874	832	0.06596549016786231	1397
14579476	916	0.13159229157147803	1398
35497190	1430	0.11492723160809153	1399
16253106	303	0.027228711190474184	1400
16272469	349	0.12379960280233158	1401
7770986	372	0.12907909439670387	1402
18021634	404	0.10694034372432028	1403
15197179	452	0.15680841260717218	1404
49650310	468	0.08060792002916715	1405
14579493	591	0.009534293627798169	1406
41522043	685	0.13585279420949423	1407
17791429	688	0.08623615508746776	1408
7461171	704	0.06701677208187466	1409
16250137	762	0.1011672726913304	1410
18754874	832	0.06596549016786231	1411
14579476	916	0.13159229157147803	1412
35497190	1430	0.11492723160809153	1413
16253106	303	0.027228711190474184	1414
16272469	349	0.12379960280233158	1415
7770986	372	0.12907909439670387	1416
18021634	404	0.10694034372432028	1417
15197179	452	0.15680841260717218	1418
49650310	468	0.08060792002916715	1419
14579493	591	0.009534293627798169	1420
41522043	685	0.13585279420949423	1421
17791429	688	0.08623615508746776	1422
7461171	704	0.06701677208187466	1423
16250137	762	0.1011672726913304	1424
18754874	832	0.06596549016786231	1425
14579476	916	0.13159229157147803	1426
35497190	1430	0.11492723160809153	1427
16253106	303	0.027228711190474184	1428
16272469	349	0.12379960280233158	1429
7770986	372	0.12907909439670387	1430
18021634	404	0.10694034372432028	1431
15197179	452	0.15680841260717218	1432
49650310	468	0.08060792002916715	1433
14579493	591	0.009534293627798169	1434
41522043	685	0.13585279420949423	1435
17791429	688	0.08623615508746776	1436
7461171	704	0.06701677208187466	1437
16250137	762	0.1011672726913304	1438
18754874	832	0.06596549016786231	1439
14579476	916	0.13159229157147803	1440
35497190	1430	0.11492723160809153	1441
16253106	303	0.027228711190474184	1442
16272469	349	0.12379960280233158	1443
7770986	372	0.12907909439670387	1444
18021634	404	0.10694034372432028	1445
15197179	452	0.15680841260717218	1446
49650310	468	0.08060792002916715	1447
14579493	591	0.009534293627798169	1448
41522043	685	0.13585279420949423	1449
17791429	688	0.08623615508746776	1450
7461171	704	0.06701677208187466	1451
16250137	762	0.1011672726913304	1452
18754874	832	0.06596549016786231	1453
14579476	916	0.13159229157147803	1454
35497190	1430	0.11492723160809153	1455
16253106	303	0.027228711190474184	1456
16272469	349	0.12379960280233158	1457
7770986	372	0.12907909439670387	1458
18021634	404	0.10694034372432028	1459
15197179	452	0.15680841260717218	1460
49650310	468	0.08060792002916715	1461
14579493	591	0.009534293627798169	1462
41522043	685	0.13585279420949423	1463
17791429	688	0.08623615508746776	1464
7461171	704	0.06701677208187466	1465
16250137	762	0.1011672726913304	1466
18754874	832	0.06596549016786231	1467
14579476	916	0.13159229157147803	1468
35497190	1430	0.11492723160809153	1469
16253106	303	0.027228711190474184	1470
16272469	349	0.12379960280233158	1471
7770986	372	0.12907909439670387	1472
18021634	404	0.10694034372432028	1473
15197179	452	0.15680841260717218	1474
49650310	468	0.08060792002916715	1475
14579493	591	0.009534293627798169	1476
41522043	685	0.13585279420949423	1477
17791429	688	0.08623615508746776	1478
7461171	704	0.06701677208187466	1479
16250137	762	0.1011672726913304	1480
18754874	832	0.06596549016786231	1481
14579476	916	0.13159229157147803	1482
35497190	1430	0.11492723160809153	1483
16253106	303	0.027228711190474184	1484
16272469	349	0.12379960280233158	1485
7770986	372	0.12907909439670387	1486
18021634	404	0.10694034372432028	1487
15197179	452	0.15680841260717218	1488
49650310	468	0.08060792002916715	1489
14579493	591	0.009534293627798169	1490
41522043	685	0.13585279420949423	1491
17791429	688	0.08623615508746776	1492
7461171	704	0.06701677208187466	1493
16250137	762	0.1011672726913304	1494
18754874	832	0.06596549016786231	1495
14579476	916	0.13159229157147803	1496
35497190	1430	0.11492723160809153	1497
16253106	303	0.027228711190474184	1498
16272469	349	0.12379960280233158	1499
7770986	372	0.12907909439670387	1500
18021634	404	0.10694034372432028	1501
15197179	452	0.15680841260717218	1502
49650310	468	0.08060792002916715	1503
14579493	591	0.009534293627798169	1504
41522043	685	0.13585279420949423	1505
17791429	688	0.08623615508746776	1506
7461171	704	0.06701677208187466	1507
16250137	762	0.1011672726913304	1508
18754874	832	0.06596549016786231	1509
14579476	916	0.13159229157147803	1510
35497190	1430	0.11492723160809153	1511
16253106	303	0.027228711190474184	1512
16272469	349	0.12379960280233158	1513
7770986	372	0.12907909439670387	1514
18021634	404	0.10694034372432028	1515
15197179	452	0.15680841260717218	1516
49650310	468	0.08060792002916715	1517
14579493	591	0.009534293627798169	1518
41522043	685	0.13585279420949423	1519
17791429	688	0.08623615508746776	1520
7461171	704	0.06701677208187466	1521
16250137	762	0.1011672726913304	1522
18754874	832	0.06596549016786231	1523
14579476	916	0.13159229157147803	1524
35497190	1430	0.11492723160809153	1525
16253106	303	0.027228711190474184	1526
16272469	349	0.12379960280233158	1527
7770986	372	0.12907909439670387	1528
18021634	404	0.10694034372432028	1529
15197179	452	0.15680841260717218	1530
49650310	468	0.08060792002916715	1531
14579493	591	0.009534293627798169	1532
41522043	685	0.13585279420949423	1533
17791429	688	0.08623615508746776	1534
7461171	704	0.06701677208187466	1535
16250137	762	0.1011672726913304	1536
18754874	832	0.06596549016786231	1537
14579476	916	0.13159229157147803	1538
35497190	1430	0.11492723160809153	1539
16253106	303	0.027228711190474184	1540
16272469	349	0.12379960280233158	1541
7770986	372	0.12907909439670387	1542
18021634	404	0.10694034372432028	1543
15197179	452	0.15680841260717218	1544
49650310	468	0.08060792002916715	1545
14579493	591	0.009534293627798169	1546
41522043	685	0.13585279420949423	1547
17791429	688	0.08623615508746776	1548
7461171	704	0.06701677208187466	1549
16250137	762	0.1011672726913304	1550
18754874	832	0.06596549016786231	1551
14579476	916	0.13159229157147803	1552
35497190	1430	0.11492723160809153	1553
16253106	303	0.027228711190474184	1554
16272469	349	0.12379960280233158	1555
7770986	372	0.12907909439670387	1556
18021634	404	0.10694034372432028	1557
15197179	452	0.15680841260717218	1558
49650310	468	0.08060792002916715	1559
14579493	591	0.009534293627798169	1560
41522043	685	0.13585279420949423	1561
17791429	688	0.08623615508746776	1562
7461171	704	0.06701677208187466	1563
16250137	762	0.1011672726913304	1564
18754874	832	0.06596549016786231	1565
14579476	916	0.13159229157147803	1566
35497190	1430	0.11492723160809153	1567
16253106	303	0.027228711190474184	1568
16272469	349	0.12379960280233158	1569
7770986	372	0.12907909439670387	1570
18021634	404	0.10694034372432028	1571
15197179	452	0.15680841260717218	1572
49650310	468	0.08060792002916715	1573
14579493	591	0.009534293627798169	1574
41522043	685	0.13585279420949423	1575
17791429	688	0.08623615508746776	1576
7461171	704	0.06701677208187466	1577
16250137	762	0.1011672726913304	1578
18754874	832	0.06596549016786231	1579
14579476	916	0.13159229157147803	1580
35497190	1430	0.11492723160809153	1581
16253106	303	0.027228711190474184	1582
16272469	349	0.12379960280233158	1583
7770986	372	0.12907909439670387	1584
18021634	404	0.10694034372432028	1585
15197179	452	0.15680841260717218	1586
49650310	468	0.08060792002916715	1587
14579493	591	0.009534293627798169	1588
41522043	685	0.13585279420949423	1589
17791429	688	0.08623615508746776	1590
7461171	704	0.06701677208187466	1591
16250137	762	0.1011672726913304	1592
18754874	832	0.06596549016786231	1593
14579476	916	0.13159229157147803	1594
35497190	1430	0.11492723160809153	1595
16253106	303	0.027228711190474184	1596
16272469	349	0.12379960280233158	1597
7770986	372	0.12907909439670387	1598
18021634	404	0.10694034372432028	1599
15197179	452	0.15680841260717218	1600
49650310	468	0.08060792002916715	1601
14579493	591	0.009534293627798169	1602
41522043	685	0.13585279420949423	1603
17791429	688	0.08623615508746776	1604
7461171	704	0.06701677208187466	1605
16250137	762	0.1011672726913304	1606
18754874	832	0.06596549016786231	1607
14579476	916	0.13159229157147803	1608
35497190	1430	0.11492723160809153	1609
16253106	303	0.027228711190474184	1610
16272469	349	0.12379960280233158	1611
7770986	372	0.12907909439670387	1612
18021634	404	0.10694034372432028	1613
15197179	452	0.15680841260717218	1614
49650310	468	0.08060792002916715	1615
14579493	591	0.009534293627798169	1616
41522043	685	0.13585279420949423	1617
17791429	688	0.08623615508746776	1618
7461171	704	0.06701677208187466	1619
16250137	762	0.1011672726913304	1620
18754874	832	0.06596549016786231	1621
14579476	916	0.13159229157147803	1622
35497190	1430	0.11492723160809153	1623
16253106	303	0.027228711190474184	1624
16272469	349	0.12379960280233158	1625
7770986	372	0.12907909439670387	1626
18021634	404	0.10694034372432028	1627
15197179	452	0.15680841260717218	1628
49650310	468	0.08060792002916715	1629
14579493	591	0.009534293627798169	1630
41522043	685	0.13585279420949423	1631
17791429	688	0.08623615508746776	1632
7461171	704	0.06701677208187466	1633
16250137	762	0.1011672726913304	1634
18754874	832	0.06596549016786231	1635
14579476	916	0.13159229157147803	1636
35497190	1430	0.11492723160809153	1637
16253106	303	0.027228711190474184	1638
16272469	349	0.12379960280233158	1639
7770986	372	0.12907909439670387	1640
18021634	404	0.10694034372432028	1641
15197179	452	0.15680841260717218	1642
49650310	468	0.08060792002916715	1643
14579493	591	0.009534293627798169	1644
41522043	685	0.13585279420949423	1645
17791429	688	0.08623615508746776	1646
7461171	704	0.06701677208187466	1647
16250137	762	0.1011672726913304	1648
18754874	832	0.06596549016786231	1649
14579476	916	0.13159229157147803	1650
35497190	1430	0.11492723160809153	1651
16253106	303	0.027228711190474184	1652
16272469	349	0.12379960280233158	1653
7770986	372	0.12907909439670387	1654
18021634	404	0.10694034372432028	1655
15197179	452	0.15680841260717218	1656
49650310	468	0.08060792002916715	1657
14579493	591	0.009534293627798169	1658
41522043	685	0.13585279420949423	1659
17791429	688	0.08623615508746776	1660
7461171	704	0.06701677208187466	1661
16250137	762	0.1011672726913304	1662
18754874	832	0.06596549016786231	1663
14579476	916	0.13159229157147803	1664
35497190	1430	0.11492723160809153	1665
16253106	303	0.027228711190474184	1666
16272469	349	0.12379960280233158	1667
7770986	372	0.12907909439670387	1668
18021634	404	0.10694034372432028	1669
15197179	452	0.15680841260717218	1670
49650310	468	0.08060792002916715	1671
14579493	591	0.009534293627798169	1672
41522043	685	0.13585279420949423	1673
17791429	688	0.08623615508746776	1674
7461171	704	0.06701677208187466	1675
16250137	762	0.1011672726913304	1676
18754874	832	0.06596549016786231	1677
14579476	916	0.13159229157147803	1678
35497190	1430	0.11492723160809153	1679
16253106	303	0.027228711190474184	1680
16272469	349	0.12379960280233158	1681
7770986	372	0.12907909439670387	1682
18021634	404	0.10694034372432028	1683
15197179	452	0.15680841260717218	1684
49650310	468	0.08060792002916715	1685
14579493	591	0.009534293627798169	1686
41522043	685	0.13585279420949423	1687
17791429	688	0.08623615508746776	1688
7461171	704	0.06701677208187466	1689
16250137	762	0.1011672726913304	1690
18754874	832	0.06596549016786231	1691
14579476	916	0.13159229157147803	1692
35497190	1430	0.11492723160809153	1693
16253106	303	0.027228711190474184	1694
16272469	349	0.12379960280233158	1695
7770986	372	0.12907909439670387	1696
18021634	404	0.10694034372432028	1697
15197179	452	0.15680841260717218	1698
49650310	468	0.08060792002916715	1699
14579493	591	0.009534293627798169	1700
41522043	685	0.13585279420949423	1701
17791429	688	0.08623615508746776	1702
7461171	704	0.06701677208187466	1703
16250137	762	0.1011672726913304	1704
18754874	832	0.06596549016786231	1705
14579476	916	0.13159229157147803	1706
35497190	1430	0.11492723160809153	1707
16253106	303	0.027228711190474184	1708
16272469	349	0.12379960280233158	1709
7770986	372	0.12907909439670387	1710
18021634	404	0.10694034372432028	1711
15197179	452	0.15680841260717218	1712
49650310	468	0.08060792002916715	1713
14579493	591	0.009534293627798169	1714
41522043	685	0.13585279420949423	1715
17791429	688	0.08623615508746776	1716
7461171	704	0.06701677208187466	1717
16250137	762	0.1011672726913304	1718
18754874	832	0.06596549016786231	1719
14579476	916	0.13159229157147803	1720
35497190	1430	0.11492723160809153	1721
16253106	303	0.027228711190474184	1722
16272469	349	0.12379960280233158	1723
7770986	372	0.12907909439670387	1724
18021634	404	0.10694034372432028	1725
15197179	452	0.15680841260717218	1726
49650310	468	0.08060792002916715	1727
14579493	591	0.009534293627798169	1728
41522043	685	0.13585279420949423	1729
17791429	688	0.08623615508746776	1730
7461171	704	0.06701677208187466	1731
16250137	762	0.1011672726913304	1732
18754874	832	0.06596549016786231	1733
14579476	916	0.13159229157147803	1734
35497190	1430	0.11492723160809153	1735
16253106	303	0.027228711190474184	1736
16272469	349	0.12379960280233158	1737
7770986	372	0.12907909439670387	1738
18021634	404	0.10694034372432028	1739
15197179	452	0.15680841260717218	1740
49650310	468	0.08060792002916715	1741
14579493	591	0.009534293627798169	1742
41522043	685	0.13585279420949423	1743
17791429	688	0.08623615508746776	1744
7461171	704	0.06701677208187466	1745
16250137	762	0.1011672726913304	1746
18754874	832	0.06596549016786231	1747
14579476	916	0.13159229157147803	1748
35497190	1430	0.11492723160809153	1749
16253106	303	0.027228711190474184	1750
16272469	349	0.12379960280233158	1751
7770986	372	0.12907909439670387	1752
18021634	404	0.10694034372432028	1753
15197179	452	0.15680841260717218	1754
49650310	468	0.08060792002916715	1755
14579493	591	0.009534293627798169	1756
41522043	685	0.13585279420949423	1757
17791429	688	0.08623615508746776	1758
7461171	704	0.06701677208187466	1759
16250137	762	0.1011672726913304	1760
18754874	832	0.06596549016786231	1761
14579476	916	0.13159229157147803	1762
35497190	1430	0.11492723160809153	1763
