19514897	16250137	29	102	3	3		599267924	116	2176	208	3		514789388
19514897	18130267	29	102	3	3		366538263	116	2176	208	3		377928043
19514897	18752428	29	102	3	3		343272782	116	2176	208	3		342975776
19514897	18752426	29	102	3	3		317047013	116	2176	208	3		329413163
19514897	18130598	29	102	3	3		380096038	116	2176	208	3		348127721
19514897	14579088	29	102	3	3		307635197	116	2176	208	3		354745914
19514897	18464147	29	102	3	3		341821509	116	2176	208	3		335268792
19514897	41522043	29	102	3	3		327964136	116	2176	208	3		304067449
19514897	14579494	29	102	3	3		322552605	116	2176	208	3		318944739
19514897	15197179	29	102	3	3		302066509	116	2176	208	3		302445638
19514897	16272469	29	102	3	3		274799800	116	2176	208	3		305056236
19514897	16211076	29	102	3	3		296289956	116	2176	208	3		357741999
19514897	16253106	29	102	3	3		277317111	116	2176	208	3		324382078
19514897	14579493	29	102	3	3		291808935	116	2176	208	3		308612761
19514897	49650310	29	102	3	3		326951187	116	2176	208	3		321210957
19514897	7770986	29	102	3	3		314436735	116	2176	208	3		308615336
19514897	17791429	29	102	3	3		334850488	116	2176	208	3		328042753
19514897	7461171	29	102	3	3		278438576	116	2176	208	3		332607672
19514897	6677293	29	102	3	3		293113478	116	2176	208	3		315298219
19514897	21057006	29	102	3	3		384107276	116	2176	208	3		557346812
19514897	18021634	29	102	3	3		313728288	116	2176	208	3		342519187
19514897	13955186	29	102	3	3		341582793	116	2176	208	3		318238990
19514897	16210652	29	102	3	3		330674370	116	2176	208	3		371082892
19514897	14579476	29	102	3	3		333815323	116	2176	208	3		420456406
19514897	7459221	29	102	3	3		355756724	116	2176	208	3		323937574
19514897	18754874	29	102	3	3		364636934	116	2176	208	3		355902283
19514897	35497190	29	102	3	3		332482766	116	2176	208	3		359754717
19514897	9001623	29	102	3	3		348366518	116	2176	208	3		369788226
19514897	15178444	29	102	3	3		437879801	116	2176	208	3		719568658
16250137	19514897	29	102	3	3		398530454	116	2176	208	3		415177701
16250137	18130267	29	102	3	3		349025979	116	2176	208	3		368663566
16250137	18752428	29	102	3	3		346429989	116	2176	208	3		416351354
16250137	18752426	29	102	3	3		451002628	116	2176	208	3		400137594
16250137	18130598	29	102	3	3		363074410	116	2176	208	3		458565503
16250137	14579088	29	102	3	3		568575351	116	2176	208	3		1150342493
16250137	18464147	29	102	3	3		1137781022	116	2176	208	3		766783197
16250137	41522043	29	102	3	3		509624871	116	2176	208	3		601149058
16250137	14579494	29	102	3	3		355946467	116	2176	208	3		393072667
16250137	15197179	29	102	3	3		357445320	116	2176	208	3		368247141
16250137	16272469	29	102	3	3		351448091	116	2176	208	3		370048475
16250137	16211076	29	102	3	3		372227836	116	2176	208	3		316395094
16250137	16253106	29	102	3	3		414070282	116	2176	208	3		477797444
16250137	14579493	29	102	3	3		503608169	116	2176	208	3		349246561
16250137	49650310	29	102	3	3		441912074	116	2176	208	3		347090652
16250137	7770986	29	102	3	3		438923343	116	2176	208	3		333605720
16250137	17791429	29	102	3	3		393100519	116	2176	208	3		312268909
16250137	7461171	29	102	3	3		317797920	116	2176	208	3		421896934
16250137	6677293	29	102	3	3		339240414	116	2176	208	3		350510764
16250137	21057006	29	102	3	3		333180645	116	2176	208	3		473302839
16250137	18021634	29	102	3	3		290617902	116	2176	208	3		309547374
16250137	13955186	29	102	3	3		304554070	116	2176	208	3		340765623
16250137	16210652	29	102	3	3		296037716	116	2176	208	3		324221141
16250137	14579476	29	102	3	3		329717562	116	2176	208	3		478119434
16250137	7459221	29	102	3	3		294632898	116	2176	208	3		330332459
16250137	18754874	29	102	3	3		303843211	116	2176	208	3		322255998
16250137	35497190	29	102	3	3		291679440	116	2176	208	3		284872224
16250137	9001623	29	102	3	3		297996321	116	2176	208	3		315945948
16250137	15178444	29	102	3	3		302996937	116	2176	208	3		317260758
18130267	19514897	29	102	3	3		346915832	116	2176	208	3		343214254
18130267	16250137	29	102	3	3		309207791	116	2176	208	3		337920288
18130267	18752428	29	102	3	3		293334941	116	2176	208	3		311094772
18130267	18752426	29	102	3	3		321782541	116	2176	208	3		377032491
18130267	18130598	29	102	3	3		312828373	116	2176	208	3		333695559
18130267	14579088	29	102	3	3		298662992	116	2176	208	3		321322729
18130267	18464147	29	102	3	3		309273811	116	2176	208	3		326848849
18130267	41522043	29	102	3	3		447120391	116	2176	208	3		318165105
18130267	14579494	29	102	3	3		296369195	116	2176	208	3		365783164
18130267	15197179	29	102	3	3		269022906	116	2176	208	3		336445507
18130267	16272469	29	102	3	3		318114498	116	2176	208	3		309764857
18130267	16211076	29	102	3	3		300240553	116	2176	208	3		336398147
18130267	16253106	29	102	3	3		329787705	116	2176	208	3		314701455
18130267	14579493	29	102	3	3		302252927	116	2176	208	3		334239913
18130267	49650310	29	102	3	3		288889596	116	2176	208	3		317019548
18130267	7770986	29	102	3	3		296331928	116	2176	208	3		299740717
18130267	17791429	29	102	3	3		282720986	116	2176	208	3		310979830
18130267	7461171	29	102	3	3		303099171	116	2176	208	3		288082503
18130267	6677293	29	102	3	3		285139473	116	2176	208	3		310948171
18130267	21057006	29	102	3	3		276538348	116	2176	208	3		326239918
18130267	18021634	29	102	3	3		312169386	116	2176	208	3		300781855
18130267	13955186	29	102	3	3		302012969	116	2176	208	3		315257942
18130267	16210652	29	102	3	3		292188490	116	2176	208	3		292281895
18130267	14579476	29	102	3	3		307409395	116	2176	208	3		320216952
18130267	7459221	29	102	3	3		299440749	116	2176	208	3		317381186
18130267	18754874	29	102	3	3		278379552	116	2176	208	3		325968915
18130267	35497190	29	102	3	3		288778876	116	2176	208	3		292886495
18130267	9001623	29	102	3	3		285269764	116	2176	208	3		307455281
18130267	15178444	29	102	3	3		298601090	116	2176	208	3		306068145
18752428	19514897	29	102	3	3		305568563	116	2176	208	3		276626641
18752428	16250137	29	102	3	3		298936780	116	2176	208	3		305507871
18752428	18130267	29	102	3	3		349617074	116	2176	208	3		334291223
18752428	18752426	29	102	3	3		290990041	116	2176	208	3		277953840
18752428	18130598	29	102	3	3		312072216	116	2176	208	3		299094998
18752428	14579088	29	102	3	3		311999920	116	2176	208	3		351950556
18752428	18464147	29	102	3	3		311200045	116	2176	208	3		315034839
18752428	41522043	29	102	3	3		299473650	116	2176	208	3		309713758
18752428	14579494	29	102	3	3		278154533	116	2176	208	3		298081733
18752428	15197179	29	102	3	3		290874885	116	2176	208	3		314443659
18752428	16272469	29	102	3	3		260135554	116	2176	208	3		299878918
18752428	16211076	29	102	3	3		302531636	116	2176	208	3		304091726
18752428	16253106	29	102	3	3		320650488	116	2176	208	3		294407148
18752428	14579493	29	102	3	3		303235417	116	2176	208	3		296533564
18752428	49650310	29	102	3	3		306655631	116	2176	208	3		301727814
18752428	7770986	29	102	3	3		301522278	116	2176	208	3		291483643
18752428	17791429	29	102	3	3		315740686	116	2176	208	3		301906329
18752428	7461171	29	102	3	3		299997439	116	2176	208	3		286863553
18752428	6677293	29	102	3	3		291799279	116	2176	208	3		313753002
18752428	21057006	29	102	3	3		294974915	116	2176	208	3		294295686
18752428	18021634	29	102	3	3		280761335	116	2176	208	3		308348817
18752428	13955186	29	102	3	3		296489473	116	2176	208	3		306068220
18752428	16210652	29	102	3	3		312854265	116	2176	208	3		305328923
18752428	14579476	29	102	3	3		305532468	116	2176	208	3		320644414
18752428	7459221	29	102	3	3		295582977	116	2176	208	3		334568027
18752428	18754874	29	102	3	3		302531313	116	2176	208	3		315531226
18752428	35497190	29	102	3	3		283735759	116	2176	208	3		304972078
18752428	9001623	29	102	3	3		319726660	116	2176	208	3		328586619
18752428	15178444	29	102	3	3		312479070	116	2176	208	3		298063897
18752426	19514897	29	102	3	3		289172068	116	2176	208	3		317796596
18752426	16250137	29	102	3	3		312958119	116	2176	208	3		326158279
18752426	18130267	29	102	3	3		291989618	116	2176	208	3		374372256
18752426	18752428	29	102	3	3		296084620	116	2176	208	3		310036865
18752426	18130598	29	102	3	3		264896736	116	2176	208	3		324293567
18752426	14579088	29	102	3	3		304883971	116	2176	208	3		304533275
18752426	18464147	29	102	3	3		304559424	116	2176	208	3		313345642
18752426	41522043	29	102	3	3		281992289	116	2176	208	3		332532795
18752426	14579494	29	102	3	3		306562152	116	2176	208	3		327694528
18752426	15197179	29	102	3	3		312795357	116	2176	208	3		321497462
18752426	16272469	29	102	3	3		315036849	116	2176	208	3		332532124
18752426	16211076	29	102	3	3		291072999	116	2176	208	3		297390265
18752426	16253106	29	102	3	3		300185689	116	2176	208	3		318158709
18752426	14579493	29	102	3	3		306963053	116	2176	208	3		348994495
18752426	49650310	29	102	3	3		308197073	116	2176	208	3		308753430
18752426	7770986	29	102	3	3		290526541	116	2176	208	3		341594842
18752426	17791429	29	102	3	3		304677204	116	2176	208	3		307161987
18752426	7461171	29	102	3	3		308580997	116	2176	208	3		300833905
18752426	6677293	29	102	3	3		304927605	116	2176	208	3		314648848
18752426	21057006	29	102	3	3		298122533	116	2176	208	3		304182142
18752426	18021634	29	102	3	3		296704564	116	2176	208	3		279156800
18752426	13955186	29	102	3	3		282492113	116	2176	208	3		324706538
18752426	16210652	29	102	3	3		301694696	116	2176	208	3		307438424
18752426	14579476	29	102	3	3		310309306	116	2176	208	3		287435296
18752426	7459221	29	102	3	3		290630805	116	2176	208	3		287599591
18752426	18754874	29	102	3	3		317951057	116	2176	208	3		310618774
18752426	35497190	29	102	3	3		301556595	116	2176	208	3		329680787
18752426	9001623	29	102	3	3		288483526	116	2176	208	3		298260194
18752426	15178444	29	102	3	3		308211390	116	2176	208	3		323675534
18130598	19514897	29	102	3	3		302928342	116	2176	208	3		290604161
18130598	16250137	29	102	3	3		302308651	116	2176	208	3		294170810
18130598	18130267	29	102	3	3		327068331	116	2176	208	3		331915375
18130598	18752428	29	102	3	3		279489139	116	2176	208	3		292329262
18130598	18752426	29	102	3	3		285804337	116	2176	208	3		295353878
18130598	14579088	29	102	3	3		302375702	116	2176	208	3		335111590
18130598	18464147	29	102	3	3		293152591	116	2176	208	3		313233005
18130598	41522043	29	102	3	3		316423603	116	2176	208	3		334394926
18130598	14579494	29	102	3	3		295222646	116	2176	208	3		298815747
18130598	15197179	29	102	3	3		385091033	116	2176	208	3		319000398
18130598	16272469	29	102	3	3		287025953	116	2176	208	3		286389752
18130598	16211076	29	102	3	3		280525703	116	2176	208	3		335082075
18130598	16253106	29	102	3	3		282779556	116	2176	208	3		296948276
18130598	14579493	29	102	3	3		283477334	116	2176	208	3		304748136
18130598	49650310	29	102	3	3		289428463	116	2176	208	3		298135013
18130598	7770986	29	102	3	3		287952552	116	2176	208	3		297179819
18130598	17791429	29	102	3	3		281065635	116	2176	208	3		319751833
18130598	7461171	29	102	3	3		279949336	116	2176	208	3		318091532
18130598	6677293	29	102	3	3		280453838	116	2176	208	3		322587759
18130598	21057006	29	102	3	3		286263724	116	2176	208	3		312657085
18130598	18021634	29	102	3	3		310396334	116	2176	208	3		510698305
18130598	13955186	29	102	3	3		286836853	116	2176	208	3		296213877
18130598	16210652	29	102	3	3		290599226	116	2176	208	3		308594955
18130598	14579476	29	102	3	3		321934935	116	2176	208	3		311281441
18130598	7459221	29	102	3	3		299794847	116	2176	208	3		309266939
18130598	18754874	29	102	3	3		317818491	116	2176	208	3		290641573
18130598	35497190	29	102	3	3		307294565	116	2176	208	3		322304695
18130598	9001623	29	102	3	3		268258016	116	2176	208	3		294627287
18130598	15178444	29	102	3	3		304092477	116	2176	208	3		292164963
14579088	19514897	29	102	3	3		297599866	116	2176	208	3		295664357
14579088	16250137	29	102	3	3		322651258	116	2176	208	3		291342820
14579088	18130267	29	102	3	3		315140219	116	2176	208	3		308557018
14579088	18752428	29	102	3	3		273254350	116	2176	208	3		297781676
14579088	18752426	29	102	3	3		312828687	116	2176	208	3		306295639
14579088	18130598	29	102	3	3		337036305	116	2176	208	3		320062552
14579088	18464147	29	102	3	3		290934223	116	2176	208	3		287772561
14579088	41522043	29	102	3	3		292517052	116	2176	208	3		326783321
14579088	14579494	29	102	3	3		299234094	116	2176	208	3		287034586
14579088	15197179	29	102	3	3		306187229	116	2176	208	3		311814601
14579088	16272469	29	102	3	3		300493233	116	2176	208	3		306251017
14579088	16211076	29	102	3	3		320372567	116	2176	208	3		319609603
14579088	16253106	29	102	3	3		297875364	116	2176	208	3		323983106
14579088	14579493	29	102	3	3		279184434	116	2176	208	3		319701884
14579088	49650310	29	102	3	3		290617901	116	2176	208	3		297589512
14579088	7770986	29	102	3	3		318947291	116	2176	208	3		315376138
14579088	17791429	29	102	3	3		297765541	116	2176	208	3		329009277
14579088	7461171	29	102	3	3		296028271	116	2176	208	3		289969465
14579088	6677293	29	102	3	3		294917792	116	2176	208	3		294629872
14579088	21057006	29	102	3	3		287894448	116	2176	208	3		319990832
14579088	18021634	29	102	3	3		303737177	116	2176	208	3		300858100
14579088	13955186	29	102	3	3		304971504	116	2176	208	3		334666694
14579088	16210652	29	102	3	3		301288825	116	2176	208	3		287230585
14579088	14579476	29	102	3	3		282715428	116	2176	208	3		309889544
14579088	7459221	29	102	3	3		293103810	116	2176	208	3		334348935
14579088	18754874	29	102	3	3		303375643	116	2176	208	3		307320018
14579088	35497190	29	102	3	3		296183482	116	2176	208	3		295149969
14579088	9001623	29	102	3	3		293546382	116	2176	208	3		308489340
14579088	15178444	29	102	3	3		275633414	116	2176	208	3		308600517
18464147	19514897	29	102	3	3		308101437	116	2176	208	3		321569038
18464147	16250137	29	102	3	3		266331015	116	2176	208	3		315051136
18464147	18130267	29	102	3	3		337542926	116	2176	208	3		298689411
18464147	18752428	29	102	3	3		284198437	116	2176	208	3		307438189
18464147	18752426	29	102	3	3		316084659	116	2176	208	3		314202363
18464147	18130598	29	102	3	3		304480683	116	2176	208	3		309097356
18464147	14579088	29	102	3	3		304581319	116	2176	208	3		326765582
18464147	41522043	29	102	3	3		291189136	116	2176	208	3		313119328
18464147	14579494	29	102	3	3		285657364	116	2176	208	3		325032723
18464147	15197179	29	102	3	3		293595544	116	2176	208	3		294365264
18464147	16272469	29	102	3	3		271993066	116	2176	208	3		300268141
18464147	16211076	29	102	3	3		296182824	116	2176	208	3		322761065
18464147	16253106	29	102	3	3		279856617	116	2176	208	3		324012686
18464147	14579493	29	102	3	3		299838554	116	2176	208	3		309919044
18464147	49650310	29	102	3	3		297004456	116	2176	208	3		320465774
18464147	7770986	29	102	3	3		318353137	116	2176	208	3		320285615
18464147	17791429	29	102	3	3		298723399	116	2176	208	3		321831832
18464147	7461171	29	102	3	3		280031774	116	2176	208	3		309660754
18464147	6677293	29	102	3	3		279436847	116	2176	208	3		293883502
18464147	21057006	29	102	3	3		313431538	116	2176	208	3		336457557
18464147	18021634	29	102	3	3		323037490	116	2176	208	3		316184604
18464147	13955186	29	102	3	3		288211158	116	2176	208	3		334315496
18464147	16210652	29	102	3	3		326072524	116	2176	208	3		312926449
18464147	14579476	29	102	3	3		296849869	116	2176	208	3		319698164
18464147	7459221	29	102	3	3		304316055	116	2176	208	3		302416449
18464147	18754874	29	102	3	3		321515481	116	2176	208	3		334547978
18464147	35497190	29	102	3	3		293468580	116	2176	208	3		327165145
18464147	9001623	29	102	3	3		324649044	116	2176	208	3		340589766
18464147	15178444	29	102	3	3		318647543	116	2176	208	3		331322539
41522043	19514897	29	102	3	3		291305306	116	2176	208	3		296215318
41522043	16250137	29	102	3	3		328156961	116	2176	208	3		345874211
41522043	18130267	29	102	3	3		289413569	116	2176	208	3		324362339
41522043	18752428	29	102	3	3		316460350	116	2176	208	3		342398438
41522043	18752426	29	102	3	3		883822014	116	2176	208	3		558348718
41522043	18130598	29	102	3	3		305235848	116	2176	208	3		318728443
41522043	14579088	29	102	3	3		317705493	116	2176	208	3		332584160
41522043	18464147	29	102	3	3		291901157	116	2176	208	3		324096604
41522043	14579494	29	102	3	3		290161264	116	2176	208	3		308944484
41522043	15197179	29	102	3	3		302287249	116	2176	208	3		305013405
41522043	16272469	29	102	3	3		293995615	116	2176	208	3		301478047
41522043	16211076	29	102	3	3		296816038	116	2176	208	3		305216392
41522043	16253106	29	102	3	3		271055709	116	2176	208	3		317261096
41522043	14579493	29	102	3	3		246149711	116	2176	208	3		979336148
41522043	49650310	29	102	3	3		813661922	116	2176	208	3		442479346
41522043	7770986	29	102	3	3		297719238	116	2176	208	3		312719789
41522043	17791429	29	102	3	3		279633144	116	2176	208	3		431976292
41522043	7461171	29	102	3	3		363962406	116	2176	208	3		312708140
41522043	6677293	29	102	3	3		375571607	116	2176	208	3		307081911
41522043	21057006	29	102	3	3		352109916	116	2176	208	3		346375247
41522043	18021634	29	102	3	3		331527199	116	2176	208	3		339778029
41522043	13955186	29	102	3	3		323239011	116	2176	208	3		356461031
41522043	16210652	29	102	3	3		327493891	116	2176	208	3		368149340
41522043	14579476	29	102	3	3		322029400	116	2176	208	3		347995190
41522043	7459221	29	102	3	3		340868677	116	2176	208	3		431947024
41522043	18754874	29	102	3	3		346714366	116	2176	208	3		319355162
41522043	35497190	29	102	3	3		667218273	116	2176	208	3		565807640
41522043	9001623	29	102	3	3		317358248	116	2176	208	3		391943718
41522043	15178444	29	102	3	3		307943990	116	2176	208	3		333978610
14579494	19514897	29	102	3	3		288985508	116	2176	208	3		341511914
14579494	16250137	29	102	3	3		296990160	116	2176	208	3		312874060
14579494	18130267	29	102	3	3		567511668	116	2176	208	3		358996279
14579494	18752428	29	102	3	3		309065262	116	2176	208	3		308107555
14579494	18752426	29	102	3	3		262946569	116	2176	208	3		315224082
14579494	18130598	29	102	3	3		288189053	116	2176	208	3		304689417
14579494	14579088	29	102	3	3		286133444	116	2176	208	3		314427300
14579494	18464147	29	102	3	3		284361814	116	2176	208	3		297051132
14579494	41522043	29	102	3	3		298961274	116	2176	208	3		275418464
14579494	15197179	29	102	3	3		287045405	116	2176	208	3		304175207
14579494	16272469	29	102	3	3		276657879	116	2176	208	3		279642949
14579494	16211076	29	102	3	3		298883876	116	2176	208	3		310359447
14579494	16253106	29	102	3	3		278094373	116	2176	208	3		298089653
14579494	14579493	29	102	3	3		306299388	116	2176	208	3		297514545
14579494	49650310	29	102	3	3		339956089	116	2176	208	3		407025302
14579494	7770986	29	102	3	3		272970657	116	2176	208	3		290736718
14579494	17791429	29	102	3	3		275390275	116	2176	208	3		271669968
14579494	7461171	29	102	3	3		280143579	116	2176	208	3		289261765
14579494	6677293	29	102	3	3		293603536	116	2176	208	3		281923764
14579494	21057006	29	102	3	3		300161334	116	2176	208	3		279377247
14579494	18021634	29	102	3	3		276186219	116	2176	208	3		298130475
14579494	13955186	29	102	3	3		270150592	116	2176	208	3		288123259
14579494	16210652	29	102	3	3		283345431	116	2176	208	3		316979373
14579494	14579476	29	102	3	3		370569275	116	2176	208	3		326525725
14579494	7459221	29	102	3	3		268442330	116	2176	208	3		283752074
14579494	18754874	29	102	3	3		282441943	116	2176	208	3		318307123
14579494	35497190	29	102	3	3		268490171	116	2176	208	3		291486482
14579494	9001623	29	102	3	3		272208416	116	2176	208	3		294894966
14579494	15178444	29	102	3	3		265167936	116	2176	208	3		433524928
15197179	19514897	29	102	3	3		266729743	116	2176	208	3		290660658
15197179	16250137	29	102	3	3		275893983	116	2176	208	3		289843440
15197179	18130267	29	102	3	3		294638000	116	2176	208	3		298197999
15197179	18752428	29	102	3	3		305426307	116	2176	208	3		304413494
15197179	18752426	29	102	3	3		301681876	116	2176	208	3		293719743
15197179	18130598	29	102	3	3		290807927	116	2176	208	3		311489664
15197179	14579088	29	102	3	3		319352291	116	2176	208	3		307019848
15197179	18464147	29	102	3	3		316669350	116	2176	208	3		320662742
15197179	41522043	29	102	3	3		383582974	116	2176	208	3		305243106
15197179	14579494	29	102	3	3		326017055	116	2176	208	3		322359249
15197179	16272469	29	102	3	3		291020265	116	2176	208	3		308087837
15197179	16211076	29	102	3	3		297709887	116	2176	208	3		312228943
15197179	16253106	29	102	3	3		288964009	116	2176	208	3		284772196
15197179	14579493	29	102	3	3		307585799	116	2176	208	3		306139332
15197179	49650310	29	102	3	3		298073932	116	2176	208	3		352108138
15197179	7770986	29	102	3	3		318183576	116	2176	208	3		316369338
15197179	17791429	29	102	3	3		298254347	116	2176	208	3		304646839
15197179	7461171	29	102	3	3		299256420	116	2176	208	3		293972597
15197179	6677293	29	102	3	3		281121836	116	2176	208	3		294190307
15197179	21057006	29	102	3	3		278157244	116	2176	208	3		285758227
15197179	18021634	29	102	3	3		278035499	116	2176	208	3		293418618
15197179	13955186	29	102	3	3		306676849	116	2176	208	3		302451379
15197179	16210652	29	102	3	3		284705262	116	2176	208	3		318105409
15197179	14579476	29	102	3	3		322216888	116	2176	208	3		330064212
15197179	7459221	29	102	3	3		299781730	116	2176	208	3		315283523
15197179	18754874	29	102	3	3		296399541	116	2176	208	3		349908730
15197179	35497190	29	102	3	3		291885957	116	2176	208	3		305987647
15197179	9001623	29	102	3	3		281767234	116	2176	208	3		294146042
15197179	15178444	29	102	3	3		283016654	116	2176	208	3		312631489
16272469	19514897	29	102	3	3		297969848	116	2176	208	3		303410914
16272469	16250137	29	102	3	3		297588485	116	2176	208	3		310172248
16272469	18130267	29	102	3	3		294586817	116	2176	208	3		319442461
16272469	18752428	29	102	3	3		286401091	116	2176	208	3		288806764
16272469	18752426	29	102	3	3		277544512	116	2176	208	3		297673457
16272469	18130598	29	102	3	3		270564060	116	2176	208	3		292264952
16272469	14579088	29	102	3	3		332448281	116	2176	208	3		307127150
16272469	18464147	29	102	3	3		298123195	116	2176	208	3		318707122
16272469	41522043	29	102	3	3		278972979	116	2176	208	3		280768828
16272469	14579494	29	102	3	3		277919251	116	2176	208	3		319065724
16272469	15197179	29	102	3	3		295580820	116	2176	208	3		344586776
16272469	16211076	29	102	3	3		281716272	116	2176	208	3		303770964
16272469	16253106	29	102	3	3		287614755	116	2176	208	3		321852821
16272469	14579493	29	102	3	3		317791915	116	2176	208	3		307187287
16272469	49650310	29	102	3	3		290252465	116	2176	208	3		335868706
16272469	7770986	29	102	3	3		295208899	116	2176	208	3		298587324
16272469	17791429	29	102	3	3		297138810	116	2176	208	3		312355836
16272469	7461171	29	102	3	3		302270892	116	2176	208	3		306916061
16272469	6677293	29	102	3	3		280255098	116	2176	208	3		301645922
16272469	21057006	29	102	3	3		303442517	116	2176	208	3		315933038
16272469	18021634	29	102	3	3		296872824	116	2176	208	3		312024773
16272469	13955186	29	102	3	3		301846548	116	2176	208	3		297839944
16272469	16210652	29	102	3	3		291554615	116	2176	208	3		321667428
16272469	14579476	29	102	3	3		297720152	116	2176	208	3		309834528
16272469	7459221	29	102	3	3		304107847	116	2176	208	3		297569092
16272469	18754874	29	102	3	3		331504082	116	2176	208	3		316624213
16272469	35497190	29	102	3	3		303430739	116	2176	208	3		306552911
16272469	9001623	29	102	3	3		291508354	116	2176	208	3		298217791
16272469	15178444	29	102	3	3		283124428	116	2176	208	3		312930620
16211076	19514897	29	102	3	3		297868827	116	2176	208	3		306675984
16211076	16250137	29	102	3	3		313920961	116	2176	208	3		325112708
16211076	18130267	29	102	3	3		307788208	116	2176	208	3		316872355
16211076	18752428	29	102	3	3		279974507	116	2176	208	3		301379259
16211076	18752426	29	102	3	3		281346729	116	2176	208	3		330638719
16211076	18130598	29	102	3	3		300547694	116	2176	208	3		320694804
16211076	14579088	29	102	3	3		285541177	116	2176	208	3		286484255
16211076	18464147	29	102	3	3		284602618	116	2176	208	3		273886614
16211076	41522043	29	102	3	3		304007091	116	2176	208	3		280388808
16211076	14579494	29	102	3	3		277385456	116	2176	208	3		298314311
16211076	15197179	29	102	3	3		278823139	116	2176	208	3		298861573
16211076	16272469	29	102	3	3		275804266	116	2176	208	3		288443357
16211076	16253106	29	102	3	3		291608291	116	2176	208	3		285832047
16211076	14579493	29	102	3	3		328045363	116	2176	208	3		352937897
16211076	49650310	29	102	3	3		310477727	116	2176	208	3		301086058
16211076	7770986	29	102	3	3		318801727	116	2176	208	3		296115920
16211076	17791429	29	102	3	3		292820284	116	2176	208	3		324020474
16211076	7461171	29	102	3	3		309165925	116	2176	208	3		309180261
16211076	6677293	29	102	3	3		289486710	116	2176	208	3		309514165
16211076	21057006	29	102	3	3		284865624	116	2176	208	3		317624636
16211076	18021634	29	102	3	3		289146897	116	2176	208	3		318576382
16211076	13955186	29	102	3	3		298800307	116	2176	208	3		321391935
16211076	16210652	29	102	3	3		312856267	116	2176	208	3		331959223
16211076	14579476	29	102	3	3		638139204	116	2176	208	3		338590621
16211076	7459221	29	102	3	3		356527287	116	2176	208	3		338269817
16211076	18754874	29	102	3	3		325834118	116	2176	208	3		370861726
16211076	35497190	29	102	3	3		354069436	116	2176	208	3		361178788
16211076	9001623	29	102	3	3		391646359	116	2176	208	3		371086044
16211076	15178444	29	102	3	3		376113659	116	2176	208	3		383588305
16253106	19514897	29	102	3	3		619110891	116	2176	208	3		441309741
16253106	16250137	29	102	3	3		310500884	116	2176	208	3		327472787
16253106	18130267	29	102	3	3		387695576	116	2176	208	3		583105495
16253106	18752428	29	102	3	3		333927281	116	2176	208	3		299027412
16253106	18752426	29	102	3	3		328614465	116	2176	208	3		319566029
16253106	18130598	29	102	3	3		315978399	116	2176	208	3		715009558
16253106	14579088	29	102	3	3		324562910	116	2176	208	3		307392057
16253106	18464147	29	102	3	3		285840702	116	2176	208	3		315962690
16253106	41522043	29	102	3	3		307302888	116	2176	208	3		338619987
16253106	14579494	29	102	3	3		295964448	116	2176	208	3		349971897
16253106	15197179	29	102	3	3		314152008	116	2176	208	3		314048890
16253106	16272469	29	102	3	3		314286454	116	2176	208	3		310404523
16253106	16211076	29	102	3	3		297574462	116	2176	208	3		303601163
16253106	14579493	29	102	3	3		312435662	116	2176	208	3		329860550
16253106	49650310	29	102	3	3		311886382	116	2176	208	3		314829768
16253106	7770986	29	102	3	3		325303753	116	2176	208	3		294477838
16253106	17791429	29	102	3	3		299918264	116	2176	208	3		304084641
16253106	7461171	29	102	3	3		304505839	116	2176	208	3		326862475
16253106	6677293	29	102	3	3		298575004	116	2176	208	3		298832859
16253106	21057006	29	102	3	3		297172901	116	2176	208	3		307722547
16253106	18021634	29	102	3	3		325434487	116	2176	208	3		328802700
16253106	13955186	29	102	3	3		306166082	116	2176	208	3		308417057
16253106	16210652	29	102	3	3		285332952	116	2176	208	3		309415769
16253106	14579476	29	102	3	3		302458774	116	2176	208	3		332785817
16253106	7459221	29	102	3	3		291361344	116	2176	208	3		298324798
16253106	18754874	29	102	3	3		291501858	116	2176	208	3		319946874
16253106	35497190	29	102	3	3		327007655	116	2176	208	3		333196423
16253106	9001623	29	102	3	3		308964968	116	2176	208	3		324460300
16253106	15178444	29	102	3	3		288214691	116	2176	208	3		339743285
14579493	19514897	29	102	3	3		284659742	116	2176	208	3		323739639
14579493	16250137	29	102	3	3		297146456	116	2176	208	3		304899092
14579493	18130267	29	102	3	3		323333862	116	2176	208	3		302733182
14579493	18752428	29	102	3	3		300363303	116	2176	208	3		284273273
14579493	18752426	29	102	3	3		292730394	116	2176	208	3		313840610
14579493	18130598	29	102	3	3		273177388	116	2176	208	3		316581903
14579493	14579088	29	102	3	3		296104168	116	2176	208	3		311466589
14579493	18464147	29	102	3	3		312010897	116	2176	208	3		327337367
14579493	41522043	29	102	3	3		315772267	116	2176	208	3		310692084
14579493	14579494	29	102	3	3		303526485	116	2176	208	3		314883411
14579493	15197179	29	102	3	3		288920287	116	2176	208	3		324749307
14579493	16272469	29	102	3	3		284886536	116	2176	208	3		320524493
14579493	16211076	29	102	3	3		281405797	116	2176	208	3		304616718
14579493	16253106	29	102	3	3		285174671	116	2176	208	3		303214410
14579493	49650310	29	102	3	3		299476615	116	2176	208	3		313864681
14579493	7770986	29	102	3	3		312390303	116	2176	208	3		294311620
14579493	17791429	29	102	3	3		329011291	116	2176	208	3		281534843
14579493	7461171	29	102	3	3		296453492	116	2176	208	3		309633414
14579493	6677293	29	102	3	3		294878594	116	2176	208	3		302006701
14579493	21057006	29	102	3	3		284663104	116	2176	208	3		292660717
14579493	18021634	29	102	3	3		289306454	116	2176	208	3		315298079
14579493	13955186	29	102	3	3		279500039	116	2176	208	3		280084607
14579493	16210652	29	102	3	3		280762929	116	2176	208	3		329481176
14579493	14579476	29	102	3	3		295726560	116	2176	208	3		307211981
14579493	7459221	29	102	3	3		299440071	116	2176	208	3		300188568
14579493	18754874	29	102	3	3		327435676	116	2176	208	3		334537484
14579493	35497190	29	102	3	3		300956040	116	2176	208	3		336883148
14579493	9001623	29	102	3	3		323893615	116	2176	208	3		300027603
14579493	15178444	29	102	3	3		288656435	116	2176	208	3		311898390
49650310	19514897	29	102	3	3		296690416	116	2176	208	3		297661597
49650310	16250137	29	102	3	3		282267698	116	2176	208	3		310921795
49650310	18130267	29	102	3	3		287187851	116	2176	208	3		306533501
49650310	18752428	29	102	3	3		328955957	116	2176	208	3		302540114
49650310	18752426	29	102	3	3		266782536	116	2176	208	3		298103774
49650310	18130598	29	102	3	3		271503817	116	2176	208	3		308756526
49650310	14579088	29	102	3	3		276850751	116	2176	208	3		292002856
49650310	18464147	29	102	3	3		277883824	116	2176	208	3		326107605
49650310	41522043	29	102	3	3		279086031	116	2176	208	3		318870608
49650310	14579494	29	102	3	3		316547327	116	2176	208	3		297232032
49650310	15197179	29	102	3	3		302914480	116	2176	208	3		317027898
49650310	16272469	29	102	3	3		305282265	116	2176	208	3		286816352
49650310	16211076	29	102	3	3		282332730	116	2176	208	3		292975759
49650310	16253106	29	102	3	3		297396002	116	2176	208	3		315057826
49650310	14579493	29	102	3	3		306864392	116	2176	208	3		323576319
49650310	7770986	29	102	3	3		270210500	116	2176	208	3		317939511
49650310	17791429	29	102	3	3		288640050	116	2176	208	3		317243702
49650310	7461171	29	102	3	3		307348318	116	2176	208	3		280331132
49650310	6677293	29	102	3	3		333730439	116	2176	208	3		330138832
49650310	21057006	29	102	3	3		301813981	116	2176	208	3		322491430
49650310	18021634	29	102	3	3		298316912	116	2176	208	3		323593166
49650310	13955186	29	102	3	3		317624346	116	2176	208	3		288285949
49650310	16210652	29	102	3	3		305397180	116	2176	208	3		286061559
49650310	14579476	29	102	3	3		287952708	116	2176	208	3		299376689
49650310	7459221	29	102	3	3		285785004	116	2176	208	3		291809883
49650310	18754874	29	102	3	3		280494501	116	2176	208	3		307734801
49650310	35497190	29	102	3	3		302907966	116	2176	208	3		319091923
49650310	9001623	29	102	3	3		307029139	116	2176	208	3		306189977
49650310	15178444	29	102	3	3		294873150	116	2176	208	3		285932009
7770986	19514897	29	102	3	3		295639627	116	2176	208	3		327831065
7770986	16250137	29	102	3	3		290246742	116	2176	208	3		323277375
7770986	18130267	29	102	3	3		447328891	116	2176	208	3		296058720
7770986	18752428	29	102	3	3		302140476	116	2176	208	3		306504037
7770986	18752426	29	102	3	3		270444881	116	2176	208	3		317969590
7770986	18130598	29	102	3	3		294827837	116	2176	208	3		310549366
7770986	14579088	29	102	3	3		324928842	116	2176	208	3		295723852
7770986	18464147	29	102	3	3		316918948	116	2176	208	3		315876538
7770986	41522043	29	102	3	3		317222033	116	2176	208	3		303627613
7770986	14579494	29	102	3	3		292088698	116	2176	208	3		313472339
7770986	15197179	29	102	3	3		298672208	116	2176	208	3		291698377
7770986	16272469	29	102	3	3		305779228	116	2176	208	3		339105706
7770986	16211076	29	102	3	3		304760536	116	2176	208	3		293237228
7770986	16253106	29	102	3	3		301814648	116	2176	208	3		273761499
7770986	14579493	29	102	3	3		270808858	116	2176	208	3		322977927
7770986	49650310	29	102	3	3		319967650	116	2176	208	3		301673190
7770986	17791429	29	102	3	3		311374296	116	2176	208	3		329896549
7770986	7461171	29	102	3	3		303893653	116	2176	208	3		314854033
7770986	6677293	29	102	3	3		316850622	116	2176	208	3		305745705
7770986	21057006	29	102	3	3		300328157	116	2176	208	3		299569588
7770986	18021634	29	102	3	3		313603976	116	2176	208	3		305195972
7770986	13955186	29	102	3	3		279345906	116	2176	208	3		310132424
7770986	16210652	29	102	3	3		312522755	116	2176	208	3		286855872
7770986	14579476	29	102	3	3		301087272	116	2176	208	3		311726070
7770986	7459221	29	102	3	3		275598853	116	2176	208	3		308024276
7770986	18754874	29	102	3	3		322493822	116	2176	208	3		322535311
7770986	35497190	29	102	3	3		304226150	116	2176	208	3		305108749
7770986	9001623	29	102	3	3		289847776	116	2176	208	3		312382356
7770986	15178444	29	102	3	3		314096156	116	2176	208	3		337959001
17791429	19514897	29	102	3	3		289320273	116	2176	208	3		308978854
17791429	16250137	29	102	3	3		298533406	116	2176	208	3		319514549
17791429	18130267	29	102	3	3		281922640	116	2176	208	3		307851298
17791429	18752428	29	102	3	3		302497455	116	2176	208	3		302820101
17791429	18752426	29	102	3	3		296338852	116	2176	208	3		310154261
17791429	18130598	29	102	3	3		294466208	116	2176	208	3		315323174
17791429	14579088	29	102	3	3		299196134	116	2176	208	3		315568997
17791429	18464147	29	102	3	3		298464993	116	2176	208	3		314596082
17791429	41522043	29	102	3	3		302853424	116	2176	208	3		331322873
17791429	14579494	29	102	3	3		319760868	116	2176	208	3		306093187
17791429	15197179	29	102	3	3		309632242	116	2176	208	3		327025913
17791429	16272469	29	102	3	3		286142769	116	2176	208	3		339281885
17791429	16211076	29	102	3	3		296032906	116	2176	208	3		311292746
17791429	16253106	29	102	3	3		295645005	116	2176	208	3		305558630
17791429	14579493	29	102	3	3		294785682	116	2176	208	3		294887426
17791429	49650310	29	102	3	3		268731913	116	2176	208	3		316408368
17791429	7770986	29	102	3	3		299681813	116	2176	208	3		293455429
17791429	7461171	29	102	3	3		286317696	116	2176	208	3		332716075
17791429	6677293	29	102	3	3		317213808	116	2176	208	3		320541574
17791429	21057006	29	102	3	3		293519921	116	2176	208	3		312946998
17791429	18021634	29	102	3	3		304476112	116	2176	208	3		325526200
17791429	13955186	29	102	3	3		285618214	116	2176	208	3		285081114
17791429	16210652	29	102	3	3		295704508	116	2176	208	3		306115049
17791429	14579476	29	102	3	3		321556512	116	2176	208	3		305779288
17791429	7459221	29	102	3	3		275020377	116	2176	208	3		313177191
17791429	18754874	29	102	3	3		286355238	116	2176	208	3		312290766
17791429	35497190	29	102	3	3		324923483	116	2176	208	3		319519082
17791429	9001623	29	102	3	3		316215346	116	2176	208	3		324055096
17791429	15178444	29	102	3	3		277354253	116	2176	208	3		308946891
7461171	19514897	29	102	3	3		312000745	116	2176	208	3		324147425
7461171	16250137	29	102	3	3		300567893	116	2176	208	3		316154832
7461171	18130267	29	102	3	3		297587425	116	2176	208	3		312266194
7461171	18752428	29	102	3	3		321322248	116	2176	208	3		316268207
7461171	18752426	29	102	3	3		318391784	116	2176	208	3		307383736
7461171	18130598	29	102	3	3		308390753	116	2176	208	3		324388521
7461171	14579088	29	102	3	3		298486730	116	2176	208	3		299249483
7461171	18464147	29	102	3	3		287946676	116	2176	208	3		296014264
7461171	41522043	29	102	3	3		292679285	116	2176	208	3		315291157
7461171	14579494	29	102	3	3		298420940	116	2176	208	3		303456644
7461171	15197179	29	102	3	3		317330476	116	2176	208	3		289206423
7461171	16272469	29	102	3	3		294512690	116	2176	208	3		297582074
7461171	16211076	29	102	3	3		303977903	116	2176	208	3		314484801
7461171	16253106	29	102	3	3		311007829	116	2176	208	3		301961362
7461171	14579493	29	102	3	3		310335384	116	2176	208	3		301086230
7461171	49650310	29	102	3	3		302240662	116	2176	208	3		310511497
7461171	7770986	29	102	3	3		296167976	116	2176	208	3		301382405
7461171	17791429	29	102	3	3		297032561	116	2176	208	3		315330011
7461171	6677293	29	102	3	3		310500367	116	2176	208	3		292770486
7461171	21057006	29	102	3	3		284729464	116	2176	208	3		307760144
7461171	18021634	29	102	3	3		297767736	116	2176	208	3		333217918
7461171	13955186	29	102	3	3		313619929	116	2176	208	3		319711595
7461171	16210652	29	102	3	3		323402731	116	2176	208	3		298965024
7461171	14579476	29	102	3	3		299552385	116	2176	208	3		300788104
7461171	7459221	29	102	3	3		295437411	116	2176	208	3		296225128
7461171	18754874	29	102	3	3		306398385	116	2176	208	3		315727800
7461171	35497190	29	102	3	3		302877936	116	2176	208	3		325167405
7461171	9001623	29	102	3	3		312966361	116	2176	208	3		288201650
7461171	15178444	29	102	3	3		303626186	116	2176	208	3		270904410
6677293	19514897	29	102	3	3		314249729	116	2176	208	3		277161525
6677293	16250137	29	102	3	3		289530947	116	2176	208	3		317081528
6677293	18130267	29	102	3	3		294372266	116	2176	208	3		295150606
6677293	18752428	29	102	3	3		302910863	116	2176	208	3		315509109
6677293	18752426	29	102	3	3		284577943	116	2176	208	3		282584478
6677293	18130598	29	102	3	3		310841461	116	2176	208	3		313796847
6677293	14579088	29	102	3	3		309832745	116	2176	208	3		303019811
6677293	18464147	29	102	3	3		297847927	116	2176	208	3		290201580
6677293	41522043	29	102	3	3		304925336	116	2176	208	3		311561096
6677293	14579494	29	102	3	3		314610696	116	2176	208	3		293937773
6677293	15197179	29	102	3	3		307796944	116	2176	208	3		320027841
6677293	16272469	29	102	3	3		319798707	116	2176	208	3		312483983
6677293	16211076	29	102	3	3		284166974	116	2176	208	3		315926193
6677293	16253106	29	102	3	3		280536741	116	2176	208	3		308024416
6677293	14579493	29	102	3	3		289563656	116	2176	208	3		295241922
6677293	49650310	29	102	3	3		306357658	116	2176	208	3		295201816
6677293	7770986	29	102	3	3		333439237	116	2176	208	3		285787622
6677293	17791429	29	102	3	3		306500044	116	2176	208	3		299048784
6677293	7461171	29	102	3	3		347746147	116	2176	208	3		307954879
6677293	21057006	29	102	3	3		305886859	116	2176	208	3		308204374
6677293	18021634	29	102	3	3		331934334	116	2176	208	3		310044932
6677293	13955186	29	102	3	3		341738147	116	2176	208	3		315047381
6677293	16210652	29	102	3	3		309730588	116	2176	208	3		318944882
6677293	14579476	29	102	3	3		515952285	116	2176	208	3		309243472
6677293	7459221	29	102	3	3		317118610	116	2176	208	3		381989470
6677293	18754874	29	102	3	3		352160261	116	2176	208	3		322452992
6677293	35497190	29	102	3	3		290963582	116	2176	208	3		329935441
6677293	9001623	29	102	3	3		282435663	116	2176	208	3		295969916
6677293	15178444	29	102	3	3		309807658	116	2176	208	3		293001827
21057006	19514897	29	102	3	3		272021195	116	2176	208	3		312478512
21057006	16250137	29	102	3	3		301957249	116	2176	208	3		326668046
21057006	18130267	29	102	3	3		317493682	116	2176	208	3		301471297
21057006	18752428	29	102	3	3		304937009	116	2176	208	3		297977258
21057006	18752426	29	102	3	3		309420647	116	2176	208	3		307239677
21057006	18130598	29	102	3	3		320149826	116	2176	208	3		296775106
21057006	14579088	29	102	3	3		276396559	116	2176	208	3		318305394
21057006	18464147	29	102	3	3		287802732	116	2176	208	3		301272441
21057006	41522043	29	102	3	3		290406360	116	2176	208	3		309892719
21057006	14579494	29	102	3	3		365269048	116	2176	208	3		324444332
21057006	15197179	29	102	3	3		293173023	116	2176	208	3		311778354
21057006	16272469	29	102	3	3		284917946	116	2176	208	3		312858352
21057006	16211076	29	102	3	3		300469302	116	2176	208	3		302846666
21057006	16253106	29	102	3	3		289403820	116	2176	208	3		320780005
21057006	14579493	29	102	3	3		301108631	116	2176	208	3		328716307
21057006	49650310	29	102	3	3		300759639	116	2176	208	3		319222897
21057006	7770986	29	102	3	3		296946584	116	2176	208	3		314645487
21057006	17791429	29	102	3	3		316811405	116	2176	208	3		295185390
21057006	7461171	29	102	3	3		303988710	116	2176	208	3		270660728
21057006	6677293	29	102	3	3		267941615	116	2176	208	3		336920374
21057006	18021634	29	102	3	3		284993896	116	2176	208	3		288853710
21057006	13955186	29	102	3	3		269261870	116	2176	208	3		299831579
21057006	16210652	29	102	3	3		278762244	116	2176	208	3		326621476
21057006	14579476	29	102	3	3		299837286	116	2176	208	3		302569416
21057006	7459221	29	102	3	3		293080544	116	2176	208	3		288964750
21057006	18754874	29	102	3	3		299816424	116	2176	208	3		294047571
21057006	35497190	29	102	3	3		292169299	116	2176	208	3		284056078
21057006	9001623	29	102	3	3		298695348	116	2176	208	3		299503234
21057006	15178444	29	102	3	3		315751946	116	2176	208	3		267367735
18021634	19514897	29	102	3	3		295224289	116	2176	208	3		308491762
18021634	16250137	29	102	3	3		312199251	116	2176	208	3		272942674
18021634	18130267	29	102	3	3		285220327	116	2176	208	3		291985541
18021634	18752428	29	102	3	3		279398644	116	2176	208	3		281684321
18021634	18752426	29	102	3	3		268389540	116	2176	208	3		282860747
18021634	18130598	29	102	3	3		288897178	116	2176	208	3		292970813
18021634	14579088	29	102	3	3		287951141	116	2176	208	3		326355954
18021634	18464147	29	102	3	3		312909323	116	2176	208	3		308505676
18021634	41522043	29	102	3	3		306483928	116	2176	208	3		293570785
18021634	14579494	29	102	3	3		315643266	116	2176	208	3		298030467
18021634	15197179	29	102	3	3		306713053	116	2176	208	3		315191027
18021634	16272469	29	102	3	3		324212815	116	2176	208	3		305781054
18021634	16211076	29	102	3	3		309870035	116	2176	208	3		295420197
18021634	16253106	29	102	3	3		306130371	116	2176	208	3		305188345
18021634	14579493	29	102	3	3		292211015	116	2176	208	3		330417244
18021634	49650310	29	102	3	3		292088225	116	2176	208	3		334929474
18021634	7770986	29	102	3	3		307104386	116	2176	208	3		323044875
18021634	17791429	29	102	3	3		410823093	116	2176	208	3		313162330
18021634	7461171	29	102	3	3		340519901	116	2176	208	3		320206780
18021634	6677293	29	102	3	3		298586126	116	2176	208	3		296348160
18021634	21057006	29	102	3	3		301343210	116	2176	208	3		303924155
18021634	13955186	29	102	3	3		298228290	116	2176	208	3		330589681
18021634	16210652	29	102	3	3		339116758	116	2176	208	3		331176654
18021634	14579476	29	102	3	3		275230750	116	2176	208	3		333322401
18021634	7459221	29	102	3	3		322112622	116	2176	208	3		338476769
18021634	18754874	29	102	3	3		312075357	116	2176	208	3		306911443
18021634	35497190	29	102	3	3		320996654	116	2176	208	3		320660381
18021634	9001623	29	102	3	3		361710513	116	2176	208	3		359701726
18021634	15178444	29	102	3	3		371413572	116	2176	208	3		307293095
13955186	19514897	29	102	3	3		303242961	116	2176	208	3		322962499
13955186	16250137	29	102	3	3		286780744	116	2176	208	3		314924983
13955186	18130267	29	102	3	3		286348808	116	2176	208	3		329673464
13955186	18752428	29	102	3	3		286638665	116	2176	208	3		297490127
13955186	18752426	29	102	3	3		281783558	116	2176	208	3		287504568
13955186	18130598	29	102	3	3		296560596	116	2176	208	3		310146456
13955186	14579088	29	102	3	3		285924250	116	2176	208	3		313998391
13955186	18464147	29	102	3	3		311630404	116	2176	208	3		317749497
13955186	41522043	29	102	3	3		313706662	116	2176	208	3		289675989
13955186	14579494	29	102	3	3		290636780	116	2176	208	3		321373562
13955186	15197179	29	102	3	3		270573843	116	2176	208	3		282214993
13955186	16272469	29	102	3	3		400366805	116	2176	208	3		353187623
13955186	16211076	29	102	3	3		300761263	116	2176	208	3		315860193
13955186	16253106	29	102	3	3		328805247	116	2176	208	3		304305009
13955186	14579493	29	102	3	3		387131478	116	2176	208	3		298569936
13955186	49650310	29	102	3	3		289958020	116	2176	208	3		318741336
13955186	7770986	29	102	3	3		307648427	116	2176	208	3		388469087
13955186	17791429	29	102	3	3		294913058	116	2176	208	3		358572215
13955186	7461171	29	102	3	3		299654395	116	2176	208	3		295943596
13955186	6677293	29	102	3	3		334777072	116	2176	208	3		312496509
13955186	21057006	29	102	3	3		310989968	116	2176	208	3		303147360
13955186	18021634	29	102	3	3		295252475	116	2176	208	3		289562694
13955186	16210652	29	102	3	3		300467740	116	2176	208	3		322516998
13955186	14579476	29	102	3	3		314639278	116	2176	208	3		314189239
13955186	7459221	29	102	3	3		301418535	116	2176	208	3		310624812
13955186	18754874	29	102	3	3		287644581	116	2176	208	3		309011060
13955186	35497190	29	102	3	3		297082232	116	2176	208	3		326643554
13955186	9001623	29	102	3	3		289659309	116	2176	208	3		290250445
13955186	15178444	29	102	3	3		314084723	116	2176	208	3		331578370
16210652	19514897	29	102	3	3		301635991	116	2176	208	3		306748102
16210652	16250137	29	102	3	3		313467372	116	2176	208	3		335965033
16210652	18130267	29	102	3	3		300226514	116	2176	208	3		296980207
16210652	18752428	29	102	3	3		287749094	116	2176	208	3		348369132
16210652	18752426	29	102	3	3		294953160	116	2176	208	3		338467699
16210652	18130598	29	102	3	3		312437237	116	2176	208	3		313328092
16210652	14579088	29	102	3	3		307149743	116	2176	208	3		326856895
16210652	18464147	29	102	3	3		294202891	116	2176	208	3		315498190
16210652	41522043	29	102	3	3		280081428	116	2176	208	3		332325074
16210652	14579494	29	102	3	3		287752077	116	2176	208	3		280558349
16210652	15197179	29	102	3	3		321802967	116	2176	208	3		297851797
16210652	16272469	29	102	3	3		285291097	116	2176	208	3		323444657
16210652	16211076	29	102	3	3		286656112	116	2176	208	3		303232606
16210652	16253106	29	102	3	3		297742217	116	2176	208	3		325416050
16210652	14579493	29	102	3	3		301849461	116	2176	208	3		334255259
16210652	49650310	29	102	3	3		313452971	116	2176	208	3		292124498
16210652	7770986	29	102	3	3		297026055	116	2176	208	3		314504844
16210652	17791429	29	102	3	3		294084443	116	2176	208	3		305176363
16210652	7461171	29	102	3	3		305152950	116	2176	208	3		299993335
16210652	6677293	29	102	3	3		299837492	116	2176	208	3		303693596
16210652	21057006	29	102	3	3		305127279	116	2176	208	3		316134228
16210652	18021634	29	102	3	3		314686633	116	2176	208	3		303469636
16210652	13955186	29	102	3	3		302675717	116	2176	208	3		326357631
16210652	14579476	29	102	3	3		337265892	116	2176	208	3		672730059
16210652	7459221	29	102	3	3		310825006	116	2176	208	3		324456120
16210652	18754874	29	102	3	3		323919288	116	2176	208	3		296663046
16210652	35497190	29	102	3	3		289431332	116	2176	208	3		329668385
16210652	9001623	29	102	3	3		303444347	116	2176	208	3		339619844
16210652	15178444	29	102	3	3		348464799	116	2176	208	3		311292703
14579476	19514897	29	102	3	3		269788542	116	2176	208	3		309455996
14579476	16250137	29	102	3	3		320202739	116	2176	208	3		296718096
14579476	18130267	29	102	3	3		324948009	116	2176	208	3		293513859
14579476	18752428	29	102	3	3		291919133	116	2176	208	3		351479138
14579476	18752426	29	102	3	3		274810553	116	2176	208	3		316284009
14579476	18130598	29	102	3	3		313104899	116	2176	208	3		313499287
14579476	14579088	29	102	3	3		283240382	116	2176	208	3		306468265
14579476	18464147	29	102	3	3		305246236	116	2176	208	3		339699418
14579476	41522043	29	102	3	3		311556604	116	2176	208	3		291908999
14579476	14579494	29	102	3	3		339617772	116	2176	208	3		303059284
14579476	15197179	29	102	3	3		306246547	116	2176	208	3		334454198
14579476	16272469	29	102	3	3		309539832	116	2176	208	3		351081468
14579476	16211076	29	102	3	3		297368329	116	2176	208	3		311557088
14579476	16253106	29	102	3	3		310071612	116	2176	208	3		319406406
14579476	14579493	29	102	3	3		308486053	116	2176	208	3		283278126
14579476	49650310	29	102	3	3		293595181	116	2176	208	3		288364071
14579476	7770986	29	102	3	3		280633869	116	2176	208	3		318079271
14579476	17791429	29	102	3	3		308426442	116	2176	208	3		336730466
14579476	7461171	29	102	3	3		294874126	116	2176	208	3		306422848
14579476	6677293	29	102	3	3		335906200	116	2176	208	3		305025406
14579476	21057006	29	102	3	3		292609099	116	2176	208	3		349220914
14579476	18021634	29	102	3	3		321354998	116	2176	208	3		317908422
14579476	13955186	29	102	3	3		293118227	116	2176	208	3		364390179
14579476	16210652	29	102	3	3		304190631	116	2176	208	3		301817402
14579476	7459221	29	102	3	3		299361571	116	2176	208	3		316918645
14579476	18754874	29	102	3	3		328704701	116	2176	208	3		302805958
14579476	35497190	29	102	3	3		326098207	116	2176	208	3		302882378
14579476	9001623	29	102	3	3		308829103	116	2176	208	3		313445722
14579476	15178444	29	102	3	3		334818256	116	2176	208	3		287838941
7459221	19514897	29	102	3	3		284129005	116	2176	208	3		302222487
7459221	16250137	29	102	3	3		307130393	116	2176	208	3		316403521
7459221	18130267	29	102	3	3		280765308	116	2176	208	3		306240944
7459221	18752428	29	102	3	3		295580185	116	2176	208	3		295230096
7459221	18752426	29	102	3	3		283511905	116	2176	208	3		292471921
7459221	18130598	29	102	3	3		274283790	116	2176	208	3		283488192
7459221	14579088	29	102	3	3		312482312	116	2176	208	3		283945217
7459221	18464147	29	102	3	3		290679332	116	2176	208	3		327916953
7459221	41522043	29	102	3	3		288908314	116	2176	208	3		312841071
7459221	14579494	29	102	3	3		317003441	116	2176	208	3		303303266
7459221	15197179	29	102	3	3		302376625	116	2176	208	3		358616153
7459221	16272469	29	102	3	3		314804853	116	2176	208	3		316631808
7459221	16211076	29	102	3	3		308219390	116	2176	208	3		301090572
7459221	16253106	29	102	3	3		280179042	116	2176	208	3		318050725
7459221	14579493	29	102	3	3		294918330	116	2176	208	3		288076996
7459221	49650310	29	102	3	3		310827232	116	2176	208	3		307041415
7459221	7770986	29	102	3	3		300403189	116	2176	208	3		322613107
7459221	17791429	29	102	3	3		297387858	116	2176	208	3		295684220
7459221	7461171	29	102	3	3		283417598	116	2176	208	3		300985993
7459221	6677293	29	102	3	3		280948118	116	2176	208	3		305928063
7459221	21057006	29	102	3	3		297347878	116	2176	208	3		307366708
7459221	18021634	29	102	3	3		272262959	116	2176	208	3		306568678
7459221	13955186	29	102	3	3		290535815	116	2176	208	3		302565045
7459221	16210652	29	102	3	3		318158928	116	2176	208	3		322761830
7459221	14579476	29	102	3	3		334423099	116	2176	208	3		334787010
7459221	18754874	29	102	3	3		330411125	116	2176	208	3		332084990
7459221	35497190	29	102	3	3		296012049	116	2176	208	3		318332730
7459221	9001623	29	102	3	3		309650319	116	2176	208	3		312414070
7459221	15178444	29	102	3	3		287628637	116	2176	208	3		314939983
18754874	19514897	29	102	3	3		343597388	116	2176	208	3		287763251
18754874	16250137	29	102	3	3		283869451	116	2176	208	3		310643867
18754874	18130267	29	102	3	3		296771876	116	2176	208	3		293073742
18754874	18752428	29	102	3	3		302778736	116	2176	208	3		331170996
18754874	18752426	29	102	3	3		326052692	116	2176	208	3		323530846
18754874	18130598	29	102	3	3		301679370	116	2176	208	3		284010042
18754874	14579088	29	102	3	3		272927341	116	2176	208	3		302739652
18754874	18464147	29	102	3	3		273875892	116	2176	208	3		305974827
18754874	41522043	29	102	3	3		290561121	116	2176	208	3		305784012
18754874	14579494	29	102	3	3		300861616	116	2176	208	3		326094163
18754874	15197179	29	102	3	3		283051045	116	2176	208	3		306441311
18754874	16272469	29	102	3	3		296962336	116	2176	208	3		298282225
18754874	16211076	29	102	3	3		293254059	116	2176	208	3		289470984
18754874	16253106	29	102	3	3		326493633	116	2176	208	3		306732086
18754874	14579493	29	102	3	3		295103370	116	2176	208	3		327978111
18754874	49650310	29	102	3	3		305991040	116	2176	208	3		301679938
18754874	7770986	29	102	3	3		307120362	116	2176	208	3		289025988
18754874	17791429	29	102	3	3		308561599	116	2176	208	3		318641943
18754874	7461171	29	102	3	3		328633829	116	2176	208	3		302424497
18754874	6677293	29	102	3	3		276787369	116	2176	208	3		350509112
18754874	21057006	29	102	3	3		296433600	116	2176	208	3		323043580
18754874	18021634	29	102	3	3		309018130	116	2176	208	3		311345264
18754874	13955186	29	102	3	3		292691473	116	2176	208	3		328006209
18754874	16210652	29	102	3	3		297550839	116	2176	208	3		315357334
18754874	14579476	29	102	3	3		285042232	116	2176	208	3		306394829
18754874	7459221	29	102	3	3		276453340	116	2176	208	3		321028155
18754874	35497190	29	102	3	3		283177154	116	2176	208	3		286616446
18754874	9001623	29	102	3	3		284098848	116	2176	208	3		309311710
18754874	15178444	29	102	3	3		286063913	116	2176	208	3		307254051
35497190	19514897	29	102	3	3		315162316	116	2176	208	3		314802187
35497190	16250137	29	102	3	3		289647442	116	2176	208	3		278318051
35497190	18130267	29	102	3	3		315225934	116	2176	208	3		309907732
35497190	18752428	29	102	3	3		369549752	116	2176	208	3		320823747
35497190	18752426	29	102	3	3		279480670	116	2176	208	3		311818621
35497190	18130598	29	102	3	3		292343005	116	2176	208	3		328500710
35497190	14579088	29	102	3	3		304495287	116	2176	208	3		332461439
35497190	18464147	29	102	3	3		315075920	116	2176	208	3		306624183
35497190	41522043	29	102	3	3		288888522	116	2176	208	3		303339033
35497190	14579494	29	102	3	3		305727259	116	2176	208	3		315061453
35497190	15197179	29	102	3	3		287047956	116	2176	208	3		319846371
35497190	16272469	29	102	3	3		302776277	116	2176	208	3		329454875
35497190	16211076	29	102	3	3		361387863	116	2176	208	3		295066901
35497190	16253106	29	102	3	3		378200768	116	2176	208	3		308843989
35497190	14579493	29	102	3	3		292114167	116	2176	208	3		301464596
35497190	49650310	29	102	3	3		314268830	116	2176	208	3		301639485
35497190	7770986	29	102	3	3		280544515	116	2176	208	3		329723772
35497190	17791429	29	102	3	3		326112495	116	2176	208	3		308288692
35497190	7461171	29	102	3	3		306185558	116	2176	208	3		318280171
35497190	6677293	29	102	3	3		293598485	116	2176	208	3		320353632
35497190	21057006	29	102	3	3		304615882	116	2176	208	3		315978597
35497190	18021634	29	102	3	3		337944051	116	2176	208	3		361617277
35497190	13955186	29	102	3	3		310475784	116	2176	208	3		308023305
35497190	16210652	29	102	3	3		305510558	116	2176	208	3		511788769
35497190	14579476	29	102	3	3		302703551	116	2176	208	3		318890510
35497190	7459221	29	102	3	3		299018143	116	2176	208	3		317469448
35497190	18754874	29	102	3	3		320145948	116	2176	208	3		320491278
35497190	9001623	29	102	3	3		301998952	116	2176	208	3		324431329
35497190	15178444	29	102	3	3		309123699	116	2176	208	3		321460815
9001623	19514897	29	102	3	3		328516551	116	2176	208	3		294743829
9001623	16250137	29	102	3	3		313266949	116	2176	208	3		299114679
9001623	18130267	29	102	3	3		282169522	116	2176	208	3		295478718
9001623	18752428	29	102	3	3		303913725	116	2176	208	3		309956851
9001623	18752426	29	102	3	3		297119197	116	2176	208	3		293397487
9001623	18130598	29	102	3	3		287061715	116	2176	208	3		292266623
9001623	14579088	29	102	3	3		299407746	116	2176	208	3		288447874
9001623	18464147	29	102	3	3		272252068	116	2176	208	3		291993531
9001623	41522043	29	102	3	3		299146673	116	2176	208	3		303799158
9001623	14579494	29	102	3	3		279505594	116	2176	208	3		297004616
9001623	15197179	29	102	3	3		294261732	116	2176	208	3		299343879
9001623	16272469	29	102	3	3		315108164	116	2176	208	3		314851798
9001623	16211076	29	102	3	3		281488676	116	2176	208	3		296722006
9001623	16253106	29	102	3	3		272236024	116	2176	208	3		319335141
9001623	14579493	29	102	3	3		285363613	116	2176	208	3		307613903
9001623	49650310	29	102	3	3		298543578	116	2176	208	3		314603144
9001623	7770986	29	102	3	3		287054583	116	2176	208	3		288773862
9001623	17791429	29	102	3	3		313912183	116	2176	208	3		304927872
9001623	7461171	29	102	3	3		311271348	116	2176	208	3		291334527
9001623	6677293	29	102	3	3		279151435	116	2176	208	3		285705392
9001623	21057006	29	102	3	3		306310374	116	2176	208	3		289674412
9001623	18021634	29	102	3	3		301005231	116	2176	208	3		286377300
9001623	13955186	29	102	3	3		295475518	116	2176	208	3		308585162
9001623	16210652	29	102	3	3		305849370	116	2176	208	3		317938967
9001623	14579476	29	102	3	3		475386022	116	2176	208	3		541840342
9001623	7459221	29	102	3	3		275972737	116	2176	208	3		471524471
9001623	18754874	29	102	3	3		292963187	116	2176	208	3		313494192
9001623	35497190	29	102	3	3		303216167	116	2176	208	3		309508987
9001623	15178444	29	102	3	3		323395691	116	2176	208	3		315698938
15178444	19514897	29	102	3	3		310015290	116	2176	208	3		306218810
15178444	16250137	29	102	3	3		293289786	116	2176	208	3		293568404
15178444	18130267	29	102	3	3		306626720	116	2176	208	3		306577235
15178444	18752428	29	102	3	3		302869120	116	2176	208	3		313984453
15178444	18752426	29	102	3	3		326934091	116	2176	208	3		344650107
15178444	18130598	29	102	3	3		285668684	116	2176	208	3		300299373
15178444	14579088	29	102	3	3		282895481	116	2176	208	3		296714708
15178444	18464147	29	102	3	3		309611679	116	2176	208	3		305989789
15178444	41522043	29	102	3	3		336882778	116	2176	208	3		307436559
15178444	14579494	29	102	3	3		292736997	116	2176	208	3		307953733
15178444	15197179	29	102	3	3		298981569	116	2176	208	3		308441205
15178444	16272469	29	102	3	3		283948186	116	2176	208	3		319530219
15178444	16211076	29	102	3	3		299470835	116	2176	208	3		304844399
15178444	16253106	29	102	3	3		287764216	116	2176	208	3		294222067
15178444	14579493	29	102	3	3		276751572	116	2176	208	3		324991974
15178444	49650310	29	102	3	3		295624599	116	2176	208	3		287724332
15178444	7770986	29	102	3	3		288130958	116	2176	208	3		308596398
15178444	17791429	29	102	3	3		303192250	116	2176	208	3		289259344
15178444	7461171	29	102	3	3		300919810	116	2176	208	3		289078670
15178444	6677293	29	102	3	3		287126862	116	2176	208	3		317079832
15178444	21057006	29	102	3	3		295812193	116	2176	208	3		306872080
15178444	18021634	29	102	3	3		289234810	116	2176	208	3		322191076
15178444	13955186	29	102	3	3		300637900	116	2176	208	3		287174767
15178444	16210652	29	102	3	3		290082597	116	2176	208	3		331755811
15178444	14579476	29	102	3	3		313968388	116	2176	208	3		305514045
15178444	7459221	29	102	3	3		293508762	116	2176	208	3		320788488
15178444	18754874	29	102	3	3		316613480	116	2176	208	3		298070511
15178444	35497190	29	102	3	3		305288347	116	2176	208	3		314508445
15178444	9001623	29	102	3	3		298984001	116	2176	208	3		300340714
