NEW
19514897
34
16272469
294
19514888
355
18464147
415
15197179
479
12998942
483
18021634
499
18130742
526
18130598
533
13955186
572
21056991
585
15175195
612
14579494
700
7459221
709
6677293
747
21057006
750
41522043
777
16250137
854
18754874
885
16210652
921
18295122
986
14579476
1008
9001819
1042
21057002
1068
9001623
1173
15178444
1297
18678374
1317
35497190
1522
7810038
2168
14581567
2274
7787802
3059
14018640
3422
24529322
3813
7478255
4867
18022059
4971
NEW
16250137
40
21056991
88
14579493
144
14579494
161
41522043
238
17791429
241
7461171
257
18752426
265
21057006
292
6677293
295
16253106
321
7770986
390
14579088
411
18021634
422
18130742
449
14579476
469
49650310
486
13303993
575
19514888
677
13955186
686
21057029
696
15197179
698
21057015
715
15175195
726
18678374
778
12998942
805
16210652
844
18295122
911
35497190
983
21057002
991
18754874
999
9001819
1156
15178444
1220
9001623
1287
14581567
1337
7810038
2091
7787802
3173
14018640
3536
7478255
3576
18022059
3680
24529322
3927
NEW
18130267
34
16253106
92
7770986
161
18021634
193
18130742
220
49650310
257
19514888
448
13955186
457
21057029
467
15197179
469
21057015
486
15175195
497
21056991
510
12998942
576
14579493
608
16210652
615
17791429
705
7461171
721
21057006
756
6677293
759
21057002
762
18754874
770
9001819
927
14579476
933
15178444
991
9001623
1058
18678374
1242
35497190
1447
7810038
1862
14581567
1968
7787802
2944
14018640
3307
24529322
3698
7478255
4561
18022059
4665
NEW
18752428
35
18130267
1
16253106
93
7770986
162
18021634
194
18130742
221
49650310
258
19514888
449
13955186
458
21057029
468
15197179
470
21057015
487
15175195
498
21056991
511
12998942
577
14579493
609
16210652
616
17791429
706
7461171
722
21057006
757
6677293
760
21057002
763
18754874
771
9001819
928
14579476
934
15178444
992
9001623
1059
18678374
1243
35497190
1448
7810038
1863
14581567
1969
7787802
2945
14018640
3308
24529322
3699
7478255
4562
18022059
4666
NEW
18752426
37
16253106
57
7770986
126
18021634
158
18130742
185
18130598
192
18464147
212
49650310
222
19514888
413
13955186
422
21057029
432
15197179
434
21057015
451
15175195
462
19514897
465
21056991
475
12998942
541
14579493
573
16210652
580
17791429
670
7461171
686
21057006
721
6677293
724
21057002
727
18754874
735
9001819
892
14579476
898
15178444
956
9001623
1023
18678374
1207
35497190
1412
7810038
1827
14581567
1933
7787802
2909
14018640
3272
24529322
3663
7478255
4526
18022059
4630
NEW
18130598
28
18021634
220
18130742
247
19514888
475
13955186
484
21057029
494
15197179
496
21057015
513
15175195
524
21056991
537
12998942
603
16210652
642
21057006
783
6677293
786
21057002
789
18754874
797
9001819
954
14579476
960
15178444
1018
9001623
1085
18678374
1269
35497190
1474
7810038
1889
14581567
1995
7787802
2971
14018640
3334
24529322
3725
7478255
4588
18022059
4692
NEW
14579088
37
18130742
663
18021634
676
16210652
679
18464147
730
49650310
740
16253106
803
7770986
872
19514888
931
13955186
940
21057029
950
15197179
952
21057015
969
15175195
980
19514897
983
21056991
993
12998942
1059
7459221
1077
14579493
1091
17791429
1188
7461171
1204
21057006
1239
6677293
1242
18754874
1253
15178444
1359
9001819
1410
14579476
1416
21057002
1473
9001623
1541
18678374
1725
35497190
1930
7810038
2029
14581567
2160
7787802
3427
14018640
3790
24529322
4181
7478255
4753
18022059
4857
NEW
18464147
41
16253106
91
16272469
137
7770986
160
18021634
192
19514888
198
18130742
219
18130598
226
21057029
238
15197179
240
19514897
250
49650310
256
21057015
257
21056991
281
13955186
307
12998942
338
15175195
347
14579493
379
14579494
396
7459221
444
41522043
473
17791429
476
7461171
492
21057006
527
6677293
530
16250137
550
16210652
614
18754874
620
14579476
704
21057002
761
9001819
777
9001623
908
15178444
990
18678374
1013
35497190
1218
7810038
1861
14581567
1967
7787802
2794
14018640
3157
24529322
3548
7478255
4560
18022059
4664
NEW
41522043
36
21057006
54
6677293
57
16250137
97
17791429
99
14579493
150
14579494
167
21056991
192
7461171
199
13303993
337
14579476
411
16253106
425
12998942
485
7770986
494
18021634
526
18130742
553
15197179
583
19514897
589
49650310
590
18295122
673
18678374
720
13955186
790
15175195
830
35497190
925
16210652
948
21057002
1095
18754874
1103
9001819
1260
14581567
1279
15178444
1324
9001623
1391
7810038
2195
7787802
3277
7478255
3518
18022059
3622
14018640
3640
24529322
4031
NEW
14579494
41
14579088
250
14579476
350
18678374
659
14579493
699
41522043
729
17791429
732
7461171
748
18130742
781
21057006
783
6677293
786
18021634
794
16210652
797
16250137
806
18464147
848
49650310
858
16253106
921
7770986
990
35497190
1032
19514888
1049
13955186
1058
21057029
1068
15197179
1070
21057015
1087
15175195
1098
19514897
1101
21056991
1111
12998942
1177
7459221
1195
14581567
1210
18754874
1371
15178444
1477
18295122
1479
9001819
1528
21057002
1591
9001623
1659
7810038
2147
7478255
3457
7787802
3545
18022059
3561
14018640
3908
24529322
4299
NEW
15197179
37
21057029
2
21057015
17
12998942
98
19514897
100
21056991
117
16272469
201
14579493
215
14579494
232
16253106
305
41522043
309
17791429
312
18464147
322
7461171
328
21057006
363
6677293
366
7770986
374
16250137
386
18021634
406
18130598
440
49650310
470
13955186
479
14579476
540
7459221
616
16210652
828
18678374
849
9001819
949
18754874
1016
35497190
1054
9001623
1080
15178444
1204
14581567
1408
7810038
2075
7787802
2966
14018640
3329
7478255
3647
24529322
3720
18022059
3751
NEW
16272469
39
19514888
77
16253106
104
19514897
129
18464147
137
7770986
173
15197179
201
18021634
205
12998942
205
18130742
232
18130598
239
49650310
269
13955186
294
21056991
294
15175195
334
14579493
392
14579494
409
7459221
431
6677293
469
21057006
472
41522043
486
17791429
489
7461171
505
16250137
563
18754874
607
16210652
627
14579476
717
9001819
764
21057002
774
9001623
895
15178444
1003
18678374
1026
35497190
1231
7810038
1874
14581567
1980
7787802
2781
14018640
3144
24529322
3535
7478255
4573
18022059
4677
NEW
16211076
35
18130598
8
16253106
127
7770986
196
18021634
228
18130742
255
49650310
292
19514888
483
13955186
492
21057029
502
15197179
504
21057015
521
15175195
532
21056991
545
12998942
611
14579493
643
16210652
650
17791429
740
7461171
756
21057006
791
6677293
794
21057002
797
18754874
805
9001819
962
14579476
968
15178444
1026
9001623
1093
18678374
1277
35497190
1482
7810038
1897
14581567
2003
7787802
2979
14018640
3342
24529322
3733
7478255
4596
18022059
4700
NEW
16253106
37
7770986
69
16211076
127
18130742
128
18130598
135
21057029
275
15197179
277
21057015
294
21056991
318
18021634
355
12998942
375
19514897
377
14579493
416
14579494
433
41522043
510
17791429
513
16210652
523
7461171
529
21057006
564
6677293
567
16250137
587
13955186
619
15175195
659
21057002
670
14579476
741
15178444
899
18754874
932
18678374
1050
9001819
1089
9001623
1220
35497190
1255
7810038
1873
14581567
1876
7787802
3106
14018640
3469
24529322
3860
7478255
4469
18022059
4573
NEW
14579493
36
14579494
17
14579476
367
18678374
676
17791429
749
7461171
765
18130742
798
21057006
800
6677293
803
18021634
811
16210652
814
49650310
875
16253106
938
7770986
1007
35497190
1049
19514888
1066
13955186
1075
21057029
1085
15197179
1087
21057015
1104
15175195
1115
21056991
1128
12998942
1194
7459221
1212
14581567
1227
18754874
1388
15178444
1494
18295122
1496
9001819
1545
21057002
1608
9001623
1676
7810038
2164
7478255
3474
7787802
3562
18022059
3578
14018640
3925
24529322
4316
NEW
49650310
35
16272469
129
18464147
142
19514888
190
13955186
199
16253106
233
15175195
239
19514897
242
7770986
302
15197179
314
12998942
318
18021634
334
7459221
336
18130742
361
21056991
420
18754874
512
14579494
535
6677293
582
21057006
585
41522043
612
9001819
669
16250137
689
16210652
756
9001623
800
14579476
843
21057002
903
15178444
1132
18678374
1152
35497190
1357
7810038
1831
14581567
2109
7787802
2686
14018640
3049
24529322
3440
7478255
4702
18022059
4806
NEW
7770986
38
18130742
59
18021634
451
16210652
454
18464147
505
49650310
515
16253106
578
16272469
645
16211076
705
19514888
706
13955186
715
21057029
725
15197179
727
21057015
744
15175195
755
19514897
758
21056991
768
12998942
834
7459221
852
14579493
866
17791429
963
7461171
979
21057006
1014
6677293
1017
18754874
1028
15178444
1134
9001819
1185
14579476
1191
21057002
1248
9001623
1316
18678374
1500
35497190
1705
7810038
1804
14581567
1935
7787802
3202
14018640
3565
24529322
3956
7478255
4528
18022059
4632
NEW
17791429
33
21057006
110
6677293
113
41522043
154
16250137
251
14579493
304
21056991
346
7461171
353
13303993
393
12998942
541
14579476
565
16253106
579
15197179
639
19514897
645
7770986
648
18021634
680
18130742
707
18295122
729
49650310
744
16272469
746
18678374
874
16210652
1102
18754874
1198
21057002
1249
14581567
1433
15178444
1478
9001819
1494
35497190
2216
7810038
2349
7787802
3511
14018640
3874
7478255
4132
24529322
4265
18022059
4524
NEW
7461171
41
14579088
268
14579476
368
18678374
677
14579493
717
14579494
734
41522043
747
17791429
750
18130742
799
21057006
801
6677293
804
18021634
812
16210652
815
16250137
824
18464147
866
49650310
876
16253106
939
7770986
1008
35497190
1050
19514888
1067
13955186
1076
21057029
1086
15197179
1088
21057015
1105
15175195
1116
19514897
1119
21056991
1129
12998942
1195
7459221
1213
14581567
1228
18754874
1389
15178444
1495
18295122
1497
9001819
1546
21057002
1609
9001623
1677
7810038
2165
7478255
3475
7787802
3563
18022059
3579
14018640
3926
24529322
4317
NEW
6677293
32
21057006
3
41522043
57
17791429
113
16250137
154
14579493
207
21056991
249
7461171
256
13303993
280
12998942
428
14579476
468
16253106
482
15197179
526
19514897
532
7770986
551
16211076
609
18130742
610
18295122
616
16272469
633
49650310
647
18678374
777
15175195
887
18754874
1085
21057002
1152
9001819
1317
14581567
1336
15178444
1381
7810038
2252
7787802
3334
7478255
3575
18022059
3679
14018640
3697
24529322
4088
NEW
21057006
36
6677293
3
41522043
54
17791429
110
16250137
151
14579493
204
21056991
246
7461171
253
13303993
283
12998942
431
14579476
465
16253106
479
15197179
529
19514897
535
7770986
548
18021634
580
18130742
607
18295122
619
16272469
636
49650310
644
18678374
774
13955186
844
15175195
884
35497190
979
16210652
1002
18754874
1088
21057002
1149
9001819
1314
14581567
1333
15178444
1378
9001623
1445
7810038
2249
7787802
3331
7478255
3572
18022059
3676
14018640
3694
24529322
4085
NEW
18021634
33
7459221
390
18464147
540
49650310
550
16253106
613
7770986
682
19514888
741
18130742
741
13955186
750
21057029
760
15197179
762
21057015
779
15175195
790
19514897
793
21056991
803
16210652
843
9001819
855
12998942
869
14579493
901
17791429
998
7461171
1014
6677293
1052
18754874
1063
14579476
1226
21057002
1283
15178444
1512
18678374
1535
7810038
1669
14581567
2298
7787802
3039
14018640
3100
24529322
3478
7478255
4891
18022059
4995
NEW
13955186
36
18464147
124
49650310
134
16253106
197
7770986
266
18021634
298
19514888
325
18130742
325
21057029
344
15197179
346
21057015
363
15175195
374
19514897
377
21056991
387
12998942
453
7459221
471
14579493
485
17791429
582
7461171
598
21057006
633
6677293
636
18754874
647
16210652
720
9001819
804
14579476
810
21057002
867
9001623
935
15178444
1096
18678374
1119
35497190
1324
7810038
1967
14581567
2073
7787802
2821
14018640
3184
24529322
3575
7478255
4666
18022059
4770
NEW
16210652
32
7459221
305
18464147
455
49650310
465
16253106
528
7770986
597
19514888
656
18130742
656
13955186
665
21057029
675
15197179
677
21057015
694
15175195
705
19514897
708
21056991
718
9001819
770
12998942
784
14579493
816
17791429
913
7461171
929
6677293
967
18754874
978
14579476
1141
21057002
1198
15178444
1427
18678374
1450
7810038
1584
14581567
2213
7787802
2954
14018640
3015
24529322
3393
7478255
4806
18022059
4910
NEW
14579476
40
18678374
308
14579493
381
14579494
398
41522043
411
17791429
414
21056991
423
14579088
427
7461171
430
21057006
465
6677293
468
16250137
488
16253106
656
35497190
681
7770986
725
13303993
748
18021634
757
18130742
784
49650310
821
16210652
974
19514888
1012
13955186
1021
21057029
1031
15197179
1033
21057015
1050
15175195
1061
18295122
1130
14581567
1131
12998942
1140
7459221
1147
21057002
1326
18754874
1334
9001819
1491
15178444
1555
9001623
1622
7810038
2426
7478255
3106
18022059
3210
7787802
3508
14018640
3871
24529322
4262
NEW
7459221
32
9001819
462
18464147
467
49650310
477
16253106
540
7770986
609
19514888
668
18130742
668
13955186
677
21057029
687
15197179
689
21057015
706
15175195
717
19514897
720
21056991
730
12998942
796
16210652
798
14579493
828
17791429
925
7461171
941
6677293
979
18754874
990
14579476
1153
21057002
1210
15178444
1439
18678374
1462
7810038
1492
7787802
2862
14018640
2923
14581567
3154
24529322
3301
7478255
5747
18022059
5851
NEW
18754874
37
13303993
378
16272469
473
12998942
478
15175195
529
19514888
534
15197179
576
19514897
582
6677293
583
21057006
586
18464147
594
41522043
640
18021634
678
17791429
696
18130742
705
18130598
712
18295122
729
16250137
737
13955186
751
14579493
791
14579494
808
9001623
824
7459221
888
7461171
904
9001819
912
16210652
1100
14579476
1116
21057002
1247
18678374
1425
15178444
1476
35497190
1630
14581567
2453
7787802
2710
7810038
2829
14018640
3073
24529322
3464
7478255
4694
18022059
5086
NEW
35497190
38
18678374
804
14579476
987
14579493
1014
14579494
1031
41522043
1044
17791429
1047
21056991
1056
7461171
1063
21057006
1098
6677293
1101
16250137
1121
18295122
1137
14581567
1173
16253106
1289
7770986
1358
13303993
1381
18021634
1390
18130742
1417
49650310
1454
19514888
1645
13955186
1654
21057029
1664
15197179
1666
21057015
1683
15175195
1694
12998942
1773
16210652
1812
21057002
1959
9001819
2124
15178444
2188
9001623
2255
18754874
2766
7810038
3059
7478255
3084
18022059
3188
7787802
4453
14018640
4816
24529322
5207
NEW
9001623
32
15175195
370
18754874
421
16272469
703
18464147
718
9001819
753
16253106
809
19514897
816
13955186
875
7770986
878
15197179
888
18021634
910
18130742
937
49650310
993
7459221
1012
14579494
1109
6677293
1156
21057006
1159
41522043
1186
16250137
1263
16210652
1332
14579476
1417
21057002
1479
15178444
1708
18678374
1726
35497190
1931
7787802
2335
7810038
2454
14018640
2698
24529322
3089
14581567
4116
7478255
4707
18022059
5099
NEW
15178444
41
14579088
464
14579476
486
18678374
711
14579493
868
14579494
885
41522043
898
17791429
901
21056991
910
7461171
917
21057006
952
6677293
955
16250137
975
18130742
995
18021634
1008
16210652
1011
18464147
1062
49650310
1072
35497190
1083
16253106
1135
7770986
1204
19514888
1263
13955186
1272
21057029
1282
15197179
1284
21057015
1301
15175195
1312
19514897
1315
12998942
1391
7459221
1409
18295122
1530
14581567
1557
18754874
1585
9001819
1742
7810038
1764
21057002
1805
9001623
1873
7787802
3759
14018640
4122
7478255
4150
18022059
4254
24529322
4513
NEW
21057029
38
15197179
2
21057015
19
12998942
100
19514897
102
21056991
115
19514888
138
16272469
203
14579493
213
14579494
230
13303993
248
41522043
307
17791429
310
18464147
324
7461171
326
21057006
361
6677293
364
16250137
384
18021634
408
18130742
435
18130598
442
13955186
481
14579476
538
7459221
618
16210652
830
18678374
847
9001819
951
21057002
977
18754874
1018
35497190
1052
9001623
1082
15178444
1206
14581567
1406
7810038
2077
7787802
2968
14018640
3331
7478255
3645
24529322
3722
18022059
3749
NEW
21057015
38
15197179
17
21057029
19
12998942
81
19514897
83
19514888
119
21056991
134
16272469
184
13303993
229
14579493
232
14579494
249
18464147
305
41522043
326
17791429
329
7461171
345
21057006
380
6677293
383
18021634
389
16250137
403
18130742
416
18130598
423
13955186
462
14579476
557
7459221
599
16210652
811
18678374
866
9001819
932
21057002
958
18754874
999
9001623
1063
35497190
1071
15178444
1187
14581567
1425
7810038
2058
7787802
2949
14018640
3312
7478255
3664
24529322
3703
18022059
3768
NEW
19514888
37
21057029
187
15197179
189
21057015
206
21056991
230
12998942
287
19514897
289
14579493
328
14579494
345
16272469
390
41522043
422
17791429
425
7461171
441
21057006
476
6677293
479
16250137
499
18464147
511
18021634
595
18130742
622
18130598
629
14579476
653
13955186
668
7459221
805
18678374
962
16210652
1017
9001819
1138
21057002
1164
35497190
1167
18754874
1205
9001623
1269
15178444
1393
14581567
1521
7810038
2264
7787802
3155
14018640
3518
7478255
3760
18022059
3864
24529322
3909
NEW
21056991
38
14579493
98
14579494
115
41522043
192
17791429
195
7461171
211
16253106
233
21057006
246
6677293
249
16250137
269
7770986
302
18021634
334
18130742
361
49650310
398
14579476
423
13303993
529
19514888
589
13955186
598
21057029
608
15197179
610
21057015
627
15175195
638
12998942
717
18678374
732
16210652
756
18295122
865
21057002
903
18754874
911
35497190
937
9001819
1068
15178444
1132
9001623
1199
7810038
2003
14581567
2109
7787802
3085
14018640
3448
7478255
3530
18022059
3634
24529322
3839
NEW
12998942
40
21057015
81
15197179
98
21057029
100
19514897
104
19514888
140
13303993
148
16272469
205
21056991
215
6677293
310
14579493
313
21057006
313
18464147
326
14579494
330
41522043
407
17791429
410
18021634
410
7461171
426
18130742
437
18130598
444
13955186
483
16250137
484
15175195
523
7459221
620
14579476
638
18295122
703
16210652
832
18754874
918
18678374
947
9001819
953
21057002
979
9001623
1084
35497190
1152
15178444
1208
7810038
2079
14581567
2185
7787802
2970
14018640
3333
24529322
3724
7478255
3745
18022059
3849
NEW
18130742
37
18021634
392
16210652
395
18464147
446
49650310
456
16253106
519
7770986
588
19514888
647
13955186
656
21057029
666
15197179
668
21057015
685
15175195
696
19514897
699
21056991
709
12998942
775
7459221
793
14579493
807
17791429
904
7461171
920
13303993
923
21057006
955
6677293
958
18754874
969
15178444
1075
9001819
1126
14579476
1132
21057002
1189
9001623
1257
18678374
1441
35497190
1646
7810038
1745
14581567
1876
7787802
3143
14018640
3506
24529322
3897
7478255
4469
18022059
4573
NEW
13303993
39
12998942
148
21057015
229
15197179
246
21057029
248
19514897
252
19514888
288
16272469
353
21056991
363
6677293
458
14579493
461
21057006
461
18464147
474
14579494
478
41522043
555
18295122
555
17791429
558
18021634
558
7461171
574
18130742
585
18130598
592
13955186
631
16250137
632
7459221
768
18754874
770
14579476
786
16210652
980
18678374
1095
9001819
1101
21057002
1127
9001623
1232
35497190
1300
15178444
1356
7810038
2227
14581567
2333
7787802
3118
14018640
3481
24529322
3872
7478255
3893
18022059
3997
NEW
15175195
36
18754874
273
16272469
333
18464147
348
19514888
394
16253106
439
19514897
446
13955186
505
7770986
508
15197179
518
12998942
522
18021634
540
9001623
561
18130742
567
49650310
623
21056991
624
7459221
642
9001819
649
14579494
739
6677293
786
21057006
789
41522043
816
18295122
824
16250137
893
16210652
962
14579476
1047
21057002
1109
15178444
1338
18678374
1356
35497190
1561
14581567
2315
7787802
2447
7810038
2566
14018640
2810
24529322
3201
7478255
4908
18022059
5012
NEW
18295122
38
14579493
601
14579494
618
41522043
631
17791429
634
21056991
643
7461171
650
21057006
685
6677293
688
14579476
698
16250137
708
16253106
876
7770986
945
13303993
968
18021634
977
18130742
1004
18678374
1007
49650310
1041
19514888
1232
13955186
1241
21057029
1251
15197179
1253
21057015
1270
15175195
1281
12998942
1360
16210652
1399
21057002
1546
18754874
1554
9001819
1711
15178444
1775
9001623
1842
35497190
2181
7810038
2646
14581567
2752
7787802
3728
14018640
4091
7478255
4097
24529322
4482
18022059
4489
NEW
21057002
38
15178444
279
18678374
705
14579088
743
14579476
765
18130742
1037
18021634
1050
16210652
1053
18464147
1104
49650310
1114
16253106
1177
7770986
1246
14581567
1256
19514888
1305
13955186
1314
21057029
1324
15197179
1326
21057015
1343
15175195
1354
19514897
1357
21056991
1367
12998942
1433
7459221
1451
7810038
1463
14579493
1465
17791429
1562
7461171
1578
13303993
1581
21057006
1613
6677293
1616
18754874
1627
9001819
1784
9001623
1915
35497190
3020
7478255
3849
18022059
3953
7787802
4698
14018640
4759
24529322
5137
NEW
9001819
29
15175195
786
18754874
837
9001623
865
13955186
975
7459221
1019
18464147
1074
49650310
1093
19514888
1122
19514897
1174
12998942
1250
18021634
1266
18130742
1293
21056991
1352
14579494
1467
21057006
1517
41522043
1544
16250137
1621
14579476
1775
21057002
1835
7787802
2017
18678374
2084
7810038
2136
14018640
2380
24529322
2771
15178444
3506
14581567
3798
35497190
3895
7478255
6391
18022059
6495
NEW
18678374
39
14579476
383
35497190
664
14579493
765
14579494
782
41522043
795
17791429
798
21056991
807
14579088
811
7461171
814
21057006
849
6677293
852
14581567
865
16250137
872
16253106
1040
7770986
1109
13303993
1132
18021634
1141
18130742
1168
49650310
1205
16210652
1358
19514888
1396
13955186
1405
21057029
1415
15197179
1417
21057015
1434
15175195
1445
18295122
1519
12998942
1524
15178444
1566
21057002
1710
18754874
1718
9001819
1875
9001623
2006
7478255
2863
18022059
2967
7810038
3376
7787802
4496
14018640
4859
24529322
5250
NEW
14581567
41
18678374
740
15178444
845
14579476
923
14579088
1309
7810038
1535
18130742
1717
18021634
1730
16210652
1733
18464147
1784
49650310
1794
35497190
1808
16253106
1857
7770986
1926
19514888
1985
13955186
1994
21057029
2004
15197179
2006
21057015
2023
15175195
2034
19514897
2037
21056991
2047
12998942
2113
7459221
2131
18754874
2307
9001819
2464
21057002
2527
9001623
2595
7478255
2637
18295122
2663
14579493
2702
14579494
2719
41522043
2732
17791429
2735
18022059
2741
7461171
2751
21057006
2786
6677293
2789
16250137
2809
7787802
4770
14018640
4831
24529322
5209
NEW
7787802
31
9001819
1674
13955186
1859
7459221
1937
18464147
1958
24529322
1961
19514888
2006
15175195
2055
19514897
2058
18754874
2070
49650310
2097
12998942
2134
16253106
2160
7770986
2229
7810038
2287
18130742
2288
21056991
2350
21057006
2401
16210652
2418
14018640
2421
14579493
2448
17791429
2545
7461171
2561
9001623
2616
14579476
2773
21057002
2830
18678374
3082
15178444
3657
14581567
3949
35497190
4408
7478255
6542
18022059
6646
NEW
7810038
36
15178444
2469
18130742
2514
18021634
2527
16210652
2530
18464147
2581
49650310
2591
16253106
2654
7459221
2670
7770986
2723
14581567
2761
19514888
2782
13955186
2791
21057029
2801
15197179
2803
21057015
2820
15175195
2831
19514897
2834
9001819
2841
21056991
2844
18678374
2853
12998942
2910
14579493
2942
17791429
3039
7461171
3055
21057006
3090
6677293
3093
18754874
3104
14579476
3267
21057002
3324
9001623
3392
7787802
4334
14018640
4395
35497190
4525
24529322
4773
7478255
5354
18022059
5458
NEW
7478255
39
18022059
1334
35497190
3165
18678374
3275
14581567
3411
14579476
3458
15178444
3811
18295122
4020
14579493
4059
14579494
4076
41522043
4089
17791429
4092
21056991
4101
7461171
4108
21057006
4143
6677293
4146
16250137
4166
7810038
4881
13303993
4992
18130742
5063
18021634
5076
16210652
5079
18464147
5130
49650310
5140
16253106
5203
7770986
5272
18754874
5310
19514888
5331
13955186
5340
21057029
5350
15197179
5352
21057015
5369
15175195
5380
19514897
5383
12998942
5459
7459221
5477
9001819
5810
21057002
5873
9001623
5941
7787802
8116
NEW
18022059
39
7478255
2103
35497190
2841
18678374
2951
14581567
3087
14579476
3134
15178444
3487
18295122
3696
14579493
3735
14579494
3752
41522043
3765
17791429
3768
21056991
3777
7461171
3784
21057006
3819
6677293
3822
16250137
3842
7810038
4557
13303993
4668
18130742
4739
18021634
4752
16210652
4755
18464147
4806
49650310
4816
16253106
4879
7770986
4948
18754874
4986
19514888
5007
13955186
5016
21057029
5026
15197179
5028
21057015
5045
15175195
5056
19514897
5059
12998942
5135
7459221
5153
9001819
5486
21057002
5549
9001623
5617
7787802
7792
NEW
14018640
29
7787802
1668
24529322
2371
9001819
3288
13955186
3473
7459221
3551
18464147
3572
19514888
3620
15175195
3669
19514897
3672
18754874
3684
49650310
3711
12998942
3748
16253106
3774
7770986
3843
7810038
3901
18130742
3902
21056991
3964
21057006
4015
16210652
4032
14579493
4062
17791429
4159
7461171
4175
9001623
4230
14579476
4387
21057002
4444
18678374
4696
15178444
5271
14581567
5563
35497190
6022
NEW
24529322
29
7787802
2088
9001819
3708
13955186
3893
7459221
3971
18464147
3992
19514888
4040
15175195
4089
19514897
4092
18754874
4104
49650310
4131
12998942
4168
16253106
4194
7770986
4263
7810038
4321
18130742
4322
21056991
4384
21057006
4435
16210652
4452
14018640
4455
14579493
4482
17791429
4579
7461171
4595
9001623
4650
14579476
4807
21057002
4864
18678374
5116
15178444
5691
14581567
5983
35497190
6442
NEW
6590008
29
7787802
2344
9001819
3964
13955186
4149
7459221
4227
18464147
4248
19514888
4296
15175195
4345
19514897
4348
18754874
4360
49650310
4387
12998942
4424
16253106
4450
7770986
4519
7810038
4577
18130742
4578
21056991
4640
21057006
4691
16210652
4708
14018640
4711
14579493
4738
17791429
4835
7461171
4851
9001623
4906
14579476
5063
21057002
5120
18678374
5372
15178444
5947
14581567
6239
35497190
6698
