14579494	877	9.88096446048012E-4	4
14579476	1227	0.00620511321689666	0
14579494	877	9.88096446048012E-4	3
14579476	1227	0.00620511321689666	116
14579494	877	9.88096446048012E-4	117
14579476	1227	0.00620511321689666	118
14579494	877	9.88096446048012E-4	119
14579476	1227	0.00620511321689666	120
21057006	1003	0.05332274480472812	6
6677293	1006	0.041227964203713476	5
41522043	1047	0.05794136170832824	121
16250137	1144	0.04314794976549548	122
14579476	1458	0.05612425278653521	123
15197179	1532	0.06687895531813785	124
18754874	2091	0.028134351952962378	125
21057006	1003	0.05332274480472812	126
6677293	1006	0.041227964203713476	127
41522043	1047	0.05794136170832824	128
16250137	1144	0.04314794976549548	129
14579476	1458	0.05612425278653521	130
15197179	1532	0.06687895531813785	131
18754874	2091	0.028134351952962378	132
21057006	1003	0.05332274480472812	133
6677293	1006	0.041227964203713476	134
41522043	1047	0.05794136170832824	135
16250137	1144	0.04314794976549548	136
14579476	1458	0.05612425278653521	137
15197179	1532	0.06687895531813785	138
18754874	2091	0.028134351952962378	139
21057006	1003	0.05332274480472812	140
6677293	1006	0.041227964203713476	141
41522043	1047	0.05794136170832824	142
16250137	1144	0.04314794976549548	143
14579476	1458	0.05612425278653521	144
15197179	1532	0.06687895531813785	145
18754874	2091	0.028134351952962378	146
16272469	1148	0.04935460762284523	11
18464147	1161	0.010438578114712231	7
13955186	1218	0.06420972402137703	8
15197179	1333	0.06251407517474235	9
7459221	1355	0.008876010674245694	10
18754874	1531	0.026298152903461356	147
14579476	1862	0.05246128234410639	148
16272469	1148	0.04935460762284523	149
18464147	1161	0.010438578114712231	150
13955186	1218	0.06420972402137703	151
15197179	1333	0.06251407517474235	152
7459221	1355	0.008876010674245694	153
18754874	1531	0.026298152903461356	154
14579476	1862	0.05246128234410639	155
16272469	1148	0.04935460762284523	156
18464147	1161	0.010438578114712231	157
13955186	1218	0.06420972402137703	158
15197179	1333	0.06251407517474235	159
7459221	1355	0.008876010674245694	160
18754874	1531	0.026298152903461356	161
14579476	1862	0.05246128234410639	162
16272469	1148	0.04935460762284523	163
18464147	1161	0.010438578114712231	164
13955186	1218	0.06420972402137703	165
15197179	1333	0.06251407517474235	166
7459221	1355	0.008876010674245694	167
18754874	1531	0.026298152903461356	168
14579476	1862	0.05246128234410639	169
19514897	1331	0.055146292384799706	13
16272469	1432	0.09601063609367223	12
14579493	1446	0.007394156161957476	170
14579494	1463	0.01625100309013234	171
16253106	1536	0.02111675499946824	172
41522043	1540	0.10535827976752314	173
17791429	1543	0.06687895531813785	174
18464147	1553	0.020306402440997278	175
7461171	1559	0.05197369596410579	176
21057006	1594	0.09695996951865356	177
6677293	1597	0.07496729898558681	178
7770986	1605	0.10010505428850452	179
16250137	1617	0.07845852476978782	180
18021634	1637	0.0829357299428635	181
49650310	1701	0.06251407517474235	182
14579476	1771	0.10205412079531842	183
18754874	2247	0.05115839249791246	184
35497190	2285	0.08912982240173913	185
19514897	1331	0.055146292384799706	186
16272469	1432	0.09601063609367223	187
14579493	1446	0.007394156161957476	188
14579494	1463	0.01625100309013234	189
16253106	1536	0.02111675499946824	190
41522043	1540	0.10535827976752314	191
17791429	1543	0.06687895531813785	192
18464147	1553	0.020306402440997278	193
7461171	1559	0.05197369596410579	194
21057006	1594	0.09695996951865356	195
6677293	1597	0.07496729898558681	196
7770986	1605	0.10010505428850452	197
16250137	1617	0.07845852476978782	198
18021634	1637	0.0829357299428635	199
49650310	1701	0.06251407517474235	200
14579476	1771	0.10205412079531842	201
18754874	2247	0.05115839249791246	202
35497190	2285	0.08912982240173913	203
19514897	1331	0.055146292384799706	204
16272469	1432	0.09601063609367223	205
14579493	1446	0.007394156161957476	206
14579494	1463	0.01625100309013234	207
16253106	1536	0.02111675499946824	208
41522043	1540	0.10535827976752314	209
17791429	1543	0.06687895531813785	210
18464147	1553	0.020306402440997278	211
7461171	1559	0.05197369596410579	212
21057006	1594	0.09695996951865356	213
6677293	1597	0.07496729898558681	214
7770986	1605	0.10010505428850452	215
16250137	1617	0.07845852476978782	216
18021634	1637	0.0829357299428635	217
49650310	1701	0.06251407517474235	218
14579476	1771	0.10205412079531842	219
18754874	2247	0.05115839249791246	220
35497190	2285	0.08912982240173913	221
19514897	1331	0.055146292384799706	222
16272469	1432	0.09601063609367223	223
14579493	1446	0.007394156161957476	224
14579494	1463	0.01625100309013234	225
16253106	1536	0.02111675499946824	226
41522043	1540	0.10535827976752314	227
17791429	1543	0.06687895531813785	228
18464147	1553	0.020306402440997278	229
7461171	1559	0.05197369596410579	230
21057006	1594	0.09695996951865356	231
6677293	1597	0.07496729898558681	232
7770986	1605	0.10010505428850452	233
16250137	1617	0.07845852476978782	234
18021634	1637	0.0829357299428635	235
49650310	1701	0.06251407517474235	236
14579476	1771	0.10205412079531842	237
18754874	2247	0.05115839249791246	238
35497190	2285	0.08912982240173913	239
14579494	877	9.88096446048012E-4	17
14579476	1227	0.00620511321689666	14
14579494	877	9.88096446048012E-4	15
14579476	1227	0.00620511321689666	16
14579494	877	9.88096446048012E-4	240
14579476	1227	0.00620511321689666	241
14579494	877	9.88096446048012E-4	242
14579476	1227	0.00620511321689666	243
21057006	1003	0.05332274480472812	19
6677293	1006	0.041227964203713476	18
41522043	1047	0.05794136170832824	244
16250137	1144	0.04314794976549548	245
14579476	1458	0.05612425278653521	246
15197179	1532	0.06687895531813785	247
18754874	2091	0.028134351952962378	248
21057006	1003	0.05332274480472812	249
6677293	1006	0.041227964203713476	250
41522043	1047	0.05794136170832824	251
16250137	1144	0.04314794976549548	252
14579476	1458	0.05612425278653521	253
15197179	1532	0.06687895531813785	254
18754874	2091	0.028134351952962378	255
21057006	1003	0.05332274480472812	256
6677293	1006	0.041227964203713476	257
41522043	1047	0.05794136170832824	258
16250137	1144	0.04314794976549548	259
14579476	1458	0.05612425278653521	260
15197179	1532	0.06687895531813785	261
18754874	2091	0.028134351952962378	262
21057006	1003	0.05332274480472812	263
6677293	1006	0.041227964203713476	264
41522043	1047	0.05794136170832824	265
16250137	1144	0.04314794976549548	266
14579476	1458	0.05612425278653521	267
15197179	1532	0.06687895531813785	268
18754874	2091	0.028134351952962378	269
16272469	1148	0.04935460762284523	24
18464147	1161	0.010438578114712231	20
13955186	1218	0.06420972402137703	21
15197179	1333	0.06251407517474235	22
7459221	1355	0.008876010674245694	23
18754874	1531	0.026298152903461356	270
14579476	1862	0.05246128234410639	271
16272469	1148	0.04935460762284523	272
18464147	1161	0.010438578114712231	273
13955186	1218	0.06420972402137703	274
15197179	1333	0.06251407517474235	275
7459221	1355	0.008876010674245694	276
18754874	1531	0.026298152903461356	277
14579476	1862	0.05246128234410639	278
16272469	1148	0.04935460762284523	279
18464147	1161	0.010438578114712231	280
13955186	1218	0.06420972402137703	281
15197179	1333	0.06251407517474235	282
7459221	1355	0.008876010674245694	283
18754874	1531	0.026298152903461356	284
14579476	1862	0.05246128234410639	285
16272469	1148	0.04935460762284523	286
18464147	1161	0.010438578114712231	287
13955186	1218	0.06420972402137703	288
15197179	1333	0.06251407517474235	289
7459221	1355	0.008876010674245694	290
18754874	1531	0.026298152903461356	291
14579476	1862	0.05246128234410639	292
19514897	1331	0.055146292384799706	26
16272469	1432	0.09601063609367223	25
14579493	1446	0.007394156161957476	293
14579494	1463	0.01625100309013234	294
16253106	1536	0.02111675499946824	295
41522043	1540	0.10535827976752314	296
17791429	1543	0.06687895531813785	297
18464147	1553	0.020306402440997278	298
7461171	1559	0.05197369596410579	299
21057006	1594	0.09695996951865356	300
6677293	1597	0.07496729898558681	301
7770986	1605	0.10010505428850452	302
16250137	1617	0.07845852476978782	303
18021634	1637	0.0829357299428635	304
49650310	1701	0.06251407517474235	305
14579476	1771	0.10205412079531842	306
18754874	2247	0.05115839249791246	307
35497190	2285	0.08912982240173913	308
19514897	1331	0.055146292384799706	309
16272469	1432	0.09601063609367223	310
14579493	1446	0.007394156161957476	311
14579494	1463	0.01625100309013234	312
16253106	1536	0.02111675499946824	313
41522043	1540	0.10535827976752314	314
17791429	1543	0.06687895531813785	315
18464147	1553	0.020306402440997278	316
7461171	1559	0.05197369596410579	317
21057006	1594	0.09695996951865356	318
6677293	1597	0.07496729898558681	319
7770986	1605	0.10010505428850452	320
16250137	1617	0.07845852476978782	321
18021634	1637	0.0829357299428635	322
49650310	1701	0.06251407517474235	323
14579476	1771	0.10205412079531842	324
18754874	2247	0.05115839249791246	325
35497190	2285	0.08912982240173913	326
19514897	1331	0.055146292384799706	327
16272469	1432	0.09601063609367223	328
14579493	1446	0.007394156161957476	329
14579494	1463	0.01625100309013234	330
16253106	1536	0.02111675499946824	331
41522043	1540	0.10535827976752314	332
17791429	1543	0.06687895531813785	333
18464147	1553	0.020306402440997278	334
7461171	1559	0.05197369596410579	335
21057006	1594	0.09695996951865356	336
6677293	1597	0.07496729898558681	337
7770986	1605	0.10010505428850452	338
16250137	1617	0.07845852476978782	339
18021634	1637	0.0829357299428635	340
49650310	1701	0.06251407517474235	341
14579476	1771	0.10205412079531842	342
18754874	2247	0.05115839249791246	343
35497190	2285	0.08912982240173913	344
19514897	1331	0.055146292384799706	345
16272469	1432	0.09601063609367223	346
14579493	1446	0.007394156161957476	347
14579494	1463	0.01625100309013234	348
16253106	1536	0.02111675499946824	349
41522043	1540	0.10535827976752314	350
17791429	1543	0.06687895531813785	351
18464147	1553	0.020306402440997278	352
7461171	1559	0.05197369596410579	353
21057006	1594	0.09695996951865356	354
6677293	1597	0.07496729898558681	355
7770986	1605	0.10010505428850452	356
16250137	1617	0.07845852476978782	357
18021634	1637	0.0829357299428635	358
49650310	1701	0.06251407517474235	359
14579476	1771	0.10205412079531842	360
18754874	2247	0.05115839249791246	361
35497190	2285	0.08912982240173913	362
14579494	877	9.88096446048012E-4	30
14579476	1227	0.00620511321689666	27
14579494	877	9.88096446048012E-4	28
14579476	1227	0.00620511321689666	29
14579494	877	9.88096446048012E-4	363
14579476	1227	0.00620511321689666	364
14579494	877	9.88096446048012E-4	365
14579476	1227	0.00620511321689666	366
21057006	1003	0.05332274480472812	32
6677293	1006	0.041227964203713476	31
41522043	1047	0.05794136170832824	367
16250137	1144	0.04314794976549548	368
14579476	1458	0.05612425278653521	369
15197179	1532	0.06687895531813785	370
18754874	2091	0.028134351952962378	371
21057006	1003	0.05332274480472812	372
6677293	1006	0.041227964203713476	373
41522043	1047	0.05794136170832824	374
16250137	1144	0.04314794976549548	375
14579476	1458	0.05612425278653521	376
15197179	1532	0.06687895531813785	377
18754874	2091	0.028134351952962378	378
21057006	1003	0.05332274480472812	379
6677293	1006	0.041227964203713476	380
41522043	1047	0.05794136170832824	381
16250137	1144	0.04314794976549548	382
14579476	1458	0.05612425278653521	383
15197179	1532	0.06687895531813785	384
18754874	2091	0.028134351952962378	385
21057006	1003	0.05332274480472812	386
6677293	1006	0.041227964203713476	387
41522043	1047	0.05794136170832824	388
16250137	1144	0.04314794976549548	389
14579476	1458	0.05612425278653521	390
15197179	1532	0.06687895531813785	391
18754874	2091	0.028134351952962378	392
16272469	1148	0.04935460762284523	37
18464147	1161	0.010438578114712231	33
13955186	1218	0.06420972402137703	34
15197179	1333	0.06251407517474235	35
7459221	1355	0.008876010674245694	36
18754874	1531	0.026298152903461356	393
14579476	1862	0.05246128234410639	394
16272469	1148	0.04935460762284523	395
18464147	1161	0.010438578114712231	396
13955186	1218	0.06420972402137703	397
15197179	1333	0.06251407517474235	398
7459221	1355	0.008876010674245694	399
18754874	1531	0.026298152903461356	400
14579476	1862	0.05246128234410639	401
16272469	1148	0.04935460762284523	402
18464147	1161	0.010438578114712231	403
13955186	1218	0.06420972402137703	404
15197179	1333	0.06251407517474235	405
7459221	1355	0.008876010674245694	406
18754874	1531	0.026298152903461356	407
14579476	1862	0.05246128234410639	408
16272469	1148	0.04935460762284523	409
18464147	1161	0.010438578114712231	410
13955186	1218	0.06420972402137703	411
15197179	1333	0.06251407517474235	412
7459221	1355	0.008876010674245694	413
18754874	1531	0.026298152903461356	414
14579476	1862	0.05246128234410639	415
19514897	1331	0.055146292384799706	39
16272469	1432	0.09601063609367223	38
14579493	1446	0.007394156161957476	416
14579494	1463	0.01625100309013234	417
16253106	1536	0.02111675499946824	418
41522043	1540	0.10535827976752314	419
17791429	1543	0.06687895531813785	420
18464147	1553	0.020306402440997278	421
7461171	1559	0.05197369596410579	422
21057006	1594	0.09695996951865356	423
6677293	1597	0.07496729898558681	424
7770986	1605	0.10010505428850452	425
16250137	1617	0.07845852476978782	426
18021634	1637	0.0829357299428635	427
49650310	1701	0.06251407517474235	428
14579476	1771	0.10205412079531842	429
18754874	2247	0.05115839249791246	430
35497190	2285	0.08912982240173913	431
19514897	1331	0.055146292384799706	432
16272469	1432	0.09601063609367223	433
14579493	1446	0.007394156161957476	434
14579494	1463	0.01625100309013234	435
16253106	1536	0.02111675499946824	436
41522043	1540	0.10535827976752314	437
17791429	1543	0.06687895531813785	438
18464147	1553	0.020306402440997278	439
7461171	1559	0.05197369596410579	440
21057006	1594	0.09695996951865356	441
6677293	1597	0.07496729898558681	442
7770986	1605	0.10010505428850452	443
16250137	1617	0.07845852476978782	444
18021634	1637	0.0829357299428635	445
49650310	1701	0.06251407517474235	446
14579476	1771	0.10205412079531842	447
18754874	2247	0.05115839249791246	448
35497190	2285	0.08912982240173913	449
19514897	1331	0.055146292384799706	450
16272469	1432	0.09601063609367223	451
14579493	1446	0.007394156161957476	452
14579494	1463	0.01625100309013234	453
16253106	1536	0.02111675499946824	454
41522043	1540	0.10535827976752314	455
17791429	1543	0.06687895531813785	456
18464147	1553	0.020306402440997278	457
7461171	1559	0.05197369596410579	458
21057006	1594	0.09695996951865356	459
6677293	1597	0.07496729898558681	460
7770986	1605	0.10010505428850452	461
16250137	1617	0.07845852476978782	462
18021634	1637	0.0829357299428635	463
49650310	1701	0.06251407517474235	464
14579476	1771	0.10205412079531842	465
18754874	2247	0.05115839249791246	466
35497190	2285	0.08912982240173913	467
19514897	1331	0.055146292384799706	468
16272469	1432	0.09601063609367223	469
14579493	1446	0.007394156161957476	470
14579494	1463	0.01625100309013234	471
16253106	1536	0.02111675499946824	472
41522043	1540	0.10535827976752314	473
17791429	1543	0.06687895531813785	474
18464147	1553	0.020306402440997278	475
7461171	1559	0.05197369596410579	476
21057006	1594	0.09695996951865356	477
6677293	1597	0.07496729898558681	478
7770986	1605	0.10010505428850452	479
16250137	1617	0.07845852476978782	480
18021634	1637	0.0829357299428635	481
49650310	1701	0.06251407517474235	482
14579476	1771	0.10205412079531842	483
18754874	2247	0.05115839249791246	484
35497190	2285	0.08912982240173913	485
14579494	877	9.88096446048012E-4	43
14579476	1227	0.00620511321689666	40
14579494	877	9.88096446048012E-4	41
14579476	1227	0.00620511321689666	42
14579494	877	9.88096446048012E-4	486
14579476	1227	0.00620511321689666	487
14579494	877	9.88096446048012E-4	488
14579476	1227	0.00620511321689666	489
21057006	1003	0.05332274480472812	45
6677293	1006	0.041227964203713476	44
41522043	1047	0.05794136170832824	490
16250137	1144	0.04314794976549548	491
14579476	1458	0.05612425278653521	492
15197179	1532	0.06687895531813785	493
18754874	2091	0.028134351952962378	494
21057006	1003	0.05332274480472812	495
6677293	1006	0.041227964203713476	496
41522043	1047	0.05794136170832824	497
16250137	1144	0.04314794976549548	498
14579476	1458	0.05612425278653521	499
15197179	1532	0.06687895531813785	500
18754874	2091	0.028134351952962378	501
21057006	1003	0.05332274480472812	502
6677293	1006	0.041227964203713476	503
41522043	1047	0.05794136170832824	504
16250137	1144	0.04314794976549548	505
14579476	1458	0.05612425278653521	506
15197179	1532	0.06687895531813785	507
18754874	2091	0.028134351952962378	508
21057006	1003	0.05332274480472812	509
6677293	1006	0.041227964203713476	510
41522043	1047	0.05794136170832824	511
16250137	1144	0.04314794976549548	512
14579476	1458	0.05612425278653521	513
15197179	1532	0.06687895531813785	514
18754874	2091	0.028134351952962378	515
16272469	1148	0.04935460762284523	50
18464147	1161	0.010438578114712231	46
13955186	1218	0.06420972402137703	47
15197179	1333	0.06251407517474235	48
7459221	1355	0.008876010674245694	49
18754874	1531	0.026298152903461356	516
14579476	1862	0.05246128234410639	517
16272469	1148	0.04935460762284523	518
18464147	1161	0.010438578114712231	519
13955186	1218	0.06420972402137703	520
15197179	1333	0.06251407517474235	521
7459221	1355	0.008876010674245694	522
18754874	1531	0.026298152903461356	523
14579476	1862	0.05246128234410639	524
16272469	1148	0.04935460762284523	525
18464147	1161	0.010438578114712231	526
13955186	1218	0.06420972402137703	527
15197179	1333	0.06251407517474235	528
7459221	1355	0.008876010674245694	529
18754874	1531	0.026298152903461356	530
14579476	1862	0.05246128234410639	531
16272469	1148	0.04935460762284523	532
18464147	1161	0.010438578114712231	533
13955186	1218	0.06420972402137703	534
15197179	1333	0.06251407517474235	535
7459221	1355	0.008876010674245694	536
18754874	1531	0.026298152903461356	537
14579476	1862	0.05246128234410639	538
19514897	1331	0.055146292384799706	52
16272469	1432	0.09601063609367223	51
14579493	1446	0.007394156161957476	539
14579494	1463	0.01625100309013234	540
16253106	1536	0.02111675499946824	541
41522043	1540	0.10535827976752314	542
17791429	1543	0.06687895531813785	543
18464147	1553	0.020306402440997278	544
7461171	1559	0.05197369596410579	545
21057006	1594	0.09695996951865356	546
6677293	1597	0.07496729898558681	547
7770986	1605	0.10010505428850452	548
16250137	1617	0.07845852476978782	549
18021634	1637	0.0829357299428635	550
49650310	1701	0.06251407517474235	551
14579476	1771	0.10205412079531842	552
18754874	2247	0.05115839249791246	553
35497190	2285	0.08912982240173913	554
19514897	1331	0.055146292384799706	555
16272469	1432	0.09601063609367223	556
14579493	1446	0.007394156161957476	557
14579494	1463	0.01625100309013234	558
16253106	1536	0.02111675499946824	559
41522043	1540	0.10535827976752314	560
17791429	1543	0.06687895531813785	561
18464147	1553	0.020306402440997278	562
7461171	1559	0.05197369596410579	563
21057006	1594	0.09695996951865356	564
6677293	1597	0.07496729898558681	565
7770986	1605	0.10010505428850452	566
16250137	1617	0.07845852476978782	567
18021634	1637	0.0829357299428635	568
49650310	1701	0.06251407517474235	569
14579476	1771	0.10205412079531842	570
18754874	2247	0.05115839249791246	571
35497190	2285	0.08912982240173913	572
19514897	1331	0.055146292384799706	573
16272469	1432	0.09601063609367223	574
14579493	1446	0.007394156161957476	575
14579494	1463	0.01625100309013234	576
16253106	1536	0.02111675499946824	577
41522043	1540	0.10535827976752314	578
17791429	1543	0.06687895531813785	579
18464147	1553	0.020306402440997278	580
7461171	1559	0.05197369596410579	581
21057006	1594	0.09695996951865356	582
6677293	1597	0.07496729898558681	583
7770986	1605	0.10010505428850452	584
16250137	1617	0.07845852476978782	585
18021634	1637	0.0829357299428635	586
49650310	1701	0.06251407517474235	587
14579476	1771	0.10205412079531842	588
18754874	2247	0.05115839249791246	589
35497190	2285	0.08912982240173913	590
19514897	1331	0.055146292384799706	591
16272469	1432	0.09601063609367223	592
14579493	1446	0.007394156161957476	593
14579494	1463	0.01625100309013234	594
16253106	1536	0.02111675499946824	595
41522043	1540	0.10535827976752314	596
17791429	1543	0.06687895531813785	597
18464147	1553	0.020306402440997278	598
7461171	1559	0.05197369596410579	599
21057006	1594	0.09695996951865356	600
6677293	1597	0.07496729898558681	601
7770986	1605	0.10010505428850452	602
16250137	1617	0.07845852476978782	603
18021634	1637	0.0829357299428635	604
49650310	1701	0.06251407517474235	605
14579476	1771	0.10205412079531842	606
18754874	2247	0.05115839249791246	607
35497190	2285	0.08912982240173913	608
21057006	298	0.3875104139266683	54
41522043	352	0.42107511796876196	1
17791429	408	0.26728857060262246	53
16250137	449	0.31356750172829917	609
14579476	763	0.4078697094135103	610
15197179	821	0.4860269619131976	611
19514897	827	0.220397785752641	612
16272469	928	0.3837163060046545	613
21057006	298	0.3875104139266683	614
41522043	352	0.42107511796876196	615
17791429	408	0.26728857060262246	616
16250137	449	0.31356750172829917	617
14579476	763	0.4078697094135103	618
15197179	821	0.4860269619131976	619
19514897	827	0.220397785752641	620
16272469	928	0.3837163060046545	621
21057006	298	0.3875104139266683	622
41522043	352	0.42107511796876196	623
17791429	408	0.26728857060262246	624
16250137	449	0.31356750172829917	625
14579476	763	0.4078697094135103	626
15197179	821	0.4860269619131976	627
19514897	827	0.220397785752641	628
16272469	928	0.3837163060046545	629
21057006	298	0.3875104139266683	630
41522043	352	0.42107511796876196	631
17791429	408	0.26728857060262246	632
16250137	449	0.31356750172829917	633
14579476	763	0.4078697094135103	634
15197179	821	0.4860269619131976	635
19514897	827	0.220397785752641	636
16272469	928	0.3837163060046545	637
21057006	447	0.3457012858806266	56
6677293	450	0.26728857060262246	55
41522043	491	0.37564463947976434	638
16250137	588	0.27973619459517846	639
14579476	902	0.3638639839049353	640
15197179	976	0.4335887234706486	641
18754874	1535	0.1824002437079121	642
21057006	447	0.3457012858806266	643
6677293	450	0.26728857060262246	644
41522043	491	0.37564463947976434	645
16250137	588	0.27973619459517846	646
14579476	902	0.3638639839049353	647
15197179	976	0.4335887234706486	648
18754874	1535	0.1824002437079121	649
21057006	447	0.3457012858806266	650
6677293	450	0.26728857060262246	651
41522043	491	0.37564463947976434	652
16250137	588	0.27973619459517846	653
14579476	902	0.3638639839049353	654
15197179	976	0.4335887234706486	655
18754874	1535	0.1824002437079121	656
21057006	447	0.3457012858806266	657
6677293	450	0.26728857060262246	658
41522043	491	0.37564463947976434	659
16250137	588	0.27973619459517846	660
14579476	902	0.3638639839049353	661
15197179	976	0.4335887234706486	662
18754874	1535	0.1824002437079121	663
14579494	405	0.006406013291772379	57
14579476	755	0.04022890468170048	664
14579494	405	0.006406013291772379	665
14579476	755	0.04022890468170048	666
14579494	405	0.006406013291772379	667
14579476	755	0.04022890468170048	668
14579494	405	0.006406013291772379	669
14579476	755	0.04022890468170048	670
14579088	705	0.17630791142272506	58
14579476	805	0.28276990843836564	671
14579493	1154	0.020487608384664138	672
41522043	1184	0.29192501871470633	673
17791429	1187	0.18530712845679542	674
18021634	1249	0.22979698006754415	675
16210652	1252	0.26353071767344427	676
16250137	1261	0.21739161233732252	677
18464147	1303	0.05626465167898259	678
49650310	1313	0.17321298910334557	679
35497190	1487	0.24695947133987484	680
15197179	1525	0.33695515098778145	681
18754874	1826	0.14174884707989455	682
14579088	705	0.17630791142272506	683
14579476	805	0.28276990843836564	684
14579493	1154	0.020487608384664138	685
41522043	1184	0.29192501871470633	686
17791429	1187	0.18530712845679542	687
18021634	1249	0.22979698006754415	688
16210652	1252	0.26353071767344427	689
16250137	1261	0.21739161233732252	690
18464147	1303	0.05626465167898259	691
49650310	1313	0.17321298910334557	692
35497190	1487	0.24695947133987484	693
15197179	1525	0.33695515098778145	694
18754874	1826	0.14174884707989455	695
14579088	705	0.17630791142272506	696
14579476	805	0.28276990843836564	697
14579493	1154	0.020487608384664138	698
41522043	1184	0.29192501871470633	699
17791429	1187	0.18530712845679542	700
18021634	1249	0.22979698006754415	701
16210652	1252	0.26353071767344427	702
16250137	1261	0.21739161233732252	703
18464147	1303	0.05626465167898259	704
49650310	1313	0.17321298910334557	705
35497190	1487	0.24695947133987484	706
15197179	1525	0.33695515098778145	707
18754874	1826	0.14174884707989455	708
14579088	705	0.17630791142272506	709
14579476	805	0.28276990843836564	710
14579493	1154	0.020487608384664138	711
41522043	1184	0.29192501871470633	712
17791429	1187	0.18530712845679542	713
18021634	1249	0.22979698006754415	714
16210652	1252	0.26353071767344427	715
16250137	1261	0.21739161233732252	716
18464147	1303	0.05626465167898259	717
49650310	1313	0.17321298910334557	718
35497190	1487	0.24695947133987484	719
15197179	1525	0.33695515098778145	720
18754874	1826	0.14174884707989455	721
19514897	921	0.3575236844762697	60
16272469	1022	0.6224548356868597	59
14579493	1036	0.04793769155267121	722
14579494	1053	0.10535827976752314	723
16253106	1126	0.13690385563751067	724
41522043	1130	0.6830573506143662	725
17791429	1133	0.43358872347064864	726
18464147	1143	0.13165018907353387	727
7461171	1149	0.33695515098778145	728
21057006	1184	0.6286095410934801	729
6677293	1187	0.48602696191319766	730
7770986	1195	0.6489997114255341	731
16250137	1207	0.5086612289097246	732
18021634	1227	0.5376877839220693	733
49650310	1291	0.40529039254615273	734
14579476	1361	0.6616358726010308	735
18754874	1837	0.3316693867669386	736
35497190	1875	0.5778452389769135	737
19514897	921	0.3575236844762697	738
16272469	1022	0.6224548356868597	739
14579493	1036	0.04793769155267121	740
14579494	1053	0.10535827976752314	741
16253106	1126	0.13690385563751067	742
41522043	1130	0.6830573506143662	743
17791429	1133	0.43358872347064864	744
18464147	1143	0.13165018907353387	745
7461171	1149	0.33695515098778145	746
21057006	1184	0.6286095410934801	747
6677293	1187	0.48602696191319766	748
7770986	1195	0.6489997114255341	749
16250137	1207	0.5086612289097246	750
18021634	1227	0.5376877839220693	751
49650310	1291	0.40529039254615273	752
14579476	1361	0.6616358726010308	753
18754874	1837	0.3316693867669386	754
35497190	1875	0.5778452389769135	755
19514897	921	0.3575236844762697	756
16272469	1022	0.6224548356868597	757
14579493	1036	0.04793769155267121	758
14579494	1053	0.10535827976752314	759
16253106	1126	0.13690385563751067	760
41522043	1130	0.6830573506143662	761
17791429	1133	0.43358872347064864	762
18464147	1143	0.13165018907353387	763
7461171	1149	0.33695515098778145	764
21057006	1184	0.6286095410934801	765
6677293	1187	0.48602696191319766	766
7770986	1195	0.6489997114255341	767
16250137	1207	0.5086612289097246	768
18021634	1227	0.5376877839220693	769
49650310	1291	0.40529039254615273	770
14579476	1361	0.6616358726010308	771
18754874	1837	0.3316693867669386	772
35497190	1875	0.5778452389769135	773
19514897	921	0.3575236844762697	774
16272469	1022	0.6224548356868597	775
14579493	1036	0.04793769155267121	776
14579494	1053	0.10535827976752314	777
16253106	1126	0.13690385563751067	778
41522043	1130	0.6830573506143662	779
17791429	1133	0.43358872347064864	780
18464147	1143	0.13165018907353387	781
7461171	1149	0.33695515098778145	782
21057006	1184	0.6286095410934801	783
6677293	1187	0.48602696191319766	784
7770986	1195	0.6489997114255341	785
16250137	1207	0.5086612289097246	786
18021634	1227	0.5376877839220693	787
49650310	1291	0.40529039254615273	788
14579476	1361	0.6616358726010308	789
18754874	1837	0.3316693867669386	790
35497190	1875	0.5778452389769135	791
21057006	298	0.3875104139266683	62
41522043	352	0.42107511796876196	61
17791429	408	0.26728857060262246	792
16250137	449	0.31356750172829917	793
14579476	763	0.4078697094135103	794
15197179	821	0.4860269619131976	795
19514897	827	0.220397785752641	796
16272469	928	0.3837163060046545	797
21057006	298	0.3875104139266683	798
41522043	352	0.42107511796876196	799
17791429	408	0.26728857060262246	800
16250137	449	0.31356750172829917	801
14579476	763	0.4078697094135103	802
15197179	821	0.4860269619131976	803
19514897	827	0.220397785752641	804
16272469	928	0.3837163060046545	805
21057006	298	0.3875104139266683	806
41522043	352	0.42107511796876196	807
17791429	408	0.26728857060262246	808
16250137	449	0.31356750172829917	809
14579476	763	0.4078697094135103	810
15197179	821	0.4860269619131976	811
19514897	827	0.220397785752641	812
16272469	928	0.3837163060046545	813
21057006	298	0.3875104139266683	814
41522043	352	0.42107511796876196	815
17791429	408	0.26728857060262246	816
16250137	449	0.31356750172829917	817
14579476	763	0.4078697094135103	818
15197179	821	0.4860269619131976	819
19514897	827	0.220397785752641	820
16272469	928	0.3837163060046545	821
21057006	447	0.3457012858806266	64
6677293	450	0.26728857060262246	63
41522043	491	0.37564463947976434	822
16250137	588	0.27973619459517846	823
14579476	902	0.3638639839049353	824
15197179	976	0.4335887234706486	825
18754874	1535	0.1824002437079121	826
21057006	447	0.3457012858806266	827
6677293	450	0.26728857060262246	828
41522043	491	0.37564463947976434	829
16250137	588	0.27973619459517846	830
14579476	902	0.3638639839049353	831
15197179	976	0.4335887234706486	832
18754874	1535	0.1824002437079121	833
21057006	447	0.3457012858806266	834
6677293	450	0.26728857060262246	835
41522043	491	0.37564463947976434	836
16250137	588	0.27973619459517846	837
14579476	902	0.3638639839049353	838
15197179	976	0.4335887234706486	839
18754874	1535	0.1824002437079121	840
21057006	447	0.3457012858806266	841
6677293	450	0.26728857060262246	842
41522043	491	0.37564463947976434	843
16250137	588	0.27973619459517846	844
14579476	902	0.3638639839049353	845
15197179	976	0.4335887234706486	846
18754874	1535	0.1824002437079121	847
14579494	405	0.006406013291772379	65
14579476	755	0.04022890468170048	848
14579494	405	0.006406013291772379	849
14579476	755	0.04022890468170048	850
14579494	405	0.006406013291772379	851
14579476	755	0.04022890468170048	852
14579494	405	0.006406013291772379	853
14579476	755	0.04022890468170048	854
14579088	705	0.17630791142272506	66
14579476	805	0.28276990843836564	855
14579493	1154	0.020487608384664138	856
41522043	1184	0.29192501871470633	857
17791429	1187	0.18530712845679542	858
18021634	1249	0.22979698006754415	859
16210652	1252	0.26353071767344427	860
16250137	1261	0.21739161233732252	861
18464147	1303	0.05626465167898259	862
49650310	1313	0.17321298910334557	863
35497190	1487	0.24695947133987484	864
15197179	1525	0.33695515098778145	865
18754874	1826	0.14174884707989455	866
14579088	705	0.17630791142272506	867
14579476	805	0.28276990843836564	868
14579493	1154	0.020487608384664138	869
41522043	1184	0.29192501871470633	870
17791429	1187	0.18530712845679542	871
18021634	1249	0.22979698006754415	872
16210652	1252	0.26353071767344427	873
16250137	1261	0.21739161233732252	874
18464147	1303	0.05626465167898259	875
49650310	1313	0.17321298910334557	876
35497190	1487	0.24695947133987484	877
15197179	1525	0.33695515098778145	878
18754874	1826	0.14174884707989455	879
14579088	705	0.17630791142272506	880
14579476	805	0.28276990843836564	881
14579493	1154	0.020487608384664138	882
41522043	1184	0.29192501871470633	883
17791429	1187	0.18530712845679542	884
18021634	1249	0.22979698006754415	885
16210652	1252	0.26353071767344427	886
16250137	1261	0.21739161233732252	887
18464147	1303	0.05626465167898259	888
49650310	1313	0.17321298910334557	889
35497190	1487	0.24695947133987484	890
15197179	1525	0.33695515098778145	891
18754874	1826	0.14174884707989455	892
14579088	705	0.17630791142272506	893
14579476	805	0.28276990843836564	894
14579493	1154	0.020487608384664138	895
41522043	1184	0.29192501871470633	896
17791429	1187	0.18530712845679542	897
18021634	1249	0.22979698006754415	898
16210652	1252	0.26353071767344427	899
16250137	1261	0.21739161233732252	900
18464147	1303	0.05626465167898259	901
49650310	1313	0.17321298910334557	902
35497190	1487	0.24695947133987484	903
15197179	1525	0.33695515098778145	904
18754874	1826	0.14174884707989455	905
19514897	921	0.3575236844762697	68
16272469	1022	0.6224548356868597	67
14579493	1036	0.04793769155267121	906
14579494	1053	0.10535827976752314	907
16253106	1126	0.13690385563751067	908
41522043	1130	0.6830573506143662	909
17791429	1133	0.43358872347064864	910
18464147	1143	0.13165018907353387	911
7461171	1149	0.33695515098778145	912
21057006	1184	0.6286095410934801	913
6677293	1187	0.48602696191319766	914
7770986	1195	0.6489997114255341	915
16250137	1207	0.5086612289097246	916
18021634	1227	0.5376877839220693	917
49650310	1291	0.40529039254615273	918
14579476	1361	0.6616358726010308	919
18754874	1837	0.3316693867669386	920
35497190	1875	0.5778452389769135	921
19514897	921	0.3575236844762697	922
16272469	1022	0.6224548356868597	923
14579493	1036	0.04793769155267121	924
14579494	1053	0.10535827976752314	925
16253106	1126	0.13690385563751067	926
41522043	1130	0.6830573506143662	927
17791429	1133	0.43358872347064864	928
18464147	1143	0.13165018907353387	929
7461171	1149	0.33695515098778145	930
21057006	1184	0.6286095410934801	931
6677293	1187	0.48602696191319766	932
7770986	1195	0.6489997114255341	933
16250137	1207	0.5086612289097246	934
18021634	1227	0.5376877839220693	935
49650310	1291	0.40529039254615273	936
14579476	1361	0.6616358726010308	937
18754874	1837	0.3316693867669386	938
35497190	1875	0.5778452389769135	939
19514897	921	0.3575236844762697	940
16272469	1022	0.6224548356868597	941
14579493	1036	0.04793769155267121	942
14579494	1053	0.10535827976752314	943
16253106	1126	0.13690385563751067	944
41522043	1130	0.6830573506143662	945
17791429	1133	0.43358872347064864	946
18464147	1143	0.13165018907353387	947
7461171	1149	0.33695515098778145	948
21057006	1184	0.6286095410934801	949
6677293	1187	0.48602696191319766	950
7770986	1195	0.6489997114255341	951
16250137	1207	0.5086612289097246	952
18021634	1227	0.5376877839220693	953
49650310	1291	0.40529039254615273	954
14579476	1361	0.6616358726010308	955
18754874	1837	0.3316693867669386	956
35497190	1875	0.5778452389769135	957
19514897	921	0.3575236844762697	958
16272469	1022	0.6224548356868597	959
14579493	1036	0.04793769155267121	960
14579494	1053	0.10535827976752314	961
16253106	1126	0.13690385563751067	962
41522043	1130	0.6830573506143662	963
17791429	1133	0.43358872347064864	964
18464147	1143	0.13165018907353387	965
7461171	1149	0.33695515098778145	966
21057006	1184	0.6286095410934801	967
6677293	1187	0.48602696191319766	968
7770986	1195	0.6489997114255341	969
16250137	1207	0.5086612289097246	970
18021634	1227	0.5376877839220693	971
49650310	1291	0.40529039254615273	972
14579476	1361	0.6616358726010308	973
18754874	1837	0.3316693867669386	974
35497190	1875	0.5778452389769135	975
21057006	298	0.3875104139266683	70
41522043	352	0.42107511796876196	69
17791429	408	0.26728857060262246	976
16250137	449	0.31356750172829917	977
14579476	763	0.4078697094135103	978
15197179	821	0.4860269619131976	979
19514897	827	0.220397785752641	980
16272469	928	0.3837163060046545	981
21057006	298	0.3875104139266683	982
41522043	352	0.42107511796876196	983
17791429	408	0.26728857060262246	984
16250137	449	0.31356750172829917	985
14579476	763	0.4078697094135103	986
15197179	821	0.4860269619131976	987
19514897	827	0.220397785752641	988
16272469	928	0.3837163060046545	989
21057006	298	0.3875104139266683	990
41522043	352	0.42107511796876196	991
17791429	408	0.26728857060262246	992
16250137	449	0.31356750172829917	993
14579476	763	0.4078697094135103	994
15197179	821	0.4860269619131976	995
19514897	827	0.220397785752641	996
16272469	928	0.3837163060046545	997
21057006	298	0.3875104139266683	998
41522043	352	0.42107511796876196	999
17791429	408	0.26728857060262246	1000
16250137	449	0.31356750172829917	1001
14579476	763	0.4078697094135103	1002
15197179	821	0.4860269619131976	1003
19514897	827	0.220397785752641	1004
16272469	928	0.3837163060046545	1005
21057006	447	0.3457012858806266	72
6677293	450	0.26728857060262246	71
41522043	491	0.37564463947976434	1006
16250137	588	0.27973619459517846	1007
14579476	902	0.3638639839049353	1008
15197179	976	0.4335887234706486	1009
18754874	1535	0.1824002437079121	1010
21057006	447	0.3457012858806266	1011
6677293	450	0.26728857060262246	1012
41522043	491	0.37564463947976434	1013
16250137	588	0.27973619459517846	1014
14579476	902	0.3638639839049353	1015
15197179	976	0.4335887234706486	1016
18754874	1535	0.1824002437079121	1017
21057006	447	0.3457012858806266	1018
6677293	450	0.26728857060262246	1019
41522043	491	0.37564463947976434	1020
16250137	588	0.27973619459517846	1021
14579476	902	0.3638639839049353	1022
15197179	976	0.4335887234706486	1023
18754874	1535	0.1824002437079121	1024
21057006	447	0.3457012858806266	1025
6677293	450	0.26728857060262246	1026
41522043	491	0.37564463947976434	1027
16250137	588	0.27973619459517846	1028
14579476	902	0.3638639839049353	1029
15197179	976	0.4335887234706486	1030
18754874	1535	0.1824002437079121	1031
14579494	405	0.006406013291772379	73
14579476	755	0.04022890468170048	1032
14579494	405	0.006406013291772379	1033
14579476	755	0.04022890468170048	1034
14579494	405	0.006406013291772379	1035
14579476	755	0.04022890468170048	1036
14579494	405	0.006406013291772379	1037
14579476	755	0.04022890468170048	1038
14579088	705	0.17630791142272506	74
14579476	805	0.28276990843836564	1039
14579493	1154	0.020487608384664138	1040
41522043	1184	0.29192501871470633	1041
17791429	1187	0.18530712845679542	1042
18021634	1249	0.22979698006754415	1043
16210652	1252	0.26353071767344427	1044
16250137	1261	0.21739161233732252	1045
18464147	1303	0.05626465167898259	1046
49650310	1313	0.17321298910334557	1047
35497190	1487	0.24695947133987484	1048
15197179	1525	0.33695515098778145	1049
18754874	1826	0.14174884707989455	1050
14579088	705	0.17630791142272506	1051
14579476	805	0.28276990843836564	1052
14579493	1154	0.020487608384664138	1053
41522043	1184	0.29192501871470633	1054
17791429	1187	0.18530712845679542	1055
18021634	1249	0.22979698006754415	1056
16210652	1252	0.26353071767344427	1057
16250137	1261	0.21739161233732252	1058
18464147	1303	0.05626465167898259	1059
49650310	1313	0.17321298910334557	1060
35497190	1487	0.24695947133987484	1061
15197179	1525	0.33695515098778145	1062
18754874	1826	0.14174884707989455	1063
14579088	705	0.17630791142272506	1064
14579476	805	0.28276990843836564	1065
14579493	1154	0.020487608384664138	1066
41522043	1184	0.29192501871470633	1067
17791429	1187	0.18530712845679542	1068
18021634	1249	0.22979698006754415	1069
16210652	1252	0.26353071767344427	1070
16250137	1261	0.21739161233732252	1071
18464147	1303	0.05626465167898259	1072
49650310	1313	0.17321298910334557	1073
35497190	1487	0.24695947133987484	1074
15197179	1525	0.33695515098778145	1075
18754874	1826	0.14174884707989455	1076
14579088	705	0.17630791142272506	1077
14579476	805	0.28276990843836564	1078
14579493	1154	0.020487608384664138	1079
41522043	1184	0.29192501871470633	1080
17791429	1187	0.18530712845679542	1081
18021634	1249	0.22979698006754415	1082
16210652	1252	0.26353071767344427	1083
16250137	1261	0.21739161233732252	1084
18464147	1303	0.05626465167898259	1085
49650310	1313	0.17321298910334557	1086
35497190	1487	0.24695947133987484	1087
15197179	1525	0.33695515098778145	1088
18754874	1826	0.14174884707989455	1089
19514897	921	0.3575236844762697	76
16272469	1022	0.6224548356868597	75
14579493	1036	0.04793769155267121	1090
14579494	1053	0.10535827976752314	1091
16253106	1126	0.13690385563751067	1092
41522043	1130	0.6830573506143662	1093
17791429	1133	0.43358872347064864	1094
18464147	1143	0.13165018907353387	1095
7461171	1149	0.33695515098778145	1096
21057006	1184	0.6286095410934801	1097
6677293	1187	0.48602696191319766	1098
7770986	1195	0.6489997114255341	1099
16250137	1207	0.5086612289097246	1100
18021634	1227	0.5376877839220693	1101
49650310	1291	0.40529039254615273	1102
14579476	1361	0.6616358726010308	1103
18754874	1837	0.3316693867669386	1104
35497190	1875	0.5778452389769135	1105
19514897	921	0.3575236844762697	1106
16272469	1022	0.6224548356868597	1107
14579493	1036	0.04793769155267121	1108
14579494	1053	0.10535827976752314	1109
16253106	1126	0.13690385563751067	1110
41522043	1130	0.6830573506143662	1111
17791429	1133	0.43358872347064864	1112
18464147	1143	0.13165018907353387	1113
7461171	1149	0.33695515098778145	1114
21057006	1184	0.6286095410934801	1115
6677293	1187	0.48602696191319766	1116
7770986	1195	0.6489997114255341	1117
16250137	1207	0.5086612289097246	1118
18021634	1227	0.5376877839220693	1119
49650310	1291	0.40529039254615273	1120
14579476	1361	0.6616358726010308	1121
18754874	1837	0.3316693867669386	1122
35497190	1875	0.5778452389769135	1123
19514897	921	0.3575236844762697	1124
16272469	1022	0.6224548356868597	1125
14579493	1036	0.04793769155267121	1126
14579494	1053	0.10535827976752314	1127
16253106	1126	0.13690385563751067	1128
41522043	1130	0.6830573506143662	1129
17791429	1133	0.43358872347064864	1130
18464147	1143	0.13165018907353387	1131
7461171	1149	0.33695515098778145	1132
21057006	1184	0.6286095410934801	1133
6677293	1187	0.48602696191319766	1134
7770986	1195	0.6489997114255341	1135
16250137	1207	0.5086612289097246	1136
18021634	1227	0.5376877839220693	1137
49650310	1291	0.40529039254615273	1138
14579476	1361	0.6616358726010308	1139
18754874	1837	0.3316693867669386	1140
35497190	1875	0.5778452389769135	1141
19514897	921	0.3575236844762697	1142
16272469	1022	0.6224548356868597	1143
14579493	1036	0.04793769155267121	1144
14579494	1053	0.10535827976752314	1145
16253106	1126	0.13690385563751067	1146
41522043	1130	0.6830573506143662	1147
17791429	1133	0.43358872347064864	1148
18464147	1143	0.13165018907353387	1149
7461171	1149	0.33695515098778145	1150
21057006	1184	0.6286095410934801	1151
6677293	1187	0.48602696191319766	1152
7770986	1195	0.6489997114255341	1153
16250137	1207	0.5086612289097246	1154
18021634	1227	0.5376877839220693	1155
49650310	1291	0.40529039254615273	1156
14579476	1361	0.6616358726010308	1157
18754874	1837	0.3316693867669386	1158
35497190	1875	0.5778452389769135	1159
21057006	298	0.3875104139266683	78
41522043	352	0.42107511796876196	77
17791429	408	0.26728857060262246	1160
16250137	449	0.31356750172829917	1161
14579476	763	0.4078697094135103	1162
15197179	821	0.4860269619131976	1163
19514897	827	0.220397785752641	1164
16272469	928	0.3837163060046545	1165
21057006	298	0.3875104139266683	1166
41522043	352	0.42107511796876196	1167
17791429	408	0.26728857060262246	1168
16250137	449	0.31356750172829917	1169
14579476	763	0.4078697094135103	1170
15197179	821	0.4860269619131976	1171
19514897	827	0.220397785752641	1172
16272469	928	0.3837163060046545	1173
21057006	298	0.3875104139266683	1174
41522043	352	0.42107511796876196	1175
17791429	408	0.26728857060262246	1176
16250137	449	0.31356750172829917	1177
14579476	763	0.4078697094135103	1178
15197179	821	0.4860269619131976	1179
19514897	827	0.220397785752641	1180
16272469	928	0.3837163060046545	1181
21057006	298	0.3875104139266683	1182
41522043	352	0.42107511796876196	1183
17791429	408	0.26728857060262246	1184
16250137	449	0.31356750172829917	1185
14579476	763	0.4078697094135103	1186
15197179	821	0.4860269619131976	1187
19514897	827	0.220397785752641	1188
16272469	928	0.3837163060046545	1189
21057006	447	0.3457012858806266	80
6677293	450	0.26728857060262246	79
41522043	491	0.37564463947976434	1190
16250137	588	0.27973619459517846	1191
14579476	902	0.3638639839049353	1192
15197179	976	0.4335887234706486	1193
18754874	1535	0.1824002437079121	1194
21057006	447	0.3457012858806266	1195
6677293	450	0.26728857060262246	1196
41522043	491	0.37564463947976434	1197
16250137	588	0.27973619459517846	1198
14579476	902	0.3638639839049353	1199
15197179	976	0.4335887234706486	1200
18754874	1535	0.1824002437079121	1201
21057006	447	0.3457012858806266	1202
6677293	450	0.26728857060262246	1203
41522043	491	0.37564463947976434	1204
16250137	588	0.27973619459517846	1205
14579476	902	0.3638639839049353	1206
15197179	976	0.4335887234706486	1207
18754874	1535	0.1824002437079121	1208
21057006	447	0.3457012858806266	1209
6677293	450	0.26728857060262246	1210
41522043	491	0.37564463947976434	1211
16250137	588	0.27973619459517846	1212
14579476	902	0.3638639839049353	1213
15197179	976	0.4335887234706486	1214
18754874	1535	0.1824002437079121	1215
14579494	405	0.006406013291772379	81
14579476	755	0.04022890468170048	1216
14579494	405	0.006406013291772379	1217
14579476	755	0.04022890468170048	1218
14579494	405	0.006406013291772379	1219
14579476	755	0.04022890468170048	1220
14579494	405	0.006406013291772379	1221
14579476	755	0.04022890468170048	1222
14579088	705	0.17630791142272506	82
14579476	805	0.28276990843836564	1223
14579493	1154	0.020487608384664138	1224
41522043	1184	0.29192501871470633	1225
17791429	1187	0.18530712845679542	1226
18021634	1249	0.22979698006754415	1227
16210652	1252	0.26353071767344427	1228
16250137	1261	0.21739161233732252	1229
18464147	1303	0.05626465167898259	1230
49650310	1313	0.17321298910334557	1231
35497190	1487	0.24695947133987484	1232
15197179	1525	0.33695515098778145	1233
18754874	1826	0.14174884707989455	1234
14579088	705	0.17630791142272506	1235
14579476	805	0.28276990843836564	1236
14579493	1154	0.020487608384664138	1237
41522043	1184	0.29192501871470633	1238
17791429	1187	0.18530712845679542	1239
18021634	1249	0.22979698006754415	1240
16210652	1252	0.26353071767344427	1241
16250137	1261	0.21739161233732252	1242
18464147	1303	0.05626465167898259	1243
49650310	1313	0.17321298910334557	1244
35497190	1487	0.24695947133987484	1245
15197179	1525	0.33695515098778145	1246
18754874	1826	0.14174884707989455	1247
14579088	705	0.17630791142272506	1248
14579476	805	0.28276990843836564	1249
14579493	1154	0.020487608384664138	1250
41522043	1184	0.29192501871470633	1251
17791429	1187	0.18530712845679542	1252
18021634	1249	0.22979698006754415	1253
16210652	1252	0.26353071767344427	1254
16250137	1261	0.21739161233732252	1255
18464147	1303	0.05626465167898259	1256
49650310	1313	0.17321298910334557	1257
35497190	1487	0.24695947133987484	1258
15197179	1525	0.33695515098778145	1259
18754874	1826	0.14174884707989455	1260
14579088	705	0.17630791142272506	1261
14579476	805	0.28276990843836564	1262
14579493	1154	0.020487608384664138	1263
41522043	1184	0.29192501871470633	1264
17791429	1187	0.18530712845679542	1265
18021634	1249	0.22979698006754415	1266
16210652	1252	0.26353071767344427	1267
16250137	1261	0.21739161233732252	1268
18464147	1303	0.05626465167898259	1269
49650310	1313	0.17321298910334557	1270
35497190	1487	0.24695947133987484	1271
15197179	1525	0.33695515098778145	1272
18754874	1826	0.14174884707989455	1273
19514897	921	0.3575236844762697	84
16272469	1022	0.6224548356868597	83
14579493	1036	0.04793769155267121	1274
14579494	1053	0.10535827976752314	1275
16253106	1126	0.13690385563751067	1276
41522043	1130	0.6830573506143662	1277
17791429	1133	0.43358872347064864	1278
18464147	1143	0.13165018907353387	1279
7461171	1149	0.33695515098778145	1280
21057006	1184	0.6286095410934801	1281
6677293	1187	0.48602696191319766	1282
7770986	1195	0.6489997114255341	1283
16250137	1207	0.5086612289097246	1284
18021634	1227	0.5376877839220693	1285
49650310	1291	0.40529039254615273	1286
14579476	1361	0.6616358726010308	1287
18754874	1837	0.3316693867669386	1288
35497190	1875	0.5778452389769135	1289
19514897	921	0.3575236844762697	1290
16272469	1022	0.6224548356868597	1291
14579493	1036	0.04793769155267121	1292
14579494	1053	0.10535827976752314	1293
16253106	1126	0.13690385563751067	1294
41522043	1130	0.6830573506143662	1295
17791429	1133	0.43358872347064864	1296
18464147	1143	0.13165018907353387	1297
7461171	1149	0.33695515098778145	1298
21057006	1184	0.6286095410934801	1299
6677293	1187	0.48602696191319766	1300
7770986	1195	0.6489997114255341	1301
16250137	1207	0.5086612289097246	1302
18021634	1227	0.5376877839220693	1303
49650310	1291	0.40529039254615273	1304
14579476	1361	0.6616358726010308	1305
18754874	1837	0.3316693867669386	1306
35497190	1875	0.5778452389769135	1307
19514897	921	0.3575236844762697	1308
16272469	1022	0.6224548356868597	1309
14579493	1036	0.04793769155267121	1310
14579494	1053	0.10535827976752314	1311
16253106	1126	0.13690385563751067	1312
41522043	1130	0.6830573506143662	1313
17791429	1133	0.43358872347064864	1314
18464147	1143	0.13165018907353387	1315
7461171	1149	0.33695515098778145	1316
21057006	1184	0.6286095410934801	1317
6677293	1187	0.48602696191319766	1318
7770986	1195	0.6489997114255341	1319
16250137	1207	0.5086612289097246	1320
18021634	1227	0.5376877839220693	1321
49650310	1291	0.40529039254615273	1322
14579476	1361	0.6616358726010308	1323
18754874	1837	0.3316693867669386	1324
35497190	1875	0.5778452389769135	1325
19514897	921	0.3575236844762697	1326
16272469	1022	0.6224548356868597	1327
14579493	1036	0.04793769155267121	1328
14579494	1053	0.10535827976752314	1329
16253106	1126	0.13690385563751067	1330
41522043	1130	0.6830573506143662	1331
17791429	1133	0.43358872347064864	1332
18464147	1143	0.13165018907353387	1333
7461171	1149	0.33695515098778145	1334
21057006	1184	0.6286095410934801	1335
6677293	1187	0.48602696191319766	1336
7770986	1195	0.6489997114255341	1337
16250137	1207	0.5086612289097246	1338
18021634	1227	0.5376877839220693	1339
49650310	1291	0.40529039254615273	1340
14579476	1361	0.6616358726010308	1341
18754874	1837	0.3316693867669386	1342
35497190	1875	0.5778452389769135	1343
7770986	391	0.03864433308037425	2
15197179	599	0.04694607252180303	1344
19514897	699	0.02128855237343024	1345
14579493	738	0.0028544236412626303	1346
41522043	832	0.04067227659032364	1347
17791429	835	0.02581780354399522	1348
16210652	845	0.03671625777897348	1349
7461171	851	0.020063810289403638	1350
16250137	909	0.03028795484651816	1351
14579476	1063	0.039396746390775575	1352
35497190	1577	0.0344074789107121	1353
7770986	391	0.03864433308037425	1354
15197179	599	0.04694607252180303	1355
19514897	699	0.02128855237343024	1356
14579493	738	0.0028544236412626303	1357
41522043	832	0.04067227659032364	1358
17791429	835	0.02581780354399522	1359
16210652	845	0.03671625777897348	1360
7461171	851	0.020063810289403638	1361
16250137	909	0.03028795484651816	1362
14579476	1063	0.039396746390775575	1363
35497190	1577	0.0344074789107121	1364
7770986	391	0.03864433308037425	1365
15197179	599	0.04694607252180303	1366
19514897	699	0.02128855237343024	1367
14579493	738	0.0028544236412626303	1368
41522043	832	0.04067227659032364	1369
17791429	835	0.02581780354399522	1370
16210652	845	0.03671625777897348	1371
7461171	851	0.020063810289403638	1372
16250137	909	0.03028795484651816	1373
14579476	1063	0.039396746390775575	1374
35497190	1577	0.0344074789107121	1375
7770986	391	0.03864433308037425	1376
15197179	599	0.04694607252180303	1377
19514897	699	0.02128855237343024	1378
14579493	738	0.0028544236412626303	1379
41522043	832	0.04067227659032364	1380
17791429	835	0.02581780354399522	1381
16210652	845	0.03671625777897348	1382
7461171	851	0.020063810289403638	1383
16250137	909	0.03028795484651816	1384
14579476	1063	0.039396746390775575	1385
35497190	1577	0.0344074789107121	1386
18021634	842	0.15177502283171315	85
16210652	845	0.17405529298073602	1387
18464147	896	0.03716136213228711	1388
49650310	906	0.11440274527620997	1389
16253106	969	0.03864433308037425	1390
16272469	1036	0.17570251681927	1391
13955186	1106	0.22858676541487824	1392
15197179	1118	0.2225502516151514	1393
7459221	1243	0.03159861844505469	1394
14579493	1257	0.013531540882023869	1395
41522043	1351	0.1928090019614258	1396
17791429	1354	0.12239061472497402	1397
7461171	1370	0.09511351617734755	1398
18754874	1419	0.0936214849107087	1399
16250137	1428	0.1435815950071318	1400
14579476	1582	0.18676228598278222	1401
9001623	1707	0.182292166556119	1402
35497190	2096	0.16311040897970097	1403
18021634	842	0.15177502283171315	1404
16210652	845	0.17405529298073602	1405
18464147	896	0.03716136213228711	1406
49650310	906	0.11440274527620997	1407
16253106	969	0.03864433308037425	1408
16272469	1036	0.17570251681927	1409
13955186	1106	0.22858676541487824	1410
15197179	1118	0.2225502516151514	1411
7459221	1243	0.03159861844505469	1412
14579493	1257	0.013531540882023869	1413
41522043	1351	0.1928090019614258	1414
17791429	1354	0.12239061472497402	1415
7461171	1370	0.09511351617734755	1416
18754874	1419	0.0936214849107087	1417
16250137	1428	0.1435815950071318	1418
14579476	1582	0.18676228598278222	1419
9001623	1707	0.182292166556119	1420
35497190	2096	0.16311040897970097	1421
18021634	842	0.15177502283171315	1422
16210652	845	0.17405529298073602	1423
18464147	896	0.03716136213228711	1424
49650310	906	0.11440274527620997	1425
16253106	969	0.03864433308037425	1426
16272469	1036	0.17570251681927	1427
13955186	1106	0.22858676541487824	1428
15197179	1118	0.2225502516151514	1429
7459221	1243	0.03159861844505469	1430
14579493	1257	0.013531540882023869	1431
41522043	1351	0.1928090019614258	1432
17791429	1354	0.12239061472497402	1433
7461171	1370	0.09511351617734755	1434
18754874	1419	0.0936214849107087	1435
16250137	1428	0.1435815950071318	1436
14579476	1582	0.18676228598278222	1437
9001623	1707	0.182292166556119	1438
35497190	2096	0.16311040897970097	1439
18021634	842	0.15177502283171315	1440
16210652	845	0.17405529298073602	1441
18464147	896	0.03716136213228711	1442
49650310	906	0.11440274527620997	1443
16253106	969	0.03864433308037425	1444
16272469	1036	0.17570251681927	1445
13955186	1106	0.22858676541487824	1446
15197179	1118	0.2225502516151514	1447
7459221	1243	0.03159861844505469	1448
14579493	1257	0.013531540882023869	1449
41522043	1351	0.1928090019614258	1450
17791429	1354	0.12239061472497402	1451
7461171	1370	0.09511351617734755	1452
18754874	1419	0.0936214849107087	1453
16250137	1428	0.1435815950071318	1454
14579476	1582	0.18676228598278222	1455
9001623	1707	0.182292166556119	1456
35497190	2096	0.16311040897970097	1457
16272469	616	0.10972353417016827	88
18464147	629	0.02320670222343001	86
13955186	686	0.1427489384892912	87
15197179	801	0.1389792279571745	1458
7459221	823	0.019732853879676555	1459
18754874	999	0.05846518527237975	1460
14579476	1330	0.11663019084017515	1461
16272469	616	0.10972353417016827	1462
18464147	629	0.02320670222343001	1463
13955186	686	0.1427489384892912	1464
15197179	801	0.1389792279571745	1465
7459221	823	0.019732853879676555	1466
18754874	999	0.05846518527237975	1467
14579476	1330	0.11663019084017515	1468
16272469	616	0.10972353417016827	1469
18464147	629	0.02320670222343001	1470
13955186	686	0.1427489384892912	1471
15197179	801	0.1389792279571745	1472
7459221	823	0.019732853879676555	1473
18754874	999	0.05846518527237975	1474
14579476	1330	0.11663019084017515	1475
16272469	616	0.10972353417016827	1476
18464147	629	0.02320670222343001	1477
13955186	686	0.1427489384892912	1478
15197179	801	0.1389792279571745	1479
7459221	823	0.019732853879676555	1480
18754874	999	0.05846518527237975	1481
14579476	1330	0.11663019084017515	1482
19514897	799	0.12259941651406928	89
16272469	900	0.21344767626614408	1483
14579493	914	0.016438443853022577	1484
14579494	931	0.03612869352514673	1485
16253106	1004	0.04694607252180303	1486
41522043	1008	0.234229049059058	1487
17791429	1011	0.1486830853806273	1488
18464147	1021	0.0451445234684961	1489
7461171	1027	0.11554620489836127	1490
21057006	1062	0.2155582029932699	1491
6677293	1065	0.16666482397649046	1492
7770986	1073	0.2225502516151514	1493
16250137	1085	0.1744264018732467	1494
18021634	1105	0.18437997659414937	1495
49650310	1169	0.1389792279571745	1496
14579476	1239	0.2268833519225143	1497
18754874	1715	0.11373364915046566	1498
35497190	1753	0.19815047844391045	1499
19514897	799	0.12259941651406928	1500
16272469	900	0.21344767626614408	1501
14579493	914	0.016438443853022577	1502
14579494	931	0.03612869352514673	1503
16253106	1004	0.04694607252180303	1504
41522043	1008	0.234229049059058	1505
17791429	1011	0.1486830853806273	1506
18464147	1021	0.0451445234684961	1507
7461171	1027	0.11554620489836127	1508
21057006	1062	0.2155582029932699	1509
6677293	1065	0.16666482397649046	1510
7770986	1073	0.2225502516151514	1511
16250137	1085	0.1744264018732467	1512
18021634	1105	0.18437997659414937	1513
49650310	1169	0.1389792279571745	1514
14579476	1239	0.2268833519225143	1515
18754874	1715	0.11373364915046566	1516
35497190	1753	0.19815047844391045	1517
19514897	799	0.12259941651406928	1518
16272469	900	0.21344767626614408	1519
14579493	914	0.016438443853022577	1520
14579494	931	0.03612869352514673	1521
16253106	1004	0.04694607252180303	1522
41522043	1008	0.234229049059058	1523
17791429	1011	0.1486830853806273	1524
18464147	1021	0.0451445234684961	1525
7461171	1027	0.11554620489836127	1526
21057006	1062	0.2155582029932699	1527
6677293	1065	0.16666482397649046	1528
7770986	1073	0.2225502516151514	1529
16250137	1085	0.1744264018732467	1530
18021634	1105	0.18437997659414937	1531
49650310	1169	0.1389792279571745	1532
14579476	1239	0.2268833519225143	1533
18754874	1715	0.11373364915046566	1534
35497190	1753	0.19815047844391045	1535
19514897	799	0.12259941651406928	1536
16272469	900	0.21344767626614408	1537
14579493	914	0.016438443853022577	1538
14579494	931	0.03612869352514673	1539
16253106	1004	0.04694607252180303	1540
41522043	1008	0.234229049059058	1541
17791429	1011	0.1486830853806273	1542
18464147	1021	0.0451445234684961	1543
7461171	1027	0.11554620489836127	1544
21057006	1062	0.2155582029932699	1545
6677293	1065	0.16666482397649046	1546
7770986	1073	0.2225502516151514	1547
16250137	1085	0.1744264018732467	1548
18021634	1105	0.18437997659414937	1549
49650310	1169	0.1389792279571745	1550
14579476	1239	0.2268833519225143	1551
18754874	1715	0.11373364915046566	1552
35497190	1753	0.19815047844391045	1553
7770986	391	0.03864433308037425	92
15197179	599	0.04694607252180303	90
19514897	699	0.02128855237343024	91
14579493	738	0.0028544236412626303	1554
41522043	832	0.04067227659032364	1555
17791429	835	0.02581780354399522	1556
16210652	845	0.03671625777897348	1557
7461171	851	0.020063810289403638	1558
16250137	909	0.03028795484651816	1559
14579476	1063	0.039396746390775575	1560
35497190	1577	0.0344074789107121	1561
7770986	391	0.03864433308037425	1562
15197179	599	0.04694607252180303	1563
19514897	699	0.02128855237343024	1564
14579493	738	0.0028544236412626303	1565
41522043	832	0.04067227659032364	1566
17791429	835	0.02581780354399522	1567
16210652	845	0.03671625777897348	1568
7461171	851	0.020063810289403638	1569
16250137	909	0.03028795484651816	1570
14579476	1063	0.039396746390775575	1571
35497190	1577	0.0344074789107121	1572
7770986	391	0.03864433308037425	1573
15197179	599	0.04694607252180303	1574
19514897	699	0.02128855237343024	1575
14579493	738	0.0028544236412626303	1576
41522043	832	0.04067227659032364	1577
17791429	835	0.02581780354399522	1578
16210652	845	0.03671625777897348	1579
7461171	851	0.020063810289403638	1580
16250137	909	0.03028795484651816	1581
14579476	1063	0.039396746390775575	1582
35497190	1577	0.0344074789107121	1583
7770986	391	0.03864433308037425	1584
15197179	599	0.04694607252180303	1585
19514897	699	0.02128855237343024	1586
14579493	738	0.0028544236412626303	1587
41522043	832	0.04067227659032364	1588
17791429	835	0.02581780354399522	1589
16210652	845	0.03671625777897348	1590
7461171	851	0.020063810289403638	1591
16250137	909	0.03028795484651816	1592
14579476	1063	0.039396746390775575	1593
35497190	1577	0.0344074789107121	1594
18021634	842	0.15177502283171315	93
16210652	845	0.17405529298073602	1595
18464147	896	0.03716136213228711	1596
49650310	906	0.11440274527620997	1597
16253106	969	0.03864433308037425	1598
16272469	1036	0.17570251681927	1599
13955186	1106	0.22858676541487824	1600
15197179	1118	0.2225502516151514	1601
7459221	1243	0.03159861844505469	1602
14579493	1257	0.013531540882023869	1603
41522043	1351	0.1928090019614258	1604
17791429	1354	0.12239061472497402	1605
7461171	1370	0.09511351617734755	1606
18754874	1419	0.0936214849107087	1607
16250137	1428	0.1435815950071318	1608
14579476	1582	0.18676228598278222	1609
9001623	1707	0.182292166556119	1610
35497190	2096	0.16311040897970097	1611
18021634	842	0.15177502283171315	1612
16210652	845	0.17405529298073602	1613
18464147	896	0.03716136213228711	1614
49650310	906	0.11440274527620997	1615
16253106	969	0.03864433308037425	1616
16272469	1036	0.17570251681927	1617
13955186	1106	0.22858676541487824	1618
15197179	1118	0.2225502516151514	1619
7459221	1243	0.03159861844505469	1620
14579493	1257	0.013531540882023869	1621
41522043	1351	0.1928090019614258	1622
17791429	1354	0.12239061472497402	1623
7461171	1370	0.09511351617734755	1624
18754874	1419	0.0936214849107087	1625
16250137	1428	0.1435815950071318	1626
14579476	1582	0.18676228598278222	1627
9001623	1707	0.182292166556119	1628
35497190	2096	0.16311040897970097	1629
18021634	842	0.15177502283171315	1630
16210652	845	0.17405529298073602	1631
18464147	896	0.03716136213228711	1632
49650310	906	0.11440274527620997	1633
16253106	969	0.03864433308037425	1634
16272469	1036	0.17570251681927	1635
13955186	1106	0.22858676541487824	1636
15197179	1118	0.2225502516151514	1637
7459221	1243	0.03159861844505469	1638
14579493	1257	0.013531540882023869	1639
41522043	1351	0.1928090019614258	1640
17791429	1354	0.12239061472497402	1641
7461171	1370	0.09511351617734755	1642
18754874	1419	0.0936214849107087	1643
16250137	1428	0.1435815950071318	1644
14579476	1582	0.18676228598278222	1645
9001623	1707	0.182292166556119	1646
35497190	2096	0.16311040897970097	1647
18021634	842	0.15177502283171315	1648
16210652	845	0.17405529298073602	1649
18464147	896	0.03716136213228711	1650
49650310	906	0.11440274527620997	1651
16253106	969	0.03864433308037425	1652
16272469	1036	0.17570251681927	1653
13955186	1106	0.22858676541487824	1654
15197179	1118	0.2225502516151514	1655
7459221	1243	0.03159861844505469	1656
14579493	1257	0.013531540882023869	1657
41522043	1351	0.1928090019614258	1658
17791429	1354	0.12239061472497402	1659
7461171	1370	0.09511351617734755	1660
18754874	1419	0.0936214849107087	1661
16250137	1428	0.1435815950071318	1662
14579476	1582	0.18676228598278222	1663
9001623	1707	0.182292166556119	1664
35497190	2096	0.16311040897970097	1665
16272469	616	0.10972353417016827	96
18464147	629	0.02320670222343001	94
13955186	686	0.1427489384892912	95
15197179	801	0.1389792279571745	1666
7459221	823	0.019732853879676555	1667
18754874	999	0.05846518527237975	1668
14579476	1330	0.11663019084017515	1669
16272469	616	0.10972353417016827	1670
18464147	629	0.02320670222343001	1671
13955186	686	0.1427489384892912	1672
15197179	801	0.1389792279571745	1673
7459221	823	0.019732853879676555	1674
18754874	999	0.05846518527237975	1675
14579476	1330	0.11663019084017515	1676
16272469	616	0.10972353417016827	1677
18464147	629	0.02320670222343001	1678
13955186	686	0.1427489384892912	1679
15197179	801	0.1389792279571745	1680
7459221	823	0.019732853879676555	1681
18754874	999	0.05846518527237975	1682
14579476	1330	0.11663019084017515	1683
16272469	616	0.10972353417016827	1684
18464147	629	0.02320670222343001	1685
13955186	686	0.1427489384892912	1686
15197179	801	0.1389792279571745	1687
7459221	823	0.019732853879676555	1688
18754874	999	0.05846518527237975	1689
14579476	1330	0.11663019084017515	1690
19514897	799	0.12259941651406928	97
16272469	900	0.21344767626614408	1691
14579493	914	0.016438443853022577	1692
14579494	931	0.03612869352514673	1693
16253106	1004	0.04694607252180303	1694
41522043	1008	0.234229049059058	1695
17791429	1011	0.1486830853806273	1696
18464147	1021	0.0451445234684961	1697
7461171	1027	0.11554620489836127	1698
21057006	1062	0.2155582029932699	1699
6677293	1065	0.16666482397649046	1700
7770986	1073	0.2225502516151514	1701
16250137	1085	0.1744264018732467	1702
18021634	1105	0.18437997659414937	1703
49650310	1169	0.1389792279571745	1704
14579476	1239	0.2268833519225143	1705
18754874	1715	0.11373364915046566	1706
35497190	1753	0.19815047844391045	1707
19514897	799	0.12259941651406928	1708
16272469	900	0.21344767626614408	1709
14579493	914	0.016438443853022577	1710
14579494	931	0.03612869352514673	1711
16253106	1004	0.04694607252180303	1712
41522043	1008	0.234229049059058	1713
17791429	1011	0.1486830853806273	1714
18464147	1021	0.0451445234684961	1715
7461171	1027	0.11554620489836127	1716
21057006	1062	0.2155582029932699	1717
6677293	1065	0.16666482397649046	1718
7770986	1073	0.2225502516151514	1719
16250137	1085	0.1744264018732467	1720
18021634	1105	0.18437997659414937	1721
49650310	1169	0.1389792279571745	1722
14579476	1239	0.2268833519225143	1723
18754874	1715	0.11373364915046566	1724
35497190	1753	0.19815047844391045	1725
19514897	799	0.12259941651406928	1726
16272469	900	0.21344767626614408	1727
14579493	914	0.016438443853022577	1728
14579494	931	0.03612869352514673	1729
16253106	1004	0.04694607252180303	1730
41522043	1008	0.234229049059058	1731
17791429	1011	0.1486830853806273	1732
18464147	1021	0.0451445234684961	1733
7461171	1027	0.11554620489836127	1734
21057006	1062	0.2155582029932699	1735
6677293	1065	0.16666482397649046	1736
7770986	1073	0.2225502516151514	1737
16250137	1085	0.1744264018732467	1738
18021634	1105	0.18437997659414937	1739
49650310	1169	0.1389792279571745	1740
14579476	1239	0.2268833519225143	1741
18754874	1715	0.11373364915046566	1742
35497190	1753	0.19815047844391045	1743
19514897	799	0.12259941651406928	1744
16272469	900	0.21344767626614408	1745
14579493	914	0.016438443853022577	1746
14579494	931	0.03612869352514673	1747
16253106	1004	0.04694607252180303	1748
41522043	1008	0.234229049059058	1749
17791429	1011	0.1486830853806273	1750
18464147	1021	0.0451445234684961	1751
7461171	1027	0.11554620489836127	1752
21057006	1062	0.2155582029932699	1753
6677293	1065	0.16666482397649046	1754
7770986	1073	0.2225502516151514	1755
16250137	1085	0.1744264018732467	1756
18021634	1105	0.18437997659414937	1757
49650310	1169	0.1389792279571745	1758
14579476	1239	0.2268833519225143	1759
18754874	1715	0.11373364915046566	1760
35497190	1753	0.19815047844391045	1761
7770986	391	0.03864433308037425	100
15197179	599	0.04694607252180303	98
19514897	699	0.02128855237343024	99
14579493	738	0.0028544236412626303	1762
41522043	832	0.04067227659032364	1763
17791429	835	0.02581780354399522	1764
16210652	845	0.03671625777897348	1765
7461171	851	0.020063810289403638	1766
16250137	909	0.03028795484651816	1767
14579476	1063	0.039396746390775575	1768
35497190	1577	0.0344074789107121	1769
7770986	391	0.03864433308037425	1770
15197179	599	0.04694607252180303	1771
19514897	699	0.02128855237343024	1772
14579493	738	0.0028544236412626303	1773
41522043	832	0.04067227659032364	1774
17791429	835	0.02581780354399522	1775
16210652	845	0.03671625777897348	1776
7461171	851	0.020063810289403638	1777
16250137	909	0.03028795484651816	1778
14579476	1063	0.039396746390775575	1779
35497190	1577	0.0344074789107121	1780
7770986	391	0.03864433308037425	1781
15197179	599	0.04694607252180303	1782
19514897	699	0.02128855237343024	1783
14579493	738	0.0028544236412626303	1784
41522043	832	0.04067227659032364	1785
17791429	835	0.02581780354399522	1786
16210652	845	0.03671625777897348	1787
7461171	851	0.020063810289403638	1788
16250137	909	0.03028795484651816	1789
14579476	1063	0.039396746390775575	1790
35497190	1577	0.0344074789107121	1791
7770986	391	0.03864433308037425	1792
15197179	599	0.04694607252180303	1793
19514897	699	0.02128855237343024	1794
14579493	738	0.0028544236412626303	1795
41522043	832	0.04067227659032364	1796
17791429	835	0.02581780354399522	1797
16210652	845	0.03671625777897348	1798
7461171	851	0.020063810289403638	1799
16250137	909	0.03028795484651816	1800
14579476	1063	0.039396746390775575	1801
35497190	1577	0.0344074789107121	1802
18021634	842	0.15177502283171315	101
16210652	845	0.17405529298073602	1803
18464147	896	0.03716136213228711	1804
49650310	906	0.11440274527620997	1805
16253106	969	0.03864433308037425	1806
16272469	1036	0.17570251681927	1807
13955186	1106	0.22858676541487824	1808
15197179	1118	0.2225502516151514	1809
7459221	1243	0.03159861844505469	1810
14579493	1257	0.013531540882023869	1811
41522043	1351	0.1928090019614258	1812
17791429	1354	0.12239061472497402	1813
7461171	1370	0.09511351617734755	1814
18754874	1419	0.0936214849107087	1815
16250137	1428	0.1435815950071318	1816
14579476	1582	0.18676228598278222	1817
9001623	1707	0.182292166556119	1818
35497190	2096	0.16311040897970097	1819
18021634	842	0.15177502283171315	1820
16210652	845	0.17405529298073602	1821
18464147	896	0.03716136213228711	1822
49650310	906	0.11440274527620997	1823
16253106	969	0.03864433308037425	1824
16272469	1036	0.17570251681927	1825
13955186	1106	0.22858676541487824	1826
15197179	1118	0.2225502516151514	1827
7459221	1243	0.03159861844505469	1828
14579493	1257	0.013531540882023869	1829
41522043	1351	0.1928090019614258	1830
17791429	1354	0.12239061472497402	1831
7461171	1370	0.09511351617734755	1832
18754874	1419	0.0936214849107087	1833
16250137	1428	0.1435815950071318	1834
14579476	1582	0.18676228598278222	1835
9001623	1707	0.182292166556119	1836
35497190	2096	0.16311040897970097	1837
18021634	842	0.15177502283171315	1838
16210652	845	0.17405529298073602	1839
18464147	896	0.03716136213228711	1840
49650310	906	0.11440274527620997	1841
16253106	969	0.03864433308037425	1842
16272469	1036	0.17570251681927	1843
13955186	1106	0.22858676541487824	1844
15197179	1118	0.2225502516151514	1845
7459221	1243	0.03159861844505469	1846
14579493	1257	0.013531540882023869	1847
41522043	1351	0.1928090019614258	1848
17791429	1354	0.12239061472497402	1849
7461171	1370	0.09511351617734755	1850
18754874	1419	0.0936214849107087	1851
16250137	1428	0.1435815950071318	1852
14579476	1582	0.18676228598278222	1853
9001623	1707	0.182292166556119	1854
35497190	2096	0.16311040897970097	1855
18021634	842	0.15177502283171315	1856
16210652	845	0.17405529298073602	1857
18464147	896	0.03716136213228711	1858
49650310	906	0.11440274527620997	1859
16253106	969	0.03864433308037425	1860
16272469	1036	0.17570251681927	1861
13955186	1106	0.22858676541487824	1862
15197179	1118	0.2225502516151514	1863
7459221	1243	0.03159861844505469	1864
14579493	1257	0.013531540882023869	1865
41522043	1351	0.1928090019614258	1866
17791429	1354	0.12239061472497402	1867
7461171	1370	0.09511351617734755	1868
18754874	1419	0.0936214849107087	1869
16250137	1428	0.1435815950071318	1870
14579476	1582	0.18676228598278222	1871
9001623	1707	0.182292166556119	1872
35497190	2096	0.16311040897970097	1873
16272469	616	0.10972353417016827	104
18464147	629	0.02320670222343001	102
13955186	686	0.1427489384892912	103
15197179	801	0.1389792279571745	1874
7459221	823	0.019732853879676555	1875
18754874	999	0.05846518527237975	1876
14579476	1330	0.11663019084017515	1877
16272469	616	0.10972353417016827	1878
18464147	629	0.02320670222343001	1879
13955186	686	0.1427489384892912	1880
15197179	801	0.1389792279571745	1881
7459221	823	0.019732853879676555	1882
18754874	999	0.05846518527237975	1883
14579476	1330	0.11663019084017515	1884
16272469	616	0.10972353417016827	1885
18464147	629	0.02320670222343001	1886
13955186	686	0.1427489384892912	1887
15197179	801	0.1389792279571745	1888
7459221	823	0.019732853879676555	1889
18754874	999	0.05846518527237975	1890
14579476	1330	0.11663019084017515	1891
16272469	616	0.10972353417016827	1892
18464147	629	0.02320670222343001	1893
13955186	686	0.1427489384892912	1894
15197179	801	0.1389792279571745	1895
7459221	823	0.019732853879676555	1896
18754874	999	0.05846518527237975	1897
14579476	1330	0.11663019084017515	1898
19514897	799	0.12259941651406928	105
16272469	900	0.21344767626614408	1899
14579493	914	0.016438443853022577	1900
14579494	931	0.03612869352514673	1901
16253106	1004	0.04694607252180303	1902
41522043	1008	0.234229049059058	1903
17791429	1011	0.1486830853806273	1904
18464147	1021	0.0451445234684961	1905
7461171	1027	0.11554620489836127	1906
21057006	1062	0.2155582029932699	1907
6677293	1065	0.16666482397649046	1908
7770986	1073	0.2225502516151514	1909
16250137	1085	0.1744264018732467	1910
18021634	1105	0.18437997659414937	1911
49650310	1169	0.1389792279571745	1912
14579476	1239	0.2268833519225143	1913
18754874	1715	0.11373364915046566	1914
35497190	1753	0.19815047844391045	1915
19514897	799	0.12259941651406928	1916
16272469	900	0.21344767626614408	1917
14579493	914	0.016438443853022577	1918
14579494	931	0.03612869352514673	1919
16253106	1004	0.04694607252180303	1920
41522043	1008	0.234229049059058	1921
17791429	1011	0.1486830853806273	1922
18464147	1021	0.0451445234684961	1923
7461171	1027	0.11554620489836127	1924
21057006	1062	0.2155582029932699	1925
6677293	1065	0.16666482397649046	1926
7770986	1073	0.2225502516151514	1927
16250137	1085	0.1744264018732467	1928
18021634	1105	0.18437997659414937	1929
49650310	1169	0.1389792279571745	1930
14579476	1239	0.2268833519225143	1931
18754874	1715	0.11373364915046566	1932
35497190	1753	0.19815047844391045	1933
19514897	799	0.12259941651406928	1934
16272469	900	0.21344767626614408	1935
14579493	914	0.016438443853022577	1936
14579494	931	0.03612869352514673	1937
16253106	1004	0.04694607252180303	1938
41522043	1008	0.234229049059058	1939
17791429	1011	0.1486830853806273	1940
18464147	1021	0.0451445234684961	1941
7461171	1027	0.11554620489836127	1942
21057006	1062	0.2155582029932699	1943
6677293	1065	0.16666482397649046	1944
7770986	1073	0.2225502516151514	1945
16250137	1085	0.1744264018732467	1946
18021634	1105	0.18437997659414937	1947
49650310	1169	0.1389792279571745	1948
14579476	1239	0.2268833519225143	1949
18754874	1715	0.11373364915046566	1950
35497190	1753	0.19815047844391045	1951
19514897	799	0.12259941651406928	1952
16272469	900	0.21344767626614408	1953
14579493	914	0.016438443853022577	1954
14579494	931	0.03612869352514673	1955
16253106	1004	0.04694607252180303	1956
41522043	1008	0.234229049059058	1957
17791429	1011	0.1486830853806273	1958
18464147	1021	0.0451445234684961	1959
7461171	1027	0.11554620489836127	1960
21057006	1062	0.2155582029932699	1961
6677293	1065	0.16666482397649046	1962
7770986	1073	0.2225502516151514	1963
16250137	1085	0.1744264018732467	1964
18021634	1105	0.18437997659414937	1965
49650310	1169	0.1389792279571745	1966
14579476	1239	0.2268833519225143	1967
18754874	1715	0.11373364915046566	1968
35497190	1753	0.19815047844391045	1969
7770986	391	0.03864433308037425	108
15197179	599	0.04694607252180303	106
19514897	699	0.02128855237343024	107
14579493	738	0.0028544236412626303	1970
41522043	832	0.04067227659032364	1971
17791429	835	0.02581780354399522	1972
16210652	845	0.03671625777897348	1973
7461171	851	0.020063810289403638	1974
16250137	909	0.03028795484651816	1975
14579476	1063	0.039396746390775575	1976
35497190	1577	0.0344074789107121	1977
7770986	391	0.03864433308037425	1978
15197179	599	0.04694607252180303	1979
19514897	699	0.02128855237343024	1980
14579493	738	0.0028544236412626303	1981
41522043	832	0.04067227659032364	1982
17791429	835	0.02581780354399522	1983
16210652	845	0.03671625777897348	1984
7461171	851	0.020063810289403638	1985
16250137	909	0.03028795484651816	1986
14579476	1063	0.039396746390775575	1987
35497190	1577	0.0344074789107121	1988
7770986	391	0.03864433308037425	1989
15197179	599	0.04694607252180303	1990
19514897	699	0.02128855237343024	1991
14579493	738	0.0028544236412626303	1992
41522043	832	0.04067227659032364	1993
17791429	835	0.02581780354399522	1994
16210652	845	0.03671625777897348	1995
7461171	851	0.020063810289403638	1996
16250137	909	0.03028795484651816	1997
14579476	1063	0.039396746390775575	1998
35497190	1577	0.0344074789107121	1999
7770986	391	0.03864433308037425	2000
15197179	599	0.04694607252180303	2001
19514897	699	0.02128855237343024	2002
14579493	738	0.0028544236412626303	2003
41522043	832	0.04067227659032364	2004
17791429	835	0.02581780354399522	2005
16210652	845	0.03671625777897348	2006
7461171	851	0.020063810289403638	2007
16250137	909	0.03028795484651816	2008
14579476	1063	0.039396746390775575	2009
35497190	1577	0.0344074789107121	2010
18021634	842	0.15177502283171315	109
16210652	845	0.17405529298073602	2011
18464147	896	0.03716136213228711	2012
49650310	906	0.11440274527620997	2013
16253106	969	0.03864433308037425	2014
16272469	1036	0.17570251681927	2015
13955186	1106	0.22858676541487824	2016
15197179	1118	0.2225502516151514	2017
7459221	1243	0.03159861844505469	2018
14579493	1257	0.013531540882023869	2019
41522043	1351	0.1928090019614258	2020
17791429	1354	0.12239061472497402	2021
7461171	1370	0.09511351617734755	2022
18754874	1419	0.0936214849107087	2023
16250137	1428	0.1435815950071318	2024
14579476	1582	0.18676228598278222	2025
9001623	1707	0.182292166556119	2026
35497190	2096	0.16311040897970097	2027
18021634	842	0.15177502283171315	2028
16210652	845	0.17405529298073602	2029
18464147	896	0.03716136213228711	2030
49650310	906	0.11440274527620997	2031
16253106	969	0.03864433308037425	2032
16272469	1036	0.17570251681927	2033
13955186	1106	0.22858676541487824	2034
15197179	1118	0.2225502516151514	2035
7459221	1243	0.03159861844505469	2036
14579493	1257	0.013531540882023869	2037
41522043	1351	0.1928090019614258	2038
17791429	1354	0.12239061472497402	2039
7461171	1370	0.09511351617734755	2040
18754874	1419	0.0936214849107087	2041
16250137	1428	0.1435815950071318	2042
14579476	1582	0.18676228598278222	2043
9001623	1707	0.182292166556119	2044
35497190	2096	0.16311040897970097	2045
18021634	842	0.15177502283171315	2046
16210652	845	0.17405529298073602	2047
18464147	896	0.03716136213228711	2048
49650310	906	0.11440274527620997	2049
16253106	969	0.03864433308037425	2050
16272469	1036	0.17570251681927	2051
13955186	1106	0.22858676541487824	2052
15197179	1118	0.2225502516151514	2053
7459221	1243	0.03159861844505469	2054
14579493	1257	0.013531540882023869	2055
41522043	1351	0.1928090019614258	2056
17791429	1354	0.12239061472497402	2057
7461171	1370	0.09511351617734755	2058
18754874	1419	0.0936214849107087	2059
16250137	1428	0.1435815950071318	2060
14579476	1582	0.18676228598278222	2061
9001623	1707	0.182292166556119	2062
35497190	2096	0.16311040897970097	2063
18021634	842	0.15177502283171315	2064
16210652	845	0.17405529298073602	2065
18464147	896	0.03716136213228711	2066
49650310	906	0.11440274527620997	2067
16253106	969	0.03864433308037425	2068
16272469	1036	0.17570251681927	2069
13955186	1106	0.22858676541487824	2070
15197179	1118	0.2225502516151514	2071
7459221	1243	0.03159861844505469	2072
14579493	1257	0.013531540882023869	2073
41522043	1351	0.1928090019614258	2074
17791429	1354	0.12239061472497402	2075
7461171	1370	0.09511351617734755	2076
18754874	1419	0.0936214849107087	2077
16250137	1428	0.1435815950071318	2078
14579476	1582	0.18676228598278222	2079
9001623	1707	0.182292166556119	2080
35497190	2096	0.16311040897970097	2081
16272469	616	0.10972353417016827	112
18464147	629	0.02320670222343001	110
13955186	686	0.1427489384892912	111
15197179	801	0.1389792279571745	2082
7459221	823	0.019732853879676555	2083
18754874	999	0.05846518527237975	2084
14579476	1330	0.11663019084017515	2085
16272469	616	0.10972353417016827	2086
18464147	629	0.02320670222343001	2087
13955186	686	0.1427489384892912	2088
15197179	801	0.1389792279571745	2089
7459221	823	0.019732853879676555	2090
18754874	999	0.05846518527237975	2091
14579476	1330	0.11663019084017515	2092
16272469	616	0.10972353417016827	2093
18464147	629	0.02320670222343001	2094
13955186	686	0.1427489384892912	2095
15197179	801	0.1389792279571745	2096
7459221	823	0.019732853879676555	2097
18754874	999	0.05846518527237975	2098
14579476	1330	0.11663019084017515	2099
16272469	616	0.10972353417016827	2100
18464147	629	0.02320670222343001	2101
13955186	686	0.1427489384892912	2102
15197179	801	0.1389792279571745	2103
7459221	823	0.019732853879676555	2104
18754874	999	0.05846518527237975	2105
14579476	1330	0.11663019084017515	2106
19514897	799	0.12259941651406928	113
16272469	900	0.21344767626614408	2107
14579493	914	0.016438443853022577	2108
14579494	931	0.03612869352514673	2109
16253106	1004	0.04694607252180303	2110
41522043	1008	0.234229049059058	2111
17791429	1011	0.1486830853806273	2112
18464147	1021	0.0451445234684961	2113
7461171	1027	0.11554620489836127	2114
21057006	1062	0.2155582029932699	2115
6677293	1065	0.16666482397649046	2116
7770986	1073	0.2225502516151514	2117
16250137	1085	0.1744264018732467	2118
18021634	1105	0.18437997659414937	2119
49650310	1169	0.1389792279571745	2120
14579476	1239	0.2268833519225143	2121
18754874	1715	0.11373364915046566	2122
35497190	1753	0.19815047844391045	2123
19514897	799	0.12259941651406928	2124
16272469	900	0.21344767626614408	2125
14579493	914	0.016438443853022577	2126
14579494	931	0.03612869352514673	2127
16253106	1004	0.04694607252180303	2128
41522043	1008	0.234229049059058	2129
17791429	1011	0.1486830853806273	2130
18464147	1021	0.0451445234684961	2131
7461171	1027	0.11554620489836127	2132
21057006	1062	0.2155582029932699	2133
6677293	1065	0.16666482397649046	2134
7770986	1073	0.2225502516151514	2135
16250137	1085	0.1744264018732467	2136
18021634	1105	0.18437997659414937	2137
49650310	1169	0.1389792279571745	2138
14579476	1239	0.2268833519225143	2139
18754874	1715	0.11373364915046566	2140
35497190	1753	0.19815047844391045	2141
19514897	799	0.12259941651406928	2142
16272469	900	0.21344767626614408	2143
14579493	914	0.016438443853022577	2144
14579494	931	0.03612869352514673	2145
16253106	1004	0.04694607252180303	2146
41522043	1008	0.234229049059058	2147
17791429	1011	0.1486830853806273	2148
18464147	1021	0.0451445234684961	2149
7461171	1027	0.11554620489836127	2150
21057006	1062	0.2155582029932699	2151
6677293	1065	0.16666482397649046	2152
7770986	1073	0.2225502516151514	2153
16250137	1085	0.1744264018732467	2154
18021634	1105	0.18437997659414937	2155
49650310	1169	0.1389792279571745	2156
14579476	1239	0.2268833519225143	2157
18754874	1715	0.11373364915046566	2158
35497190	1753	0.19815047844391045	2159
19514897	799	0.12259941651406928	2160
16272469	900	0.21344767626614408	2161
14579493	914	0.016438443853022577	2162
14579494	931	0.03612869352514673	2163
16253106	1004	0.04694607252180303	2164
41522043	1008	0.234229049059058	2165
17791429	1011	0.1486830853806273	2166
18464147	1021	0.0451445234684961	2167
7461171	1027	0.11554620489836127	2168
21057006	1062	0.2155582029932699	2169
6677293	1065	0.16666482397649046	2170
7770986	1073	0.2225502516151514	2171
16250137	1085	0.1744264018732467	2172
18021634	1105	0.18437997659414937	2173
49650310	1169	0.1389792279571745	2174
14579476	1239	0.2268833519225143	2175
18754874	1715	0.11373364915046566	2176
35497190	1753	0.19815047844391045	2177
