NEW
19514897
1
16272469
294
NEW
16250137
14
21056991
88
14579493
144
14579494
161
41522043
238
17791429
241
7461171
257
18752426
265
21057006
292
6677293
295
14579476
469
18678374
778
35497190
983
14581567
1337
7478255
3576
NEW
18130267
-1
NEW
18752428
0
NEW
18752426
13
16253106
57
7770986
126
18021634
158
18130742
185
18464147
212
49650310
222
21057029
432
15197179
434
21056991
475
21057002
727
14579476
898
15178444
956
14581567
1933
NEW
18130598
-1
NEW
14579088
13
18130742
663
18021634
676
16210652
679
18464147
730
49650310
740
21057029
950
15197179
952
21056991
993
15178444
1359
14579476
1416
7810038
2029
14581567
2160
7478255
4753
NEW
18464147
22
16253106
91
16272469
137
7770986
160
18021634
192
18130742
219
21057029
238
15197179
240
49650310
256
21057015
257
21056991
281
12998942
338
14579493
379
41522043
473
17791429
476
7461171
492
16250137
550
14579476
704
21057002
761
15178444
990
18678374
1013
35497190
1218
14581567
1967
NEW
41522043
12
21057006
54
6677293
57
16250137
97
17791429
99
14579493
150
21056991
192
7461171
199
14579476
411
18678374
720
35497190
925
14581567
1279
7478255
3518
NEW
14579494
22
14579088
250
14579476
350
18678374
659
14579493
699
41522043
729
17791429
732
7461171
748
18130742
781
18021634
794
16210652
797
16250137
806
18464147
848
49650310
858
35497190
1032
21057029
1068
15197179
1070
21056991
1111
14581567
1210
15178444
1477
18295122
1479
7810038
2147
7478255
3457
NEW
15197179
21
21057029
2
21057015
17
12998942
98
19514897
100
21056991
117
19514888
136
14579493
215
14579494
232
13303993
246
41522043
309
17791429
312
7461171
328
21057006
363
6677293
366
16250137
386
14579476
540
18678374
849
18754874
1016
35497190
1054
14581567
1408
7478255
3647
NEW
16272469
20
19514888
77
16253106
104
18464147
137
7770986
173
18021634
205
12998942
205
18130742
232
49650310
269
21056991
294
14579493
392
41522043
486
17791429
489
7461171
505
16250137
563
14579476
717
21057002
774
15178444
1003
18678374
1026
35497190
1231
14581567
1980
NEW
16211076
0
NEW
16253106
21
7770986
69
18130742
128
21057029
275
15197179
277
21057015
294
21056991
318
12998942
375
14579493
416
41522043
510
17791429
513
16210652
523
7461171
529
16250137
587
21057002
670
14579476
741
15178444
899
18678374
1050
35497190
1255
7810038
1873
14581567
1876
7478255
4469
NEW
14579493
5
14579494
17
14579476
367
18130742
798
14581567
1227
15178444
1494
NEW
49650310
8
16272469
129
18464147
142
13955186
199
15175195
239
7459221
336
18754874
512
9001819
669
7810038
1831
NEW
7770986
30
18130742
59
18021634
451
16210652
454
18464147
505
49650310
515
16253106
578
16272469
645
13955186
715
21057029
725
15197179
727
21057015
744
15175195
755
21056991
768
7459221
852
14579493
866
41522043
960
17791429
963
7461171
979
18754874
1028
16250137
1037
15178444
1134
9001819
1185
14579476
1191
21057002
1248
18678374
1500
35497190
1705
7810038
1804
14581567
1935
7478255
4528
18022059
4632
NEW
17791429
10
21057006
110
6677293
113
41522043
154
16250137
251
21056991
346
14579476
565
18754874
1198
14581567
1433
35497190
2216
7478255
4132
NEW
7461171
21
14579088
268
14579476
368
18678374
677
14579493
717
41522043
747
17791429
750
18130742
799
18021634
812
16210652
815
16250137
824
18464147
866
49650310
876
35497190
1050
21057029
1086
15197179
1088
21056991
1129
14581567
1228
15178444
1495
18295122
1497
7810038
2165
7478255
3475
NEW
6677293
11
21057006
3
41522043
57
17791429
113
16250137
154
21056991
249
13303993
280
12998942
428
14579476
468
18295122
616
18754874
1085
14581567
1336
NEW
21057006
11
6677293
3
41522043
54
17791429
110
16250137
151
21056991
246
13303993
283
12998942
431
14579476
465
18295122
619
18754874
1088
14581567
1333
NEW
18021634
10
7459221
390
16210652
843
9001819
855
7810038
1669
14581567
2298
7787802
3039
14018640
3100
24529322
3478
7478255
4891
18022059
4995
NEW
13955186
5
18464147
124
49650310
134
21057029
344
15197179
346
14579476
810
NEW
16210652
9
7459221
305
9001819
770
7810038
1584
14581567
2213
7787802
2954
14018640
3015
24529322
3393
7478255
4806
18022059
4910
NEW
14579476
17
18678374
308
14579493
381
14579494
398
41522043
411
17791429
414
21056991
423
14579088
427
7461171
430
21057006
465
6677293
468
16250137
488
18752426
600
35497190
681
16210652
974
18295122
1130
14581567
1131
7478255
3106
NEW
7459221
9
9001819
462
16210652
798
7810038
1492
7787802
2862
14018640
2923
14581567
3154
24529322
3301
7478255
5747
18022059
5851
NEW
18754874
34
13303993
378
16272469
473
12998942
478
15175195
529
19514888
534
21057015
559
15197179
576
16253106
577
21057029
578
19514897
582
6677293
583
21057006
586
18464147
594
41522043
640
7770986
646
18021634
678
21056991
693
17791429
696
18130742
705
18295122
729
16250137
737
49650310
742
9001623
824
9001819
912
14579476
1116
21057002
1247
15178444
1476
14581567
2453
7787802
2710
7810038
2829
14018640
3073
24529322
3464
7478255
4694
18022059
5086
NEW
35497190
16
18678374
804
14579476
987
14579493
1014
41522043
1044
17791429
1047
21056991
1056
7461171
1063
16250137
1121
18295122
1137
14581567
1173
18754874
2766
7478255
3084
18022059
3188
7787802
4453
14018640
4816
24529322
5207
NEW
9001623
10
15175195
370
18754874
421
9001819
753
7787802
2335
7810038
2454
14018640
2698
24529322
3089
14581567
4116
7478255
4707
18022059
5099
NEW
15178444
36
14579088
464
14579476
486
18678374
711
14579493
868
14579494
885
41522043
898
17791429
901
21056991
910
7461171
917
21057006
952
6677293
955
16250137
975
18130742
995
18021634
1008
16210652
1011
18464147
1062
49650310
1072
35497190
1083
18752426
1087
16253106
1135
16272469
1202
7770986
1204
13955186
1272
21057029
1282
15197179
1284
21057015
1301
15175195
1312
7459221
1409
18295122
1530
14581567
1557
18754874
1585
9001819
1742
7810038
1764
21057002
1805
7478255
4150
18022059
4254
NEW
21057029
21
15197179
2
21057015
19
12998942
100
19514897
102
21056991
115
19514888
138
14579493
213
14579494
230
13303993
248
41522043
307
17791429
310
7461171
326
21057006
361
6677293
364
16250137
384
14579476
538
18678374
847
18754874
1018
35497190
1052
14581567
1406
7478255
3645
NEW
21057015
18
15197179
17
21057029
19
12998942
81
19514897
83
19514888
119
21056991
134
13303993
229
14579493
232
41522043
326
17791429
329
7461171
345
16250137
403
14579476
557
18678374
866
18754874
999
35497190
1071
14581567
1425
7478255
3664
NEW
19514888
15
21057029
187
15197179
189
21057015
206
21056991
230
12998942
287
14579493
328
41522043
422
17791429
425
7461171
441
16250137
499
14579476
653
18678374
962
35497190
1167
14581567
1521
7478255
3760
NEW
21056991
13
14579493
98
14579494
115
18752426
177
41522043
192
17791429
195
7461171
211
21057006
246
6677293
249
16250137
269
14579476
423
18678374
732
35497190
937
7478255
3530
NEW
12998942
21
21057015
81
15197179
98
21057029
100
19514897
104
19514888
140
13303993
148
16272469
205
21056991
215
6677293
310
21057006
313
14579493
313
41522043
407
17791429
410
7461171
426
16250137
484
14579476
638
18295122
703
18754874
918
18678374
947
35497190
1152
7478255
3745
NEW
18130742
30
18021634
392
16210652
395
18464147
446
49650310
456
16253106
519
16272469
586
7770986
588
13955186
656
21057029
666
15197179
668
21057015
685
15175195
696
21056991
709
7459221
793
14579493
807
41522043
901
17791429
904
7461171
920
18754874
969
16250137
978
15178444
1075
9001819
1126
14579476
1132
21057002
1189
18678374
1441
35497190
1646
7810038
1745
14581567
1876
7478255
4469
18022059
4573
NEW
13303993
12
12998942
148
21057015
229
15197179
246
21057029
248
19514897
252
19514888
288
21056991
363
6677293
458
21057006
461
18295122
555
18754874
770
14579476
786
NEW
15175195
10
18754874
273
16272469
333
18464147
348
9001623
561
9001819
649
18295122
824
7787802
2447
7810038
2566
14018640
2810
24529322
3201
NEW
18295122
10
14579493
601
41522043
631
17791429
634
21056991
643
7461171
650
14579476
698
16250137
708
18678374
1007
35497190
2181
7478255
4097
NEW
21057002
34
15178444
279
18678374
705
14579088
743
14579476
765
18130742
1037
18021634
1050
16210652
1053
18464147
1104
49650310
1114
16253106
1177
16272469
1244
7770986
1246
14581567
1256
13955186
1314
21057029
1324
15197179
1326
21057015
1343
15175195
1354
21056991
1367
7459221
1451
7810038
1463
14579493
1465
41522043
1559
17791429
1562
7461171
1578
18754874
1627
16250137
1636
9001819
1784
35497190
3020
7478255
3849
18022059
3953
7787802
4698
14018640
4759
24529322
5137
NEW
9001819
14
15175195
786
18754874
837
9001623
865
13955186
975
7459221
1019
7787802
2017
7810038
2136
14018640
2380
24529322
2771
15178444
3506
14581567
3798
35497190
3895
7478255
6391
18022059
6495
NEW
18678374
19
14579476
383
35497190
664
14579493
765
41522043
795
17791429
798
21056991
807
14579088
811
7461171
814
14581567
865
16250137
872
16210652
1358
18295122
1519
15178444
1566
7478255
2863
18022059
2967
7810038
3376
7787802
4496
14018640
4859
24529322
5250
NEW
14581567
39
18678374
740
15178444
845
14579476
923
14579088
1309
7810038
1535
18130742
1717
18021634
1730
16210652
1733
18464147
1784
49650310
1794
35497190
1808
16253106
1857
16272469
1924
7770986
1926
13955186
1994
21057029
2004
15197179
2006
21057015
2023
15175195
2034
21056991
2047
7459221
2131
18754874
2307
9001819
2464
21057002
2527
7478255
2637
18295122
2663
14579493
2702
14579494
2719
41522043
2732
17791429
2735
18022059
2741
7461171
2751
21057006
2786
6677293
2789
16250137
2809
18752426
2921
7787802
4770
14018640
4831
24529322
5209
NEW
7787802
13
9001819
1674
13955186
1859
7459221
1937
24529322
1961
18754874
2070
7810038
2287
16210652
2418
14018640
2421
15178444
3657
14581567
3949
35497190
4408
7478255
6542
18022059
6646
NEW
7810038
20
15178444
2469
18130742
2514
18021634
2527
16210652
2530
18464147
2581
49650310
2591
7459221
2670
14581567
2761
21057029
2801
15197179
2803
9001819
2841
21056991
2844
18678374
2853
14579476
3267
7787802
4334
14018640
4395
35497190
4525
24529322
4773
7478255
5354
18022059
5458
NEW
7478255
37
18022059
1334
35497190
3165
18678374
3275
14581567
3411
14579476
3458
15178444
3811
18295122
4020
14579493
4059
14579494
4076
41522043
4089
17791429
4092
21056991
4101
7461171
4108
21057006
4143
6677293
4146
16250137
4166
18752426
4278
7810038
4881
13303993
4992
18130742
5063
18021634
5076
16210652
5079
18464147
5130
49650310
5140
16253106
5203
16272469
5270
7770986
5272
18754874
5310
13955186
5340
21057029
5350
15197179
5352
21057015
5369
15175195
5380
7459221
5477
9001819
5810
21057002
5873
7787802
8116
NEW
18022059
24
7478255
2103
35497190
2841
18678374
2951
14581567
3087
14579476
3134
15178444
3487
18295122
3696
14579493
3735
41522043
3765
17791429
3768
21056991
3777
7461171
3784
16250137
3842
7810038
4557
13303993
4668
18130742
4739
18021634
4752
16210652
4755
18464147
4806
49650310
4816
18754874
4986
21057029
5026
15197179
5028
7787802
7792
NEW
14018640
11
7787802
1668
24529322
2371
9001819
3288
13955186
3473
7459221
3551
18754874
3684
7810038
3901
16210652
4032
15178444
5271
14581567
5563
35497190
6022
NEW
24529322
11
7787802
2088
9001819
3708
13955186
3893
7459221
3971
18754874
4104
7810038
4321
16210652
4452
14018640
4455
15178444
5691
14581567
5983
35497190
6442
NEW
6590008
17
7787802
2344
9001819
3964
13955186
4149
7459221
4227
16272469
4235
18464147
4248
15175195
4345
18754874
4360
49650310
4387
7810038
4577
21056991
4640
16210652
4708
14018640
4711
14579476
5063
15178444
5947
14581567
6239
35497190
6698
