14579493	632	0.192074899491506	0
18752426	753	0.07766197525686729	2
21057006	780	0.10814387145537636	3
15197179	1186	0.1359519177621991	4
14579493	632	0.192074899491506	5
18752426	753	0.07766197525686729	6
21057006	780	0.10814387145537636	7
15197179	1186	0.1359519177621991	8
14579493	632	0.192074899491506	9
18752426	753	0.07766197525686729	10
21057006	780	0.10814387145537636	11
15197179	1186	0.1359519177621991	12
14579493	632	0.192074899491506	13
18752426	753	0.07766197525686729	14
21057006	780	0.10814387145537636	15
15197179	1186	0.1359519177621991	16
14579493	632	0.192074899491506	17
18752426	753	0.07766197525686729	18
21057006	780	0.10814387145537636	19
15197179	1186	0.1359519177621991	20
14579493	632	0.192074899491506	21
18752426	753	0.07766197525686729	22
21057006	780	0.10814387145537636	23
15197179	1186	0.1359519177621991	24
14579493	632	0.192074899491506	25
18752426	753	0.07766197525686729	26
21057006	780	0.10814387145537636	27
15197179	1186	0.1359519177621991	28
14579493	632	0.192074899491506	29
18752426	753	0.07766197525686729	30
21057006	780	0.10814387145537636	31
15197179	1186	0.1359519177621991	32
14579493	632	0.192074899491506	33
18752426	753	0.07766197525686729	34
21057006	780	0.10814387145537636	35
15197179	1186	0.1359519177621991	36
14579493	632	0.192074899491506	37
18752426	753	0.07766197525686729	38
21057006	780	0.10814387145537636	39
15197179	1186	0.1359519177621991	40
14579493	632	0.192074899491506	41
18752426	753	0.07766197525686729	42
21057006	780	0.10814387145537636	43
15197179	1186	0.1359519177621991	44
14579493	632	0.192074899491506	45
18752426	753	0.07766197525686729	46
21057006	780	0.10814387145537636	47
15197179	1186	0.1359519177621991	48
14579493	632	0.192074899491506	49
18752426	753	0.07766197525686729	50
21057006	780	0.10814387145537636	51
15197179	1186	0.1359519177621991	52
14579493	632	0.192074899491506	53
18752426	753	0.07766197525686729	54
21057006	780	0.10814387145537636	55
15197179	1186	0.1359519177621991	56
14579493	632	0.192074899491506	57
18752426	753	0.07766197525686729	58
21057006	780	0.10814387145537636	59
15197179	1186	0.1359519177621991	60
14579493	632	0.192074899491506	61
18752426	753	0.07766197525686729	62
21057006	780	0.10814387145537636	63
15197179	1186	0.1359519177621991	64
14579493	632	0.192074899491506	65
18752426	753	0.07766197525686729	66
21057006	780	0.10814387145537636	67
15197179	1186	0.1359519177621991	68
14579493	632	0.192074899491506	69
18752426	753	0.07766197525686729	70
21057006	780	0.10814387145537636	71
15197179	1186	0.1359519177621991	72
14579493	632	0.192074899491506	73
18752426	753	0.07766197525686729	74
21057006	780	0.10814387145537636	75
15197179	1186	0.1359519177621991	76
14579493	632	0.192074899491506	77
18752426	753	0.07766197525686729	78
21057006	780	0.10814387145537636	79
15197179	1186	0.1359519177621991	80
14579493	632	0.192074899491506	81
18752426	753	0.07766197525686729	82
21057006	780	0.10814387145537636	83
15197179	1186	0.1359519177621991	84
14579493	632	0.192074899491506	85
18752426	753	0.07766197525686729	86
21057006	780	0.10814387145537636	87
15197179	1186	0.1359519177621991	88
14579493	632	0.192074899491506	89
18752426	753	0.07766197525686729	90
21057006	780	0.10814387145537636	91
15197179	1186	0.1359519177621991	92
14579493	632	0.192074899491506	93
18752426	753	0.07766197525686729	94
21057006	780	0.10814387145537636	95
15197179	1186	0.1359519177621991	96
14579493	632	0.192074899491506	97
18752426	753	0.07766197525686729	98
21057006	780	0.10814387145537636	99
15197179	1186	0.1359519177621991	100
14579493	632	0.192074899491506	101
18752426	753	0.07766197525686729	102
21057006	780	0.10814387145537636	103
15197179	1186	0.1359519177621991	104
14579493	632	0.192074899491506	105
18752426	753	0.07766197525686729	106
21057006	780	0.10814387145537636	107
15197179	1186	0.1359519177621991	108
14579493	632	0.192074899491506	109
18752426	753	0.07766197525686729	110
21057006	780	0.10814387145537636	111
15197179	1186	0.1359519177621991	112
14579493	632	0.192074899491506	113
18752426	753	0.07766197525686729	114
21057006	780	0.10814387145537636	115
15197179	1186	0.1359519177621991	116
14579493	632	0.192074899491506	117
18752426	753	0.07766197525686729	118
21057006	780	0.10814387145537636	119
15197179	1186	0.1359519177621991	120
14579493	632	0.192074899491506	121
18752426	753	0.07766197525686729	122
21057006	780	0.10814387145537636	123
15197179	1186	0.1359519177621991	124
14579493	632	0.192074899491506	125
18752426	753	0.07766197525686729	126
21057006	780	0.10814387145537636	127
15197179	1186	0.1359519177621991	128
14579493	632	0.192074899491506	129
18752426	753	0.07766197525686729	130
21057006	780	0.10814387145537636	131
15197179	1186	0.1359519177621991	132
14579493	632	0.192074899491506	133
18752426	753	0.07766197525686729	134
21057006	780	0.10814387145537636	135
15197179	1186	0.1359519177621991	136
14579493	632	0.192074899491506	137
18752426	753	0.07766197525686729	138
21057006	780	0.10814387145537636	139
15197179	1186	0.1359519177621991	140
14579493	632	0.192074899491506	141
18752426	753	0.07766197525686729	142
21057006	780	0.10814387145537636	143
15197179	1186	0.1359519177621991	144
14579493	632	0.192074899491506	145
18752426	753	0.07766197525686729	146
21057006	780	0.10814387145537636	147
15197179	1186	0.1359519177621991	148
14579493	632	0.192074899491506	149
18752426	753	0.07766197525686729	150
21057006	780	0.10814387145537636	151
15197179	1186	0.1359519177621991	152
14579493	632	0.192074899491506	153
18752426	753	0.07766197525686729	154
21057006	780	0.10814387145537636	155
15197179	1186	0.1359519177621991	156
14579493	632	0.192074899491506	157
18752426	753	0.07766197525686729	158
21057006	780	0.10814387145537636	159
15197179	1186	0.1359519177621991	160
14579493	632	0.192074899491506	161
18752426	753	0.07766197525686729	162
21057006	780	0.10814387145537636	163
15197179	1186	0.1359519177621991	164
14579493	632	0.192074899491506	165
18752426	753	0.07766197525686729	166
21057006	780	0.10814387145537636	167
15197179	1186	0.1359519177621991	168
14579493	632	0.192074899491506	169
18752426	753	0.07766197525686729	170
21057006	780	0.10814387145537636	171
15197179	1186	0.1359519177621991	172
14579493	632	0.192074899491506	173
18752426	753	0.07766197525686729	174
21057006	780	0.10814387145537636	175
15197179	1186	0.1359519177621991	176
14579493	632	0.192074899491506	177
18752426	753	0.07766197525686729	178
21057006	780	0.10814387145537636	179
15197179	1186	0.1359519177621991	180
14579493	632	0.192074899491506	181
18752426	753	0.07766197525686729	182
21057006	780	0.10814387145537636	183
15197179	1186	0.1359519177621991	184
14579493	632	0.192074899491506	185
18752426	753	0.07766197525686729	186
21057006	780	0.10814387145537636	187
15197179	1186	0.1359519177621991	188
14579493	632	0.192074899491506	189
18752426	753	0.07766197525686729	190
21057006	780	0.10814387145537636	191
15197179	1186	0.1359519177621991	192
14579493	632	0.192074899491506	193
18752426	753	0.07766197525686729	194
21057006	780	0.10814387145537636	195
15197179	1186	0.1359519177621991	196
14579493	632	0.192074899491506	197
18752426	753	0.07766197525686729	198
21057006	780	0.10814387145537636	199
15197179	1186	0.1359519177621991	200
14579493	632	0.192074899491506	201
18752426	753	0.07766197525686729	202
21057006	780	0.10814387145537636	203
15197179	1186	0.1359519177621991	204
14579493	632	0.192074899491506	205
18752426	753	0.07766197525686729	206
21057006	780	0.10814387145537636	207
15197179	1186	0.1359519177621991	208
14579493	632	0.192074899491506	209
18752426	753	0.07766197525686729	210
21057006	780	0.10814387145537636	211
15197179	1186	0.1359519177621991	212
14579493	632	0.192074899491506	213
18752426	753	0.07766197525686729	214
21057006	780	0.10814387145537636	215
15197179	1186	0.1359519177621991	216
14579493	632	0.192074899491506	217
18752426	753	0.07766197525686729	218
21057006	780	0.10814387145537636	219
15197179	1186	0.1359519177621991	220
14579493	632	0.192074899491506	221
18752426	753	0.07766197525686729	222
21057006	780	0.10814387145537636	223
15197179	1186	0.1359519177621991	224
14579493	632	0.192074899491506	225
18752426	753	0.07766197525686729	226
21057006	780	0.10814387145537636	227
15197179	1186	0.1359519177621991	228
14579493	632	0.192074899491506	229
18752426	753	0.07766197525686729	230
21057006	780	0.10814387145537636	231
15197179	1186	0.1359519177621991	232
14579493	632	0.192074899491506	233
18752426	753	0.07766197525686729	234
21057006	780	0.10814387145537636	235
15197179	1186	0.1359519177621991	236
14579493	632	0.192074899491506	237
18752426	753	0.07766197525686729	238
21057006	780	0.10814387145537636	239
15197179	1186	0.1359519177621991	240
14579493	632	0.192074899491506	241
18752426	753	0.07766197525686729	242
21057006	780	0.10814387145537636	243
15197179	1186	0.1359519177621991	244
14579493	632	0.192074899491506	245
18752426	753	0.07766197525686729	246
21057006	780	0.10814387145537636	247
15197179	1186	0.1359519177621991	248
14579493	632	0.192074899491506	249
18752426	753	0.07766197525686729	250
21057006	780	0.10814387145537636	251
15197179	1186	0.1359519177621991	252
14579493	632	0.192074899491506	253
18752426	753	0.07766197525686729	254
21057006	780	0.10814387145537636	255
15197179	1186	0.1359519177621991	256
14579493	632	0.192074899491506	257
18752426	753	0.07766197525686729	258
21057006	780	0.10814387145537636	259
15197179	1186	0.1359519177621991	260
14579493	632	0.192074899491506	261
18752426	753	0.07766197525686729	262
21057006	780	0.10814387145537636	263
15197179	1186	0.1359519177621991	264
14579493	632	0.192074899491506	265
18752426	753	0.07766197525686729	266
21057006	780	0.10814387145537636	267
15197179	1186	0.1359519177621991	268
14579493	632	0.192074899491506	269
18752426	753	0.07766197525686729	270
21057006	780	0.10814387145537636	271
15197179	1186	0.1359519177621991	272
14579493	632	0.192074899491506	273
18752426	753	0.07766197525686729	274
21057006	780	0.10814387145537636	275
15197179	1186	0.1359519177621991	276
14579493	632	0.192074899491506	277
18752426	753	0.07766197525686729	278
21057006	780	0.10814387145537636	279
15197179	1186	0.1359519177621991	280
14579493	632	0.192074899491506	281
18752426	753	0.07766197525686729	282
21057006	780	0.10814387145537636	283
15197179	1186	0.1359519177621991	284
14579493	632	0.192074899491506	285
18752426	753	0.07766197525686729	286
21057006	780	0.10814387145537636	287
15197179	1186	0.1359519177621991	288
14579493	632	0.192074899491506	289
18752426	753	0.07766197525686729	290
21057006	780	0.10814387145537636	291
15197179	1186	0.1359519177621991	292
14579493	632	0.192074899491506	293
18752426	753	0.07766197525686729	294
21057006	780	0.10814387145537636	295
15197179	1186	0.1359519177621991	296
14579493	632	0.192074899491506	297
18752426	753	0.07766197525686729	298
21057006	780	0.10814387145537636	299
15197179	1186	0.1359519177621991	300
14579493	632	0.192074899491506	301
18752426	753	0.07766197525686729	302
21057006	780	0.10814387145537636	303
15197179	1186	0.1359519177621991	304
14579493	632	0.192074899491506	305
18752426	753	0.07766197525686729	306
21057006	780	0.10814387145537636	307
15197179	1186	0.1359519177621991	308
14579493	632	0.192074899491506	309
18752426	753	0.07766197525686729	310
21057006	780	0.10814387145537636	311
15197179	1186	0.1359519177621991	312
14579493	632	0.192074899491506	313
18752426	753	0.07766197525686729	314
21057006	780	0.10814387145537636	315
15197179	1186	0.1359519177621991	316
14579493	632	0.192074899491506	317
18752426	753	0.07766197525686729	318
21057006	780	0.10814387145537636	319
15197179	1186	0.1359519177621991	320
14579493	632	0.192074899491506	321
18752426	753	0.07766197525686729	322
21057006	780	0.10814387145537636	323
15197179	1186	0.1359519177621991	324
14579493	632	0.192074899491506	325
18752426	753	0.07766197525686729	326
21057006	780	0.10814387145537636	327
15197179	1186	0.1359519177621991	328
14579493	632	0.192074899491506	329
18752426	753	0.07766197525686729	330
21057006	780	0.10814387145537636	331
15197179	1186	0.1359519177621991	332
14579493	632	0.192074899491506	333
18752426	753	0.07766197525686729	334
21057006	780	0.10814387145537636	335
15197179	1186	0.1359519177621991	336
14579493	632	0.192074899491506	337
18752426	753	0.07766197525686729	338
21057006	780	0.10814387145537636	339
15197179	1186	0.1359519177621991	340
14579493	632	0.192074899491506	341
18752426	753	0.07766197525686729	342
21057006	780	0.10814387145537636	343
15197179	1186	0.1359519177621991	344
14579493	632	0.192074899491506	345
18752426	753	0.07766197525686729	346
21057006	780	0.10814387145537636	347
15197179	1186	0.1359519177621991	348
14579493	632	0.192074899491506	349
18752426	753	0.07766197525686729	350
21057006	780	0.10814387145537636	351
15197179	1186	0.1359519177621991	352
14579493	632	0.192074899491506	353
18752426	753	0.07766197525686729	354
21057006	780	0.10814387145537636	355
15197179	1186	0.1359519177621991	356
14579493	632	0.192074899491506	357
18752426	753	0.07766197525686729	358
21057006	780	0.10814387145537636	359
15197179	1186	0.1359519177621991	360
14579493	632	0.192074899491506	361
18752426	753	0.07766197525686729	362
21057006	780	0.10814387145537636	363
15197179	1186	0.1359519177621991	364
14579493	632	0.192074899491506	365
18752426	753	0.07766197525686729	366
21057006	780	0.10814387145537636	367
15197179	1186	0.1359519177621991	368
14579493	632	0.192074899491506	369
18752426	753	0.07766197525686729	370
21057006	780	0.10814387145537636	371
15197179	1186	0.1359519177621991	372
14579493	632	0.192074899491506	373
18752426	753	0.07766197525686729	374
21057006	780	0.10814387145537636	375
15197179	1186	0.1359519177621991	376
14579493	632	0.192074899491506	377
18752426	753	0.07766197525686729	378
21057006	780	0.10814387145537636	379
15197179	1186	0.1359519177621991	380
14579493	632	0.192074899491506	381
18752426	753	0.07766197525686729	382
21057006	780	0.10814387145537636	383
15197179	1186	0.1359519177621991	384
14579493	632	0.192074899491506	385
18752426	753	0.07766197525686729	386
21057006	780	0.10814387145537636	387
15197179	1186	0.1359519177621991	388
14579493	632	0.192074899491506	389
18752426	753	0.07766197525686729	390
21057006	780	0.10814387145537636	391
15197179	1186	0.1359519177621991	392
14579493	632	0.192074899491506	393
18752426	753	0.07766197525686729	394
21057006	780	0.10814387145537636	395
15197179	1186	0.1359519177621991	396
14579493	632	0.192074899491506	397
18752426	753	0.07766197525686729	398
21057006	780	0.10814387145537636	399
15197179	1186	0.1359519177621991	400
14579493	632	0.192074899491506	401
18752426	753	0.07766197525686729	402
21057006	780	0.10814387145537636	403
15197179	1186	0.1359519177621991	404
14579493	632	0.192074899491506	405
18752426	753	0.07766197525686729	406
21057006	780	0.10814387145537636	407
15197179	1186	0.1359519177621991	408
14579493	632	0.192074899491506	409
18752426	753	0.07766197525686729	410
21057006	780	0.10814387145537636	411
15197179	1186	0.1359519177621991	412
14579493	632	0.192074899491506	413
18752426	753	0.07766197525686729	414
21057006	780	0.10814387145537636	415
15197179	1186	0.1359519177621991	416
14579493	632	0.192074899491506	417
18752426	753	0.07766197525686729	418
21057006	780	0.10814387145537636	419
15197179	1186	0.1359519177621991	420
14579493	632	0.192074899491506	421
18752426	753	0.07766197525686729	422
21057006	780	0.10814387145537636	423
15197179	1186	0.1359519177621991	424
14579493	632	0.192074899491506	425
18752426	753	0.07766197525686729	426
21057006	780	0.10814387145537636	427
15197179	1186	0.1359519177621991	428
14579493	632	0.192074899491506	429
18752426	753	0.07766197525686729	430
21057006	780	0.10814387145537636	431
15197179	1186	0.1359519177621991	432
14579493	632	0.192074899491506	433
18752426	753	0.07766197525686729	434
21057006	780	0.10814387145537636	435
15197179	1186	0.1359519177621991	436
14579493	632	0.192074899491506	437
18752426	753	0.07766197525686729	438
21057006	780	0.10814387145537636	439
15197179	1186	0.1359519177621991	440
14579493	632	0.192074899491506	441
18752426	753	0.07766197525686729	442
21057006	780	0.10814387145537636	443
15197179	1186	0.1359519177621991	444
14579493	632	0.192074899491506	445
18752426	753	0.07766197525686729	446
21057006	780	0.10814387145537636	447
15197179	1186	0.1359519177621991	448
14579493	632	0.192074899491506	449
18752426	753	0.07766197525686729	450
21057006	780	0.10814387145537636	451
15197179	1186	0.1359519177621991	452
14579493	632	0.192074899491506	453
18752426	753	0.07766197525686729	454
21057006	780	0.10814387145537636	455
15197179	1186	0.1359519177621991	456
14579493	632	0.192074899491506	457
18752426	753	0.07766197525686729	458
21057006	780	0.10814387145537636	459
15197179	1186	0.1359519177621991	460
14579493	632	0.192074899491506	461
18752426	753	0.07766197525686729	462
21057006	780	0.10814387145537636	463
15197179	1186	0.1359519177621991	464
14579493	632	0.192074899491506	465
18752426	753	0.07766197525686729	466
21057006	780	0.10814387145537636	467
15197179	1186	0.1359519177621991	468
14579493	632	0.192074899491506	469
18752426	753	0.07766197525686729	470
21057006	780	0.10814387145537636	471
15197179	1186	0.1359519177621991	472
14579493	632	0.192074899491506	473
18752426	753	0.07766197525686729	474
21057006	780	0.10814387145537636	475
15197179	1186	0.1359519177621991	476
14579493	632	0.192074899491506	477
18752426	753	0.07766197525686729	478
21057006	780	0.10814387145537636	479
15197179	1186	0.1359519177621991	480
14579493	632	0.192074899491506	481
18752426	753	0.07766197525686729	482
21057006	780	0.10814387145537636	483
15197179	1186	0.1359519177621991	484
14579493	632	0.192074899491506	485
18752426	753	0.07766197525686729	486
21057006	780	0.10814387145537636	487
15197179	1186	0.1359519177621991	488
14579493	632	0.192074899491506	489
18752426	753	0.07766197525686729	490
21057006	780	0.10814387145537636	491
15197179	1186	0.1359519177621991	492
14579493	632	0.192074899491506	493
18752426	753	0.07766197525686729	494
21057006	780	0.10814387145537636	495
15197179	1186	0.1359519177621991	496
14579493	632	0.192074899491506	497
18752426	753	0.07766197525686729	498
21057006	780	0.10814387145537636	499
15197179	1186	0.1359519177621991	500
14579493	632	0.192074899491506	501
18752426	753	0.07766197525686729	502
21057006	780	0.10814387145537636	503
15197179	1186	0.1359519177621991	504
14579493	632	0.192074899491506	505
18752426	753	0.07766197525686729	506
21057006	780	0.10814387145537636	507
15197179	1186	0.1359519177621991	508
14579493	632	0.192074899491506	509
18752426	753	0.07766197525686729	510
21057006	780	0.10814387145537636	511
15197179	1186	0.1359519177621991	512
14579493	632	0.192074899491506	513
18752426	753	0.07766197525686729	514
21057006	780	0.10814387145537636	515
15197179	1186	0.1359519177621991	516
14579493	632	0.192074899491506	517
18752426	753	0.07766197525686729	518
21057006	780	0.10814387145537636	519
15197179	1186	0.1359519177621991	520
14579493	632	0.192074899491506	521
18752426	753	0.07766197525686729	522
21057006	780	0.10814387145537636	523
15197179	1186	0.1359519177621991	524
14579493	632	0.192074899491506	525
18752426	753	0.07766197525686729	526
21057006	780	0.10814387145537636	527
15197179	1186	0.1359519177621991	528
14579493	632	0.192074899491506	529
18752426	753	0.07766197525686729	530
21057006	780	0.10814387145537636	531
15197179	1186	0.1359519177621991	532
14579493	632	0.192074899491506	533
18752426	753	0.07766197525686729	534
21057006	780	0.10814387145537636	535
15197179	1186	0.1359519177621991	536
14579493	632	0.192074899491506	537
18752426	753	0.07766197525686729	538
21057006	780	0.10814387145537636	539
15197179	1186	0.1359519177621991	540
14579493	632	0.192074899491506	541
18752426	753	0.07766197525686729	542
21057006	780	0.10814387145537636	543
15197179	1186	0.1359519177621991	544
14579493	632	0.192074899491506	545
18752426	753	0.07766197525686729	546
21057006	780	0.10814387145537636	547
15197179	1186	0.1359519177621991	548
14579493	632	0.192074899491506	549
18752426	753	0.07766197525686729	550
21057006	780	0.10814387145537636	551
15197179	1186	0.1359519177621991	552
14579493	632	0.192074899491506	553
18752426	753	0.07766197525686729	554
21057006	780	0.10814387145537636	555
15197179	1186	0.1359519177621991	556
14579493	632	0.192074899491506	557
18752426	753	0.07766197525686729	558
21057006	780	0.10814387145537636	559
15197179	1186	0.1359519177621991	560
14579493	632	0.192074899491506	561
18752426	753	0.07766197525686729	562
21057006	780	0.10814387145537636	563
15197179	1186	0.1359519177621991	564
14579493	632	0.192074899491506	565
18752426	753	0.07766197525686729	566
21057006	780	0.10814387145537636	567
15197179	1186	0.1359519177621991	568
14579493	632	0.192074899491506	569
18752426	753	0.07766197525686729	570
21057006	780	0.10814387145537636	571
15197179	1186	0.1359519177621991	572
14579493	632	0.192074899491506	573
18752426	753	0.07766197525686729	574
21057006	780	0.10814387145537636	575
15197179	1186	0.1359519177621991	576
14579493	632	0.192074899491506	577
18752426	753	0.07766197525686729	578
21057006	780	0.10814387145537636	579
15197179	1186	0.1359519177621991	580
14579493	632	0.192074899491506	581
18752426	753	0.07766197525686729	582
21057006	780	0.10814387145537636	583
15197179	1186	0.1359519177621991	584
14579493	632	0.192074899491506	585
18752426	753	0.07766197525686729	586
21057006	780	0.10814387145537636	587
15197179	1186	0.1359519177621991	588
14579493	632	0.192074899491506	589
18752426	753	0.07766197525686729	590
21057006	780	0.10814387145537636	591
15197179	1186	0.1359519177621991	592
14579493	632	0.192074899491506	593
18752426	753	0.07766197525686729	594
21057006	780	0.10814387145537636	595
15197179	1186	0.1359519177621991	596
14579493	632	0.192074899491506	597
18752426	753	0.07766197525686729	598
21057006	780	0.10814387145537636	599
15197179	1186	0.1359519177621991	600
14579493	632	0.192074899491506	601
18752426	753	0.07766197525686729	602
21057006	780	0.10814387145537636	603
15197179	1186	0.1359519177621991	604
14579493	632	0.192074899491506	605
18752426	753	0.07766197525686729	606
21057006	780	0.10814387145537636	607
15197179	1186	0.1359519177621991	608
14579493	632	0.192074899491506	609
18752426	753	0.07766197525686729	610
21057006	780	0.10814387145537636	611
15197179	1186	0.1359519177621991	612
14579493	632	0.192074899491506	613
18752426	753	0.07766197525686729	614
21057006	780	0.10814387145537636	615
15197179	1186	0.1359519177621991	616
14579493	632	0.192074899491506	617
18752426	753	0.07766197525686729	618
21057006	780	0.10814387145537636	619
15197179	1186	0.1359519177621991	620
14579493	632	0.192074899491506	621
18752426	753	0.07766197525686729	622
21057006	780	0.10814387145537636	623
15197179	1186	0.1359519177621991	624
14579493	632	0.192074899491506	625
18752426	753	0.07766197525686729	626
21057006	780	0.10814387145537636	627
15197179	1186	0.1359519177621991	628
14579493	632	0.192074899491506	629
18752426	753	0.07766197525686729	630
21057006	780	0.10814387145537636	631
15197179	1186	0.1359519177621991	632
14579493	632	0.192074899491506	633
18752426	753	0.07766197525686729	634
21057006	780	0.10814387145537636	635
15197179	1186	0.1359519177621991	636
14579493	632	0.192074899491506	637
18752426	753	0.07766197525686729	638
21057006	780	0.10814387145537636	639
15197179	1186	0.1359519177621991	640
14579493	632	0.192074899491506	641
18752426	753	0.07766197525686729	642
21057006	780	0.10814387145537636	643
15197179	1186	0.1359519177621991	644
14579493	632	0.192074899491506	645
18752426	753	0.07766197525686729	646
21057006	780	0.10814387145537636	647
15197179	1186	0.1359519177621991	648
14579493	632	0.192074899491506	649
18752426	753	0.07766197525686729	650
21057006	780	0.10814387145537636	651
15197179	1186	0.1359519177621991	652
14579493	632	0.192074899491506	653
18752426	753	0.07766197525686729	654
21057006	780	0.10814387145537636	655
15197179	1186	0.1359519177621991	656
14579493	632	0.192074899491506	657
18752426	753	0.07766197525686729	658
21057006	780	0.10814387145537636	659
15197179	1186	0.1359519177621991	660
14579493	632	0.192074899491506	661
18752426	753	0.07766197525686729	662
21057006	780	0.10814387145537636	663
15197179	1186	0.1359519177621991	664
14579493	632	0.192074899491506	665
18752426	753	0.07766197525686729	666
21057006	780	0.10814387145537636	667
15197179	1186	0.1359519177621991	668
14579493	632	0.192074899491506	669
18752426	753	0.07766197525686729	670
21057006	780	0.10814387145537636	671
15197179	1186	0.1359519177621991	672
16253106	657	0.017948261259412297	1
18021634	758	0.09522370875745957	673
16272469	952	0.10936519453102662	674
13955186	1022	0.18732105153475317	675
15197179	1034	0.1157179375353193	676
14579493	1173	0.16348803008677248	677
21057006	1321	0.09204861518606958	678
16250137	1344	0.07766197525686729	679
16253106	657	0.017948261259412297	680
18021634	758	0.09522370875745957	681
16272469	952	0.10936519453102662	682
13955186	1022	0.18732105153475317	683
15197179	1034	0.1157179375353193	684
14579493	1173	0.16348803008677248	685
21057006	1321	0.09204861518606958	686
16250137	1344	0.07766197525686729	687
16253106	657	0.017948261259412297	688
18021634	758	0.09522370875745957	689
16272469	952	0.10936519453102662	690
13955186	1022	0.18732105153475317	691
15197179	1034	0.1157179375353193	692
14579493	1173	0.16348803008677248	693
21057006	1321	0.09204861518606958	694
16250137	1344	0.07766197525686729	695
16253106	657	0.017948261259412297	696
18021634	758	0.09522370875745957	697
16272469	952	0.10936519453102662	698
13955186	1022	0.18732105153475317	699
15197179	1034	0.1157179375353193	700
14579493	1173	0.16348803008677248	701
21057006	1321	0.09204861518606958	702
16250137	1344	0.07766197525686729	703
16253106	657	0.017948261259412297	704
18021634	758	0.09522370875745957	705
16272469	952	0.10936519453102662	706
13955186	1022	0.18732105153475317	707
15197179	1034	0.1157179375353193	708
14579493	1173	0.16348803008677248	709
21057006	1321	0.09204861518606958	710
16250137	1344	0.07766197525686729	711
16253106	657	0.017948261259412297	712
18021634	758	0.09522370875745957	713
16272469	952	0.10936519453102662	714
13955186	1022	0.18732105153475317	715
15197179	1034	0.1157179375353193	716
14579493	1173	0.16348803008677248	717
21057006	1321	0.09204861518606958	718
16250137	1344	0.07766197525686729	719
16253106	657	0.017948261259412297	720
18021634	758	0.09522370875745957	721
16272469	952	0.10936519453102662	722
13955186	1022	0.18732105153475317	723
15197179	1034	0.1157179375353193	724
14579493	1173	0.16348803008677248	725
21057006	1321	0.09204861518606958	726
16250137	1344	0.07766197525686729	727
16253106	657	0.017948261259412297	728
18021634	758	0.09522370875745957	729
16272469	952	0.10936519453102662	730
13955186	1022	0.18732105153475317	731
15197179	1034	0.1157179375353193	732
14579493	1173	0.16348803008677248	733
21057006	1321	0.09204861518606958	734
16250137	1344	0.07766197525686729	735
16253106	657	0.017948261259412297	736
18021634	758	0.09522370875745957	737
16272469	952	0.10936519453102662	738
13955186	1022	0.18732105153475317	739
15197179	1034	0.1157179375353193	740
14579493	1173	0.16348803008677248	741
21057006	1321	0.09204861518606958	742
16250137	1344	0.07766197525686729	743
16253106	657	0.017948261259412297	744
18021634	758	0.09522370875745957	745
16272469	952	0.10936519453102662	746
13955186	1022	0.18732105153475317	747
15197179	1034	0.1157179375353193	748
14579493	1173	0.16348803008677248	749
21057006	1321	0.09204861518606958	750
16250137	1344	0.07766197525686729	751
16253106	657	0.017948261259412297	752
18021634	758	0.09522370875745957	753
16272469	952	0.10936519453102662	754
13955186	1022	0.18732105153475317	755
15197179	1034	0.1157179375353193	756
14579493	1173	0.16348803008677248	757
21057006	1321	0.09204861518606958	758
16250137	1344	0.07766197525686729	759
16253106	657	0.017948261259412297	760
18021634	758	0.09522370875745957	761
16272469	952	0.10936519453102662	762
13955186	1022	0.18732105153475317	763
15197179	1034	0.1157179375353193	764
14579493	1173	0.16348803008677248	765
21057006	1321	0.09204861518606958	766
16250137	1344	0.07766197525686729	767
16253106	657	0.017948261259412297	768
18021634	758	0.09522370875745957	769
16272469	952	0.10936519453102662	770
13955186	1022	0.18732105153475317	771
15197179	1034	0.1157179375353193	772
14579493	1173	0.16348803008677248	773
21057006	1321	0.09204861518606958	774
16250137	1344	0.07766197525686729	775
16253106	657	0.017948261259412297	776
18021634	758	0.09522370875745957	777
16272469	952	0.10936519453102662	778
13955186	1022	0.18732105153475317	779
15197179	1034	0.1157179375353193	780
14579493	1173	0.16348803008677248	781
21057006	1321	0.09204861518606958	782
16250137	1344	0.07766197525686729	783
16253106	657	0.017948261259412297	784
18021634	758	0.09522370875745957	785
16272469	952	0.10936519453102662	786
13955186	1022	0.18732105153475317	787
15197179	1034	0.1157179375353193	788
14579493	1173	0.16348803008677248	789
21057006	1321	0.09204861518606958	790
16250137	1344	0.07766197525686729	791
16253106	657	0.017948261259412297	792
18021634	758	0.09522370875745957	793
16272469	952	0.10936519453102662	794
13955186	1022	0.18732105153475317	795
15197179	1034	0.1157179375353193	796
14579493	1173	0.16348803008677248	797
21057006	1321	0.09204861518606958	798
16250137	1344	0.07766197525686729	799
16253106	657	0.017948261259412297	800
18021634	758	0.09522370875745957	801
16272469	952	0.10936519453102662	802
13955186	1022	0.18732105153475317	803
15197179	1034	0.1157179375353193	804
14579493	1173	0.16348803008677248	805
21057006	1321	0.09204861518606958	806
16250137	1344	0.07766197525686729	807
16253106	657	0.017948261259412297	808
18021634	758	0.09522370875745957	809
16272469	952	0.10936519453102662	810
13955186	1022	0.18732105153475317	811
15197179	1034	0.1157179375353193	812
14579493	1173	0.16348803008677248	813
21057006	1321	0.09204861518606958	814
16250137	1344	0.07766197525686729	815
16253106	657	0.017948261259412297	816
18021634	758	0.09522370875745957	817
16272469	952	0.10936519453102662	818
13955186	1022	0.18732105153475317	819
15197179	1034	0.1157179375353193	820
14579493	1173	0.16348803008677248	821
21057006	1321	0.09204861518606958	822
16250137	1344	0.07766197525686729	823
16253106	657	0.017948261259412297	824
18021634	758	0.09522370875745957	825
16272469	952	0.10936519453102662	826
13955186	1022	0.18732105153475317	827
15197179	1034	0.1157179375353193	828
14579493	1173	0.16348803008677248	829
21057006	1321	0.09204861518606958	830
16250137	1344	0.07766197525686729	831
16253106	657	0.017948261259412297	832
18021634	758	0.09522370875745957	833
16272469	952	0.10936519453102662	834
13955186	1022	0.18732105153475317	835
15197179	1034	0.1157179375353193	836
14579493	1173	0.16348803008677248	837
21057006	1321	0.09204861518606958	838
16250137	1344	0.07766197525686729	839
16253106	657	0.017948261259412297	840
18021634	758	0.09522370875745957	841
16272469	952	0.10936519453102662	842
13955186	1022	0.18732105153475317	843
15197179	1034	0.1157179375353193	844
14579493	1173	0.16348803008677248	845
21057006	1321	0.09204861518606958	846
16250137	1344	0.07766197525686729	847
16253106	657	0.017948261259412297	848
18021634	758	0.09522370875745957	849
16272469	952	0.10936519453102662	850
13955186	1022	0.18732105153475317	851
15197179	1034	0.1157179375353193	852
14579493	1173	0.16348803008677248	853
21057006	1321	0.09204861518606958	854
16250137	1344	0.07766197525686729	855
16253106	657	0.017948261259412297	856
18021634	758	0.09522370875745957	857
16272469	952	0.10936519453102662	858
13955186	1022	0.18732105153475317	859
15197179	1034	0.1157179375353193	860
14579493	1173	0.16348803008677248	861
21057006	1321	0.09204861518606958	862
16250137	1344	0.07766197525686729	863
16253106	657	0.017948261259412297	864
18021634	758	0.09522370875745957	865
16272469	952	0.10936519453102662	866
13955186	1022	0.18732105153475317	867
15197179	1034	0.1157179375353193	868
14579493	1173	0.16348803008677248	869
21057006	1321	0.09204861518606958	870
16250137	1344	0.07766197525686729	871
16253106	657	0.017948261259412297	872
18021634	758	0.09522370875745957	873
16272469	952	0.10936519453102662	874
13955186	1022	0.18732105153475317	875
15197179	1034	0.1157179375353193	876
14579493	1173	0.16348803008677248	877
21057006	1321	0.09204861518606958	878
16250137	1344	0.07766197525686729	879
16253106	657	0.017948261259412297	880
18021634	758	0.09522370875745957	881
16272469	952	0.10936519453102662	882
13955186	1022	0.18732105153475317	883
15197179	1034	0.1157179375353193	884
14579493	1173	0.16348803008677248	885
21057006	1321	0.09204861518606958	886
16250137	1344	0.07766197525686729	887
16253106	657	0.017948261259412297	888
18021634	758	0.09522370875745957	889
16272469	952	0.10936519453102662	890
13955186	1022	0.18732105153475317	891
15197179	1034	0.1157179375353193	892
14579493	1173	0.16348803008677248	893
21057006	1321	0.09204861518606958	894
16250137	1344	0.07766197525686729	895
16253106	657	0.017948261259412297	896
18021634	758	0.09522370875745957	897
16272469	952	0.10936519453102662	898
13955186	1022	0.18732105153475317	899
15197179	1034	0.1157179375353193	900
14579493	1173	0.16348803008677248	901
21057006	1321	0.09204861518606958	902
16250137	1344	0.07766197525686729	903
16253106	657	0.017948261259412297	904
18021634	758	0.09522370875745957	905
16272469	952	0.10936519453102662	906
13955186	1022	0.18732105153475317	907
15197179	1034	0.1157179375353193	908
14579493	1173	0.16348803008677248	909
21057006	1321	0.09204861518606958	910
16250137	1344	0.07766197525686729	911
16253106	657	0.017948261259412297	912
18021634	758	0.09522370875745957	913
16272469	952	0.10936519453102662	914
13955186	1022	0.18732105153475317	915
15197179	1034	0.1157179375353193	916
14579493	1173	0.16348803008677248	917
21057006	1321	0.09204861518606958	918
16250137	1344	0.07766197525686729	919
16253106	657	0.017948261259412297	920
18021634	758	0.09522370875745957	921
16272469	952	0.10936519453102662	922
13955186	1022	0.18732105153475317	923
15197179	1034	0.1157179375353193	924
14579493	1173	0.16348803008677248	925
21057006	1321	0.09204861518606958	926
16250137	1344	0.07766197525686729	927
16253106	657	0.017948261259412297	928
18021634	758	0.09522370875745957	929
16272469	952	0.10936519453102662	930
13955186	1022	0.18732105153475317	931
15197179	1034	0.1157179375353193	932
14579493	1173	0.16348803008677248	933
21057006	1321	0.09204861518606958	934
16250137	1344	0.07766197525686729	935
16253106	657	0.017948261259412297	936
18021634	758	0.09522370875745957	937
16272469	952	0.10936519453102662	938
13955186	1022	0.18732105153475317	939
15197179	1034	0.1157179375353193	940
14579493	1173	0.16348803008677248	941
21057006	1321	0.09204861518606958	942
16250137	1344	0.07766197525686729	943
16253106	657	0.017948261259412297	944
18021634	758	0.09522370875745957	945
16272469	952	0.10936519453102662	946
13955186	1022	0.18732105153475317	947
15197179	1034	0.1157179375353193	948
14579493	1173	0.16348803008677248	949
21057006	1321	0.09204861518606958	950
16250137	1344	0.07766197525686729	951
16253106	657	0.017948261259412297	952
18021634	758	0.09522370875745957	953
16272469	952	0.10936519453102662	954
13955186	1022	0.18732105153475317	955
15197179	1034	0.1157179375353193	956
14579493	1173	0.16348803008677248	957
21057006	1321	0.09204861518606958	958
16250137	1344	0.07766197525686729	959
16253106	657	0.017948261259412297	960
18021634	758	0.09522370875745957	961
16272469	952	0.10936519453102662	962
13955186	1022	0.18732105153475317	963
15197179	1034	0.1157179375353193	964
14579493	1173	0.16348803008677248	965
21057006	1321	0.09204861518606958	966
16250137	1344	0.07766197525686729	967
16253106	657	0.017948261259412297	968
18021634	758	0.09522370875745957	969
16272469	952	0.10936519453102662	970
13955186	1022	0.18732105153475317	971
15197179	1034	0.1157179375353193	972
14579493	1173	0.16348803008677248	973
21057006	1321	0.09204861518606958	974
16250137	1344	0.07766197525686729	975
16253106	657	0.017948261259412297	976
18021634	758	0.09522370875745957	977
16272469	952	0.10936519453102662	978
13955186	1022	0.18732105153475317	979
15197179	1034	0.1157179375353193	980
14579493	1173	0.16348803008677248	981
21057006	1321	0.09204861518606958	982
16250137	1344	0.07766197525686729	983
16253106	657	0.017948261259412297	984
18021634	758	0.09522370875745957	985
16272469	952	0.10936519453102662	986
13955186	1022	0.18732105153475317	987
15197179	1034	0.1157179375353193	988
14579493	1173	0.16348803008677248	989
21057006	1321	0.09204861518606958	990
16250137	1344	0.07766197525686729	991
16253106	657	0.017948261259412297	992
18021634	758	0.09522370875745957	993
16272469	952	0.10936519453102662	994
13955186	1022	0.18732105153475317	995
15197179	1034	0.1157179375353193	996
14579493	1173	0.16348803008677248	997
21057006	1321	0.09204861518606958	998
16250137	1344	0.07766197525686729	999
16253106	657	0.017948261259412297	1000
18021634	758	0.09522370875745957	1001
16272469	952	0.10936519453102662	1002
13955186	1022	0.18732105153475317	1003
15197179	1034	0.1157179375353193	1004
14579493	1173	0.16348803008677248	1005
21057006	1321	0.09204861518606958	1006
16250137	1344	0.07766197525686729	1007
16253106	657	0.017948261259412297	1008
18021634	758	0.09522370875745957	1009
16272469	952	0.10936519453102662	1010
13955186	1022	0.18732105153475317	1011
15197179	1034	0.1157179375353193	1012
14579493	1173	0.16348803008677248	1013
21057006	1321	0.09204861518606958	1014
16250137	1344	0.07766197525686729	1015
16253106	657	0.017948261259412297	1016
18021634	758	0.09522370875745957	1017
16272469	952	0.10936519453102662	1018
13955186	1022	0.18732105153475317	1019
15197179	1034	0.1157179375353193	1020
14579493	1173	0.16348803008677248	1021
21057006	1321	0.09204861518606958	1022
16250137	1344	0.07766197525686729	1023
16253106	657	0.017948261259412297	1024
18021634	758	0.09522370875745957	1025
16272469	952	0.10936519453102662	1026
13955186	1022	0.18732105153475317	1027
15197179	1034	0.1157179375353193	1028
14579493	1173	0.16348803008677248	1029
21057006	1321	0.09204861518606958	1030
16250137	1344	0.07766197525686729	1031
16253106	657	0.017948261259412297	1032
18021634	758	0.09522370875745957	1033
16272469	952	0.10936519453102662	1034
13955186	1022	0.18732105153475317	1035
15197179	1034	0.1157179375353193	1036
14579493	1173	0.16348803008677248	1037
21057006	1321	0.09204861518606958	1038
16250137	1344	0.07766197525686729	1039
16253106	657	0.017948261259412297	1040
18021634	758	0.09522370875745957	1041
16272469	952	0.10936519453102662	1042
13955186	1022	0.18732105153475317	1043
15197179	1034	0.1157179375353193	1044
14579493	1173	0.16348803008677248	1045
21057006	1321	0.09204861518606958	1046
16250137	1344	0.07766197525686729	1047
16253106	657	0.017948261259412297	1048
18021634	758	0.09522370875745957	1049
16272469	952	0.10936519453102662	1050
13955186	1022	0.18732105153475317	1051
15197179	1034	0.1157179375353193	1052
14579493	1173	0.16348803008677248	1053
21057006	1321	0.09204861518606958	1054
16250137	1344	0.07766197525686729	1055
16253106	657	0.017948261259412297	1056
18021634	758	0.09522370875745957	1057
16272469	952	0.10936519453102662	1058
13955186	1022	0.18732105153475317	1059
15197179	1034	0.1157179375353193	1060
14579493	1173	0.16348803008677248	1061
21057006	1321	0.09204861518606958	1062
16250137	1344	0.07766197525686729	1063
16253106	657	0.017948261259412297	1064
18021634	758	0.09522370875745957	1065
16272469	952	0.10936519453102662	1066
13955186	1022	0.18732105153475317	1067
15197179	1034	0.1157179375353193	1068
14579493	1173	0.16348803008677248	1069
21057006	1321	0.09204861518606958	1070
16250137	1344	0.07766197525686729	1071
16253106	657	0.017948261259412297	1072
18021634	758	0.09522370875745957	1073
16272469	952	0.10936519453102662	1074
13955186	1022	0.18732105153475317	1075
15197179	1034	0.1157179375353193	1076
14579493	1173	0.16348803008677248	1077
21057006	1321	0.09204861518606958	1078
16250137	1344	0.07766197525686729	1079
16253106	657	0.017948261259412297	1080
18021634	758	0.09522370875745957	1081
16272469	952	0.10936519453102662	1082
13955186	1022	0.18732105153475317	1083
15197179	1034	0.1157179375353193	1084
14579493	1173	0.16348803008677248	1085
21057006	1321	0.09204861518606958	1086
16250137	1344	0.07766197525686729	1087
16253106	657	0.017948261259412297	1088
18021634	758	0.09522370875745957	1089
16272469	952	0.10936519453102662	1090
13955186	1022	0.18732105153475317	1091
15197179	1034	0.1157179375353193	1092
14579493	1173	0.16348803008677248	1093
21057006	1321	0.09204861518606958	1094
16250137	1344	0.07766197525686729	1095
16253106	657	0.017948261259412297	1096
18021634	758	0.09522370875745957	1097
16272469	952	0.10936519453102662	1098
13955186	1022	0.18732105153475317	1099
15197179	1034	0.1157179375353193	1100
14579493	1173	0.16348803008677248	1101
21057006	1321	0.09204861518606958	1102
16250137	1344	0.07766197525686729	1103
16253106	657	0.017948261259412297	1104
18021634	758	0.09522370875745957	1105
16272469	952	0.10936519453102662	1106
13955186	1022	0.18732105153475317	1107
15197179	1034	0.1157179375353193	1108
14579493	1173	0.16348803008677248	1109
21057006	1321	0.09204861518606958	1110
16250137	1344	0.07766197525686729	1111
16253106	657	0.017948261259412297	1112
18021634	758	0.09522370875745957	1113
16272469	952	0.10936519453102662	1114
13955186	1022	0.18732105153475317	1115
15197179	1034	0.1157179375353193	1116
14579493	1173	0.16348803008677248	1117
21057006	1321	0.09204861518606958	1118
16250137	1344	0.07766197525686729	1119
16253106	657	0.017948261259412297	1120
18021634	758	0.09522370875745957	1121
16272469	952	0.10936519453102662	1122
13955186	1022	0.18732105153475317	1123
15197179	1034	0.1157179375353193	1124
14579493	1173	0.16348803008677248	1125
21057006	1321	0.09204861518606958	1126
16250137	1344	0.07766197525686729	1127
16253106	657	0.017948261259412297	1128
18021634	758	0.09522370875745957	1129
16272469	952	0.10936519453102662	1130
13955186	1022	0.18732105153475317	1131
15197179	1034	0.1157179375353193	1132
14579493	1173	0.16348803008677248	1133
21057006	1321	0.09204861518606958	1134
16250137	1344	0.07766197525686729	1135
16253106	657	0.017948261259412297	1136
18021634	758	0.09522370875745957	1137
16272469	952	0.10936519453102662	1138
13955186	1022	0.18732105153475317	1139
15197179	1034	0.1157179375353193	1140
14579493	1173	0.16348803008677248	1141
21057006	1321	0.09204861518606958	1142
16250137	1344	0.07766197525686729	1143
16253106	657	0.017948261259412297	1144
18021634	758	0.09522370875745957	1145
16272469	952	0.10936519453102662	1146
13955186	1022	0.18732105153475317	1147
15197179	1034	0.1157179375353193	1148
14579493	1173	0.16348803008677248	1149
21057006	1321	0.09204861518606958	1150
16250137	1344	0.07766197525686729	1151
16253106	657	0.017948261259412297	1152
18021634	758	0.09522370875745957	1153
16272469	952	0.10936519453102662	1154
13955186	1022	0.18732105153475317	1155
15197179	1034	0.1157179375353193	1156
14579493	1173	0.16348803008677248	1157
21057006	1321	0.09204861518606958	1158
16250137	1344	0.07766197525686729	1159
16253106	657	0.017948261259412297	1160
18021634	758	0.09522370875745957	1161
16272469	952	0.10936519453102662	1162
13955186	1022	0.18732105153475317	1163
15197179	1034	0.1157179375353193	1164
14579493	1173	0.16348803008677248	1165
21057006	1321	0.09204861518606958	1166
16250137	1344	0.07766197525686729	1167
16253106	657	0.017948261259412297	1168
18021634	758	0.09522370875745957	1169
16272469	952	0.10936519453102662	1170
13955186	1022	0.18732105153475317	1171
15197179	1034	0.1157179375353193	1172
14579493	1173	0.16348803008677248	1173
21057006	1321	0.09204861518606958	1174
16250137	1344	0.07766197525686729	1175
16253106	657	0.017948261259412297	1176
18021634	758	0.09522370875745957	1177
16272469	952	0.10936519453102662	1178
13955186	1022	0.18732105153475317	1179
15197179	1034	0.1157179375353193	1180
14579493	1173	0.16348803008677248	1181
21057006	1321	0.09204861518606958	1182
16250137	1344	0.07766197525686729	1183
16253106	657	0.017948261259412297	1184
18021634	758	0.09522370875745957	1185
16272469	952	0.10936519453102662	1186
13955186	1022	0.18732105153475317	1187
15197179	1034	0.1157179375353193	1188
14579493	1173	0.16348803008677248	1189
21057006	1321	0.09204861518606958	1190
16250137	1344	0.07766197525686729	1191
16253106	657	0.017948261259412297	1192
18021634	758	0.09522370875745957	1193
16272469	952	0.10936519453102662	1194
13955186	1022	0.18732105153475317	1195
15197179	1034	0.1157179375353193	1196
14579493	1173	0.16348803008677248	1197
21057006	1321	0.09204861518606958	1198
16250137	1344	0.07766197525686729	1199
16253106	657	0.017948261259412297	1200
18021634	758	0.09522370875745957	1201
16272469	952	0.10936519453102662	1202
13955186	1022	0.18732105153475317	1203
15197179	1034	0.1157179375353193	1204
14579493	1173	0.16348803008677248	1205
21057006	1321	0.09204861518606958	1206
16250137	1344	0.07766197525686729	1207
16253106	657	0.017948261259412297	1208
18021634	758	0.09522370875745957	1209
16272469	952	0.10936519453102662	1210
13955186	1022	0.18732105153475317	1211
15197179	1034	0.1157179375353193	1212
14579493	1173	0.16348803008677248	1213
21057006	1321	0.09204861518606958	1214
16250137	1344	0.07766197525686729	1215
16253106	657	0.017948261259412297	1216
18021634	758	0.09522370875745957	1217
16272469	952	0.10936519453102662	1218
13955186	1022	0.18732105153475317	1219
15197179	1034	0.1157179375353193	1220
14579493	1173	0.16348803008677248	1221
21057006	1321	0.09204861518606958	1222
16250137	1344	0.07766197525686729	1223
16253106	657	0.017948261259412297	1224
18021634	758	0.09522370875745957	1225
16272469	952	0.10936519453102662	1226
13955186	1022	0.18732105153475317	1227
15197179	1034	0.1157179375353193	1228
14579493	1173	0.16348803008677248	1229
21057006	1321	0.09204861518606958	1230
16250137	1344	0.07766197525686729	1231
16253106	657	0.017948261259412297	1232
18021634	758	0.09522370875745957	1233
16272469	952	0.10936519453102662	1234
13955186	1022	0.18732105153475317	1235
15197179	1034	0.1157179375353193	1236
14579493	1173	0.16348803008677248	1237
21057006	1321	0.09204861518606958	1238
16250137	1344	0.07766197525686729	1239
16253106	657	0.017948261259412297	1240
18021634	758	0.09522370875745957	1241
16272469	952	0.10936519453102662	1242
13955186	1022	0.18732105153475317	1243
15197179	1034	0.1157179375353193	1244
14579493	1173	0.16348803008677248	1245
21057006	1321	0.09204861518606958	1246
16250137	1344	0.07766197525686729	1247
16253106	657	0.017948261259412297	1248
18021634	758	0.09522370875745957	1249
16272469	952	0.10936519453102662	1250
13955186	1022	0.18732105153475317	1251
15197179	1034	0.1157179375353193	1252
14579493	1173	0.16348803008677248	1253
21057006	1321	0.09204861518606958	1254
16250137	1344	0.07766197525686729	1255
16253106	657	0.017948261259412297	1256
18021634	758	0.09522370875745957	1257
16272469	952	0.10936519453102662	1258
13955186	1022	0.18732105153475317	1259
15197179	1034	0.1157179375353193	1260
14579493	1173	0.16348803008677248	1261
21057006	1321	0.09204861518606958	1262
16250137	1344	0.07766197525686729	1263
16253106	657	0.017948261259412297	1264
18021634	758	0.09522370875745957	1265
16272469	952	0.10936519453102662	1266
13955186	1022	0.18732105153475317	1267
15197179	1034	0.1157179375353193	1268
14579493	1173	0.16348803008677248	1269
21057006	1321	0.09204861518606958	1270
16250137	1344	0.07766197525686729	1271
16253106	657	0.017948261259412297	1272
18021634	758	0.09522370875745957	1273
16272469	952	0.10936519453102662	1274
13955186	1022	0.18732105153475317	1275
15197179	1034	0.1157179375353193	1276
14579493	1173	0.16348803008677248	1277
21057006	1321	0.09204861518606958	1278
16250137	1344	0.07766197525686729	1279
16253106	657	0.017948261259412297	1280
18021634	758	0.09522370875745957	1281
16272469	952	0.10936519453102662	1282
13955186	1022	0.18732105153475317	1283
15197179	1034	0.1157179375353193	1284
14579493	1173	0.16348803008677248	1285
21057006	1321	0.09204861518606958	1286
16250137	1344	0.07766197525686729	1287
16253106	657	0.017948261259412297	1288
18021634	758	0.09522370875745957	1289
16272469	952	0.10936519453102662	1290
13955186	1022	0.18732105153475317	1291
15197179	1034	0.1157179375353193	1292
14579493	1173	0.16348803008677248	1293
21057006	1321	0.09204861518606958	1294
16250137	1344	0.07766197525686729	1295
16253106	657	0.017948261259412297	1296
18021634	758	0.09522370875745957	1297
16272469	952	0.10936519453102662	1298
13955186	1022	0.18732105153475317	1299
15197179	1034	0.1157179375353193	1300
14579493	1173	0.16348803008677248	1301
21057006	1321	0.09204861518606958	1302
16250137	1344	0.07766197525686729	1303
16253106	657	0.017948261259412297	1304
18021634	758	0.09522370875745957	1305
16272469	952	0.10936519453102662	1306
13955186	1022	0.18732105153475317	1307
15197179	1034	0.1157179375353193	1308
14579493	1173	0.16348803008677248	1309
21057006	1321	0.09204861518606958	1310
16250137	1344	0.07766197525686729	1311
16253106	657	0.017948261259412297	1312
18021634	758	0.09522370875745957	1313
16272469	952	0.10936519453102662	1314
13955186	1022	0.18732105153475317	1315
15197179	1034	0.1157179375353193	1316
14579493	1173	0.16348803008677248	1317
21057006	1321	0.09204861518606958	1318
16250137	1344	0.07766197525686729	1319
16253106	657	0.017948261259412297	1320
18021634	758	0.09522370875745957	1321
16272469	952	0.10936519453102662	1322
13955186	1022	0.18732105153475317	1323
15197179	1034	0.1157179375353193	1324
14579493	1173	0.16348803008677248	1325
21057006	1321	0.09204861518606958	1326
16250137	1344	0.07766197525686729	1327
16253106	657	0.017948261259412297	1328
18021634	758	0.09522370875745957	1329
16272469	952	0.10936519453102662	1330
13955186	1022	0.18732105153475317	1331
15197179	1034	0.1157179375353193	1332
14579493	1173	0.16348803008677248	1333
21057006	1321	0.09204861518606958	1334
16250137	1344	0.07766197525686729	1335
16253106	657	0.017948261259412297	1336
18021634	758	0.09522370875745957	1337
16272469	952	0.10936519453102662	1338
13955186	1022	0.18732105153475317	1339
15197179	1034	0.1157179375353193	1340
14579493	1173	0.16348803008677248	1341
21057006	1321	0.09204861518606958	1342
16250137	1344	0.07766197525686729	1343
16253106	657	0.017948261259412297	1344
18021634	758	0.09522370875745957	1345
16272469	952	0.10936519453102662	1346
13955186	1022	0.18732105153475317	1347
15197179	1034	0.1157179375353193	1348
14579493	1173	0.16348803008677248	1349
21057006	1321	0.09204861518606958	1350
16250137	1344	0.07766197525686729	1351
16253106	657	0.017948261259412297	1352
18021634	758	0.09522370875745957	1353
16272469	952	0.10936519453102662	1354
13955186	1022	0.18732105153475317	1355
15197179	1034	0.1157179375353193	1356
14579493	1173	0.16348803008677248	1357
21057006	1321	0.09204861518606958	1358
16250137	1344	0.07766197525686729	1359
16253106	657	0.017948261259412297	1360
18021634	758	0.09522370875745957	1361
16272469	952	0.10936519453102662	1362
13955186	1022	0.18732105153475317	1363
15197179	1034	0.1157179375353193	1364
14579493	1173	0.16348803008677248	1365
21057006	1321	0.09204861518606958	1366
16250137	1344	0.07766197525686729	1367
16253106	657	0.017948261259412297	1368
18021634	758	0.09522370875745957	1369
16272469	952	0.10936519453102662	1370
13955186	1022	0.18732105153475317	1371
15197179	1034	0.1157179375353193	1372
14579493	1173	0.16348803008677248	1373
21057006	1321	0.09204861518606958	1374
16250137	1344	0.07766197525686729	1375
16253106	657	0.017948261259412297	1376
18021634	758	0.09522370875745957	1377
16272469	952	0.10936519453102662	1378
13955186	1022	0.18732105153475317	1379
15197179	1034	0.1157179375353193	1380
14579493	1173	0.16348803008677248	1381
21057006	1321	0.09204861518606958	1382
16250137	1344	0.07766197525686729	1383
16253106	657	0.017948261259412297	1384
18021634	758	0.09522370875745957	1385
16272469	952	0.10936519453102662	1386
13955186	1022	0.18732105153475317	1387
15197179	1034	0.1157179375353193	1388
14579493	1173	0.16348803008677248	1389
21057006	1321	0.09204861518606958	1390
16250137	1344	0.07766197525686729	1391
16253106	657	0.017948261259412297	1392
18021634	758	0.09522370875745957	1393
16272469	952	0.10936519453102662	1394
13955186	1022	0.18732105153475317	1395
15197179	1034	0.1157179375353193	1396
14579493	1173	0.16348803008677248	1397
21057006	1321	0.09204861518606958	1398
16250137	1344	0.07766197525686729	1399
16253106	657	0.017948261259412297	1400
18021634	758	0.09522370875745957	1401
16272469	952	0.10936519453102662	1402
13955186	1022	0.18732105153475317	1403
15197179	1034	0.1157179375353193	1404
14579493	1173	0.16348803008677248	1405
21057006	1321	0.09204861518606958	1406
16250137	1344	0.07766197525686729	1407
16253106	657	0.017948261259412297	1408
18021634	758	0.09522370875745957	1409
16272469	952	0.10936519453102662	1410
13955186	1022	0.18732105153475317	1411
15197179	1034	0.1157179375353193	1412
14579493	1173	0.16348803008677248	1413
21057006	1321	0.09204861518606958	1414
16250137	1344	0.07766197525686729	1415
16253106	657	0.017948261259412297	1416
18021634	758	0.09522370875745957	1417
16272469	952	0.10936519453102662	1418
13955186	1022	0.18732105153475317	1419
15197179	1034	0.1157179375353193	1420
14579493	1173	0.16348803008677248	1421
21057006	1321	0.09204861518606958	1422
16250137	1344	0.07766197525686729	1423
16253106	657	0.017948261259412297	1424
18021634	758	0.09522370875745957	1425
16272469	952	0.10936519453102662	1426
13955186	1022	0.18732105153475317	1427
15197179	1034	0.1157179375353193	1428
14579493	1173	0.16348803008677248	1429
21057006	1321	0.09204861518606958	1430
16250137	1344	0.07766197525686729	1431
16253106	657	0.017948261259412297	1432
18021634	758	0.09522370875745957	1433
16272469	952	0.10936519453102662	1434
13955186	1022	0.18732105153475317	1435
15197179	1034	0.1157179375353193	1436
14579493	1173	0.16348803008677248	1437
21057006	1321	0.09204861518606958	1438
16250137	1344	0.07766197525686729	1439
16253106	657	0.017948261259412297	1440
18021634	758	0.09522370875745957	1441
16272469	952	0.10936519453102662	1442
13955186	1022	0.18732105153475317	1443
15197179	1034	0.1157179375353193	1444
14579493	1173	0.16348803008677248	1445
21057006	1321	0.09204861518606958	1446
16250137	1344	0.07766197525686729	1447
16253106	657	0.017948261259412297	1448
18021634	758	0.09522370875745957	1449
16272469	952	0.10936519453102662	1450
13955186	1022	0.18732105153475317	1451
15197179	1034	0.1157179375353193	1452
14579493	1173	0.16348803008677248	1453
21057006	1321	0.09204861518606958	1454
16250137	1344	0.07766197525686729	1455
16253106	657	0.017948261259412297	1456
18021634	758	0.09522370875745957	1457
16272469	952	0.10936519453102662	1458
13955186	1022	0.18732105153475317	1459
15197179	1034	0.1157179375353193	1460
14579493	1173	0.16348803008677248	1461
21057006	1321	0.09204861518606958	1462
16250137	1344	0.07766197525686729	1463
16253106	657	0.017948261259412297	1464
18021634	758	0.09522370875745957	1465
16272469	952	0.10936519453102662	1466
13955186	1022	0.18732105153475317	1467
15197179	1034	0.1157179375353193	1468
14579493	1173	0.16348803008677248	1469
21057006	1321	0.09204861518606958	1470
16250137	1344	0.07766197525686729	1471
16253106	657	0.017948261259412297	1472
18021634	758	0.09522370875745957	1473
16272469	952	0.10936519453102662	1474
13955186	1022	0.18732105153475317	1475
15197179	1034	0.1157179375353193	1476
14579493	1173	0.16348803008677248	1477
21057006	1321	0.09204861518606958	1478
16250137	1344	0.07766197525686729	1479
16253106	657	0.017948261259412297	1480
18021634	758	0.09522370875745957	1481
16272469	952	0.10936519453102662	1482
13955186	1022	0.18732105153475317	1483
15197179	1034	0.1157179375353193	1484
14579493	1173	0.16348803008677248	1485
21057006	1321	0.09204861518606958	1486
16250137	1344	0.07766197525686729	1487
16253106	657	0.017948261259412297	1488
18021634	758	0.09522370875745957	1489
16272469	952	0.10936519453102662	1490
13955186	1022	0.18732105153475317	1491
15197179	1034	0.1157179375353193	1492
14579493	1173	0.16348803008677248	1493
21057006	1321	0.09204861518606958	1494
16250137	1344	0.07766197525686729	1495
16253106	657	0.017948261259412297	1496
18021634	758	0.09522370875745957	1497
16272469	952	0.10936519453102662	1498
13955186	1022	0.18732105153475317	1499
15197179	1034	0.1157179375353193	1500
14579493	1173	0.16348803008677248	1501
21057006	1321	0.09204861518606958	1502
16250137	1344	0.07766197525686729	1503
16253106	657	0.017948261259412297	1504
18021634	758	0.09522370875745957	1505
16272469	952	0.10936519453102662	1506
13955186	1022	0.18732105153475317	1507
15197179	1034	0.1157179375353193	1508
14579493	1173	0.16348803008677248	1509
21057006	1321	0.09204861518606958	1510
16250137	1344	0.07766197525686729	1511
16253106	657	0.017948261259412297	1512
18021634	758	0.09522370875745957	1513
16272469	952	0.10936519453102662	1514
13955186	1022	0.18732105153475317	1515
15197179	1034	0.1157179375353193	1516
14579493	1173	0.16348803008677248	1517
21057006	1321	0.09204861518606958	1518
16250137	1344	0.07766197525686729	1519
16253106	657	0.017948261259412297	1520
18021634	758	0.09522370875745957	1521
16272469	952	0.10936519453102662	1522
13955186	1022	0.18732105153475317	1523
15197179	1034	0.1157179375353193	1524
14579493	1173	0.16348803008677248	1525
21057006	1321	0.09204861518606958	1526
16250137	1344	0.07766197525686729	1527
16253106	657	0.017948261259412297	1528
18021634	758	0.09522370875745957	1529
16272469	952	0.10936519453102662	1530
13955186	1022	0.18732105153475317	1531
15197179	1034	0.1157179375353193	1532
14579493	1173	0.16348803008677248	1533
21057006	1321	0.09204861518606958	1534
16250137	1344	0.07766197525686729	1535
16253106	657	0.017948261259412297	1536
18021634	758	0.09522370875745957	1537
16272469	952	0.10936519453102662	1538
13955186	1022	0.18732105153475317	1539
15197179	1034	0.1157179375353193	1540
14579493	1173	0.16348803008677248	1541
21057006	1321	0.09204861518606958	1542
16250137	1344	0.07766197525686729	1543
16253106	657	0.017948261259412297	1544
18021634	758	0.09522370875745957	1545
16272469	952	0.10936519453102662	1546
13955186	1022	0.18732105153475317	1547
15197179	1034	0.1157179375353193	1548
14579493	1173	0.16348803008677248	1549
21057006	1321	0.09204861518606958	1550
16250137	1344	0.07766197525686729	1551
16253106	657	0.017948261259412297	1552
18021634	758	0.09522370875745957	1553
16272469	952	0.10936519453102662	1554
13955186	1022	0.18732105153475317	1555
15197179	1034	0.1157179375353193	1556
14579493	1173	0.16348803008677248	1557
21057006	1321	0.09204861518606958	1558
16250137	1344	0.07766197525686729	1559
16253106	657	0.017948261259412297	1560
18021634	758	0.09522370875745957	1561
16272469	952	0.10936519453102662	1562
13955186	1022	0.18732105153475317	1563
15197179	1034	0.1157179375353193	1564
14579493	1173	0.16348803008677248	1565
21057006	1321	0.09204861518606958	1566
16250137	1344	0.07766197525686729	1567
16253106	657	0.017948261259412297	1568
18021634	758	0.09522370875745957	1569
16272469	952	0.10936519453102662	1570
13955186	1022	0.18732105153475317	1571
15197179	1034	0.1157179375353193	1572
14579493	1173	0.16348803008677248	1573
21057006	1321	0.09204861518606958	1574
16250137	1344	0.07766197525686729	1575
16253106	657	0.017948261259412297	1576
18021634	758	0.09522370875745957	1577
16272469	952	0.10936519453102662	1578
13955186	1022	0.18732105153475317	1579
15197179	1034	0.1157179375353193	1580
14579493	1173	0.16348803008677248	1581
21057006	1321	0.09204861518606958	1582
16250137	1344	0.07766197525686729	1583
16253106	657	0.017948261259412297	1584
18021634	758	0.09522370875745957	1585
16272469	952	0.10936519453102662	1586
13955186	1022	0.18732105153475317	1587
15197179	1034	0.1157179375353193	1588
14579493	1173	0.16348803008677248	1589
21057006	1321	0.09204861518606958	1590
16250137	1344	0.07766197525686729	1591
16253106	657	0.017948261259412297	1592
18021634	758	0.09522370875745957	1593
16272469	952	0.10936519453102662	1594
13955186	1022	0.18732105153475317	1595
15197179	1034	0.1157179375353193	1596
14579493	1173	0.16348803008677248	1597
21057006	1321	0.09204861518606958	1598
16250137	1344	0.07766197525686729	1599
16253106	657	0.017948261259412297	1600
18021634	758	0.09522370875745957	1601
16272469	952	0.10936519453102662	1602
13955186	1022	0.18732105153475317	1603
15197179	1034	0.1157179375353193	1604
14579493	1173	0.16348803008677248	1605
21057006	1321	0.09204861518606958	1606
16250137	1344	0.07766197525686729	1607
16253106	657	0.017948261259412297	1608
18021634	758	0.09522370875745957	1609
16272469	952	0.10936519453102662	1610
13955186	1022	0.18732105153475317	1611
15197179	1034	0.1157179375353193	1612
14579493	1173	0.16348803008677248	1613
21057006	1321	0.09204861518606958	1614
16250137	1344	0.07766197525686729	1615
16253106	657	0.017948261259412297	1616
18021634	758	0.09522370875745957	1617
16272469	952	0.10936519453102662	1618
13955186	1022	0.18732105153475317	1619
15197179	1034	0.1157179375353193	1620
14579493	1173	0.16348803008677248	1621
21057006	1321	0.09204861518606958	1622
16250137	1344	0.07766197525686729	1623
16253106	657	0.017948261259412297	1624
18021634	758	0.09522370875745957	1625
16272469	952	0.10936519453102662	1626
13955186	1022	0.18732105153475317	1627
15197179	1034	0.1157179375353193	1628
14579493	1173	0.16348803008677248	1629
21057006	1321	0.09204861518606958	1630
16250137	1344	0.07766197525686729	1631
16253106	657	0.017948261259412297	1632
18021634	758	0.09522370875745957	1633
16272469	952	0.10936519453102662	1634
13955186	1022	0.18732105153475317	1635
15197179	1034	0.1157179375353193	1636
14579493	1173	0.16348803008677248	1637
21057006	1321	0.09204861518606958	1638
16250137	1344	0.07766197525686729	1639
16253106	657	0.017948261259412297	1640
18021634	758	0.09522370875745957	1641
16272469	952	0.10936519453102662	1642
13955186	1022	0.18732105153475317	1643
15197179	1034	0.1157179375353193	1644
14579493	1173	0.16348803008677248	1645
21057006	1321	0.09204861518606958	1646
16250137	1344	0.07766197525686729	1647
16253106	657	0.017948261259412297	1648
18021634	758	0.09522370875745957	1649
16272469	952	0.10936519453102662	1650
13955186	1022	0.18732105153475317	1651
15197179	1034	0.1157179375353193	1652
14579493	1173	0.16348803008677248	1653
21057006	1321	0.09204861518606958	1654
16250137	1344	0.07766197525686729	1655
16253106	657	0.017948261259412297	1656
18021634	758	0.09522370875745957	1657
16272469	952	0.10936519453102662	1658
13955186	1022	0.18732105153475317	1659
15197179	1034	0.1157179375353193	1660
14579493	1173	0.16348803008677248	1661
21057006	1321	0.09204861518606958	1662
16250137	1344	0.07766197525686729	1663
16253106	657	0.017948261259412297	1664
18021634	758	0.09522370875745957	1665
16272469	952	0.10936519453102662	1666
13955186	1022	0.18732105153475317	1667
15197179	1034	0.1157179375353193	1668
14579493	1173	0.16348803008677248	1669
21057006	1321	0.09204861518606958	1670
16250137	1344	0.07766197525686729	1671
16253106	657	0.017948261259412297	1672
18021634	758	0.09522370875745957	1673
16272469	952	0.10936519453102662	1674
13955186	1022	0.18732105153475317	1675
15197179	1034	0.1157179375353193	1676
14579493	1173	0.16348803008677248	1677
21057006	1321	0.09204861518606958	1678
16250137	1344	0.07766197525686729	1679
16253106	657	0.017948261259412297	1680
18021634	758	0.09522370875745957	1681
16272469	952	0.10936519453102662	1682
13955186	1022	0.18732105153475317	1683
15197179	1034	0.1157179375353193	1684
14579493	1173	0.16348803008677248	1685
21057006	1321	0.09204861518606958	1686
16250137	1344	0.07766197525686729	1687
16253106	657	0.017948261259412297	1688
18021634	758	0.09522370875745957	1689
16272469	952	0.10936519453102662	1690
13955186	1022	0.18732105153475317	1691
15197179	1034	0.1157179375353193	1692
14579493	1173	0.16348803008677248	1693
21057006	1321	0.09204861518606958	1694
16250137	1344	0.07766197525686729	1695
16253106	657	0.017948261259412297	1696
18021634	758	0.09522370875745957	1697
16272469	952	0.10936519453102662	1698
13955186	1022	0.18732105153475317	1699
15197179	1034	0.1157179375353193	1700
14579493	1173	0.16348803008677248	1701
21057006	1321	0.09204861518606958	1702
16250137	1344	0.07766197525686729	1703
16253106	657	0.017948261259412297	1704
18021634	758	0.09522370875745957	1705
16272469	952	0.10936519453102662	1706
13955186	1022	0.18732105153475317	1707
15197179	1034	0.1157179375353193	1708
14579493	1173	0.16348803008677248	1709
21057006	1321	0.09204861518606958	1710
16250137	1344	0.07766197525686729	1711
16253106	657	0.017948261259412297	1712
18021634	758	0.09522370875745957	1713
16272469	952	0.10936519453102662	1714
13955186	1022	0.18732105153475317	1715
15197179	1034	0.1157179375353193	1716
14579493	1173	0.16348803008677248	1717
21057006	1321	0.09204861518606958	1718
16250137	1344	0.07766197525686729	1719
16253106	657	0.017948261259412297	1720
18021634	758	0.09522370875745957	1721
16272469	952	0.10936519453102662	1722
13955186	1022	0.18732105153475317	1723
15197179	1034	0.1157179375353193	1724
14579493	1173	0.16348803008677248	1725
21057006	1321	0.09204861518606958	1726
16250137	1344	0.07766197525686729	1727
16253106	657	0.017948261259412297	1728
18021634	758	0.09522370875745957	1729
16272469	952	0.10936519453102662	1730
13955186	1022	0.18732105153475317	1731
15197179	1034	0.1157179375353193	1732
14579493	1173	0.16348803008677248	1733
21057006	1321	0.09204861518606958	1734
16250137	1344	0.07766197525686729	1735
16253106	657	0.017948261259412297	1736
18021634	758	0.09522370875745957	1737
16272469	952	0.10936519453102662	1738
13955186	1022	0.18732105153475317	1739
15197179	1034	0.1157179375353193	1740
14579493	1173	0.16348803008677248	1741
21057006	1321	0.09204861518606958	1742
16250137	1344	0.07766197525686729	1743
16253106	657	0.017948261259412297	1744
18021634	758	0.09522370875745957	1745
16272469	952	0.10936519453102662	1746
13955186	1022	0.18732105153475317	1747
15197179	1034	0.1157179375353193	1748
14579493	1173	0.16348803008677248	1749
21057006	1321	0.09204861518606958	1750
16250137	1344	0.07766197525686729	1751
16253106	657	0.017948261259412297	1752
18021634	758	0.09522370875745957	1753
16272469	952	0.10936519453102662	1754
13955186	1022	0.18732105153475317	1755
15197179	1034	0.1157179375353193	1756
14579493	1173	0.16348803008677248	1757
21057006	1321	0.09204861518606958	1758
16250137	1344	0.07766197525686729	1759
16253106	657	0.017948261259412297	1760
18021634	758	0.09522370875745957	1761
16272469	952	0.10936519453102662	1762
13955186	1022	0.18732105153475317	1763
15197179	1034	0.1157179375353193	1764
14579493	1173	0.16348803008677248	1765
21057006	1321	0.09204861518606958	1766
16250137	1344	0.07766197525686729	1767
16253106	657	0.017948261259412297	1768
18021634	758	0.09522370875745957	1769
16272469	952	0.10936519453102662	1770
13955186	1022	0.18732105153475317	1771
15197179	1034	0.1157179375353193	1772
14579493	1173	0.16348803008677248	1773
21057006	1321	0.09204861518606958	1774
16250137	1344	0.07766197525686729	1775
16253106	657	0.017948261259412297	1776
18021634	758	0.09522370875745957	1777
16272469	952	0.10936519453102662	1778
13955186	1022	0.18732105153475317	1779
15197179	1034	0.1157179375353193	1780
14579493	1173	0.16348803008677248	1781
21057006	1321	0.09204861518606958	1782
16250137	1344	0.07766197525686729	1783
16253106	657	0.017948261259412297	1784
18021634	758	0.09522370875745957	1785
16272469	952	0.10936519453102662	1786
13955186	1022	0.18732105153475317	1787
15197179	1034	0.1157179375353193	1788
14579493	1173	0.16348803008677248	1789
21057006	1321	0.09204861518606958	1790
16250137	1344	0.07766197525686729	1791
16253106	657	0.017948261259412297	1792
18021634	758	0.09522370875745957	1793
16272469	952	0.10936519453102662	1794
13955186	1022	0.18732105153475317	1795
15197179	1034	0.1157179375353193	1796
14579493	1173	0.16348803008677248	1797
21057006	1321	0.09204861518606958	1798
16250137	1344	0.07766197525686729	1799
16253106	657	0.017948261259412297	1800
18021634	758	0.09522370875745957	1801
16272469	952	0.10936519453102662	1802
13955186	1022	0.18732105153475317	1803
15197179	1034	0.1157179375353193	1804
14579493	1173	0.16348803008677248	1805
21057006	1321	0.09204861518606958	1806
16250137	1344	0.07766197525686729	1807
16253106	657	0.017948261259412297	1808
18021634	758	0.09522370875745957	1809
16272469	952	0.10936519453102662	1810
13955186	1022	0.18732105153475317	1811
15197179	1034	0.1157179375353193	1812
14579493	1173	0.16348803008677248	1813
21057006	1321	0.09204861518606958	1814
16250137	1344	0.07766197525686729	1815
16253106	657	0.017948261259412297	1816
18021634	758	0.09522370875745957	1817
16272469	952	0.10936519453102662	1818
13955186	1022	0.18732105153475317	1819
15197179	1034	0.1157179375353193	1820
14579493	1173	0.16348803008677248	1821
21057006	1321	0.09204861518606958	1822
16250137	1344	0.07766197525686729	1823
16253106	657	0.017948261259412297	1824
18021634	758	0.09522370875745957	1825
16272469	952	0.10936519453102662	1826
13955186	1022	0.18732105153475317	1827
15197179	1034	0.1157179375353193	1828
14579493	1173	0.16348803008677248	1829
21057006	1321	0.09204861518606958	1830
16250137	1344	0.07766197525686729	1831
16253106	657	0.017948261259412297	1832
18021634	758	0.09522370875745957	1833
16272469	952	0.10936519453102662	1834
13955186	1022	0.18732105153475317	1835
15197179	1034	0.1157179375353193	1836
14579493	1173	0.16348803008677248	1837
21057006	1321	0.09204861518606958	1838
16250137	1344	0.07766197525686729	1839
16253106	657	0.017948261259412297	1840
18021634	758	0.09522370875745957	1841
16272469	952	0.10936519453102662	1842
13955186	1022	0.18732105153475317	1843
15197179	1034	0.1157179375353193	1844
14579493	1173	0.16348803008677248	1845
21057006	1321	0.09204861518606958	1846
16250137	1344	0.07766197525686729	1847
16253106	657	0.017948261259412297	1848
18021634	758	0.09522370875745957	1849
16272469	952	0.10936519453102662	1850
13955186	1022	0.18732105153475317	1851
15197179	1034	0.1157179375353193	1852
14579493	1173	0.16348803008677248	1853
21057006	1321	0.09204861518606958	1854
16250137	1344	0.07766197525686729	1855
16253106	657	0.017948261259412297	1856
18021634	758	0.09522370875745957	1857
16272469	952	0.10936519453102662	1858
13955186	1022	0.18732105153475317	1859
15197179	1034	0.1157179375353193	1860
14579493	1173	0.16348803008677248	1861
21057006	1321	0.09204861518606958	1862
16250137	1344	0.07766197525686729	1863
16253106	657	0.017948261259412297	1864
18021634	758	0.09522370875745957	1865
16272469	952	0.10936519453102662	1866
13955186	1022	0.18732105153475317	1867
15197179	1034	0.1157179375353193	1868
14579493	1173	0.16348803008677248	1869
21057006	1321	0.09204861518606958	1870
16250137	1344	0.07766197525686729	1871
16253106	657	0.017948261259412297	1872
18021634	758	0.09522370875745957	1873
16272469	952	0.10936519453102662	1874
13955186	1022	0.18732105153475317	1875
15197179	1034	0.1157179375353193	1876
14579493	1173	0.16348803008677248	1877
21057006	1321	0.09204861518606958	1878
16250137	1344	0.07766197525686729	1879
16253106	657	0.017948261259412297	1880
18021634	758	0.09522370875745957	1881
16272469	952	0.10936519453102662	1882
13955186	1022	0.18732105153475317	1883
15197179	1034	0.1157179375353193	1884
14579493	1173	0.16348803008677248	1885
21057006	1321	0.09204861518606958	1886
16250137	1344	0.07766197525686729	1887
16253106	657	0.017948261259412297	1888
18021634	758	0.09522370875745957	1889
16272469	952	0.10936519453102662	1890
13955186	1022	0.18732105153475317	1891
15197179	1034	0.1157179375353193	1892
14579493	1173	0.16348803008677248	1893
21057006	1321	0.09204861518606958	1894
16250137	1344	0.07766197525686729	1895
16253106	657	0.017948261259412297	1896
18021634	758	0.09522370875745957	1897
16272469	952	0.10936519453102662	1898
13955186	1022	0.18732105153475317	1899
15197179	1034	0.1157179375353193	1900
14579493	1173	0.16348803008677248	1901
21057006	1321	0.09204861518606958	1902
16250137	1344	0.07766197525686729	1903
16253106	657	0.017948261259412297	1904
18021634	758	0.09522370875745957	1905
16272469	952	0.10936519453102662	1906
13955186	1022	0.18732105153475317	1907
15197179	1034	0.1157179375353193	1908
14579493	1173	0.16348803008677248	1909
21057006	1321	0.09204861518606958	1910
16250137	1344	0.07766197525686729	1911
16253106	657	0.017948261259412297	1912
18021634	758	0.09522370875745957	1913
16272469	952	0.10936519453102662	1914
13955186	1022	0.18732105153475317	1915
15197179	1034	0.1157179375353193	1916
14579493	1173	0.16348803008677248	1917
21057006	1321	0.09204861518606958	1918
16250137	1344	0.07766197525686729	1919
16253106	657	0.017948261259412297	1920
18021634	758	0.09522370875745957	1921
16272469	952	0.10936519453102662	1922
13955186	1022	0.18732105153475317	1923
15197179	1034	0.1157179375353193	1924
14579493	1173	0.16348803008677248	1925
21057006	1321	0.09204861518606958	1926
16250137	1344	0.07766197525686729	1927
16253106	657	0.017948261259412297	1928
18021634	758	0.09522370875745957	1929
16272469	952	0.10936519453102662	1930
13955186	1022	0.18732105153475317	1931
15197179	1034	0.1157179375353193	1932
14579493	1173	0.16348803008677248	1933
21057006	1321	0.09204861518606958	1934
16250137	1344	0.07766197525686729	1935
16253106	657	0.017948261259412297	1936
18021634	758	0.09522370875745957	1937
16272469	952	0.10936519453102662	1938
13955186	1022	0.18732105153475317	1939
15197179	1034	0.1157179375353193	1940
14579493	1173	0.16348803008677248	1941
21057006	1321	0.09204861518606958	1942
16250137	1344	0.07766197525686729	1943
16253106	657	0.017948261259412297	1944
18021634	758	0.09522370875745957	1945
16272469	952	0.10936519453102662	1946
13955186	1022	0.18732105153475317	1947
15197179	1034	0.1157179375353193	1948
14579493	1173	0.16348803008677248	1949
21057006	1321	0.09204861518606958	1950
16250137	1344	0.07766197525686729	1951
16253106	657	0.017948261259412297	1952
18021634	758	0.09522370875745957	1953
16272469	952	0.10936519453102662	1954
13955186	1022	0.18732105153475317	1955
15197179	1034	0.1157179375353193	1956
14579493	1173	0.16348803008677248	1957
21057006	1321	0.09204861518606958	1958
16250137	1344	0.07766197525686729	1959
16253106	657	0.017948261259412297	1960
18021634	758	0.09522370875745957	1961
16272469	952	0.10936519453102662	1962
13955186	1022	0.18732105153475317	1963
15197179	1034	0.1157179375353193	1964
14579493	1173	0.16348803008677248	1965
21057006	1321	0.09204861518606958	1966
16250137	1344	0.07766197525686729	1967
16253106	657	0.017948261259412297	1968
18021634	758	0.09522370875745957	1969
16272469	952	0.10936519453102662	1970
13955186	1022	0.18732105153475317	1971
15197179	1034	0.1157179375353193	1972
14579493	1173	0.16348803008677248	1973
21057006	1321	0.09204861518606958	1974
16250137	1344	0.07766197525686729	1975
16253106	657	0.017948261259412297	1976
18021634	758	0.09522370875745957	1977
16272469	952	0.10936519453102662	1978
13955186	1022	0.18732105153475317	1979
15197179	1034	0.1157179375353193	1980
14579493	1173	0.16348803008677248	1981
21057006	1321	0.09204861518606958	1982
16250137	1344	0.07766197525686729	1983
16253106	657	0.017948261259412297	1984
18021634	758	0.09522370875745957	1985
16272469	952	0.10936519453102662	1986
13955186	1022	0.18732105153475317	1987
15197179	1034	0.1157179375353193	1988
14579493	1173	0.16348803008677248	1989
21057006	1321	0.09204861518606958	1990
16250137	1344	0.07766197525686729	1991
16253106	657	0.017948261259412297	1992
18021634	758	0.09522370875745957	1993
16272469	952	0.10936519453102662	1994
13955186	1022	0.18732105153475317	1995
15197179	1034	0.1157179375353193	1996
14579493	1173	0.16348803008677248	1997
21057006	1321	0.09204861518606958	1998
16250137	1344	0.07766197525686729	1999
16253106	657	0.017948261259412297	2000
18021634	758	0.09522370875745957	2001
16272469	952	0.10936519453102662	2002
13955186	1022	0.18732105153475317	2003
15197179	1034	0.1157179375353193	2004
14579493	1173	0.16348803008677248	2005
21057006	1321	0.09204861518606958	2006
16250137	1344	0.07766197525686729	2007
16253106	657	0.017948261259412297	2008
18021634	758	0.09522370875745957	2009
16272469	952	0.10936519453102662	2010
13955186	1022	0.18732105153475317	2011
15197179	1034	0.1157179375353193	2012
14579493	1173	0.16348803008677248	2013
21057006	1321	0.09204861518606958	2014
16250137	1344	0.07766197525686729	2015
