NEW
19514897
4
16272469
294
15197179
479
16250137
854
19591127
1731
NEW
16250137
5
14579493
144
18752426
265
48865594
677
15197179
698
19591127
1845
NEW
18130267
-1
NEW
18752428
0
NEW
18752426
8
16253106
57
16272469
352
15197179
434
14579493
573
16250137
744
48865594
1106
15431724
1515
19591127
1581
NEW
15197179
8
19514897
100
16272469
201
14579493
215
16253106
305
16250137
386
48865594
748
15431724
1572
19591127
1638
NEW
16272469
8
16253106
104
19514897
129
15197179
201
14579493
392
16250137
563
48865594
925
15431724
1387
19591127
1453
NEW
16211076
-1
NEW
16253106
6
16211076
127
15197179
277
19514897
377
14579493
416
16250137
587
48865594
949
NEW
14579493
8
48865594
743
16250137
823
16253106
938
16272469
1005
15197179
1087
22337371
1285
15431724
2168
19591127
2234
NEW
48865594
4
14579493
640
16250137
747
15431724
2564
19591127
2630
NEW
19591127
9
15431724
734
15197179
1761
19514897
1767
16272469
1868
16253106
1972
14579493
1976
16250137
2147
48865594
2509
22337371
2931
NEW
22337371
8
16253106
978
16272469
1045
15197179
1127
14579493
1266
16250137
1437
48865594
1799
15431724
2208
19591127
2274
NEW
15431724
9
19591127
66
15197179
1827
19514897
1833
16272469
1934
16253106
2038
14579493
2042
16250137
2213
48865594
2575
22337371
2997
NEW
32179802
8
19591127
505
16272469
1554
15197179
1739
16253106
1769
14579493
2057
16250137
2228
22337371
2580
48865594
2590
