19514897	16272469	294
19514897	19514888	355
19514897	18464147	415
19514897	19514975	421
19514897	15197179	479
19514897	12998942	483
19514897	18130744	487
19514897	18021634	499
19514897	18130746	506
19514897	19531567	513
19514897	18130742	526
19514897	19531571	529
19514897	18130598	533
19514897	18185281	550
19514897	13955186	572
19514897	21056991	585
19514897	15175195	612
19514897	14579494	700
19514897	7459221	709
19514897	20805410	724
19514897	6677293	747
19514897	21057006	750
19514897	8472009	752
19514897	19524316	769
19514897	17915296	769
19514897	41522043	777
19514897	19227136	793
19514897	19214639	805
19514897	6902930	833
19514897	16250137	854
19514897	18754874	885
19514897	18021636	892
19514897	16210652	921
19514897	19531582	925
19514897	6902933	928
19514897	12916234	973
19514897	18295122	986
19514897	14579476	1008
19514897	13227225	1013
19514897	13683935	1042
19514897	9001819	1042
19514897	7816860	1057
19514897	21057002	1068
19514897	21049304	1107
19514897	19588677	1196
19514897	8515734	1212
19514897	6834659	1267
19514897	22337356	1290
19514897	15178444	1297
19514897	18678374	1317
19514897	30241004	1402
19514897	33070192	1470
19514897	35497190	1522
19514897	22337104	1542
19514897	14723315	1545
19514897	14579063	1559
19514897	15357084	1633
19514897	17950573	1969
19514897	13499757	2035
19514897	7810038	2168
19514897	14581567	2274
19514897	7787802	3059
19514897	2074496	3350
19514897	14018640	3422
19514897	24529322	3813
19514897	6590008	4006
19514897	7478255	4867
19514897	18022059	4971
19514897	16253108	320
19514897	19524327	679
19514897	16253106	377
19514897	49650310	242
19514897	17791429	645
19514897	15197181	589
19514897	1940049	387
19514897	7461174	403
19514897	9001725	451
19514897	9001623	816
19514897	21057029	102
19514897	21057015	83
19514897	13303993	252
19514897	15196980	920
19514897	8472010	673
19514897	18282308	1421
19514897	8567404	1801
16250137	21056991	88
16250137	14579493	144
16250137	14579494	161
16250137	41522043	238
16250137	17791429	241
16250137	19227136	254
16250137	7461171	257
16250137	18752426	265
16250137	19214639	266
16250137	21057006	292
16250137	6902930	294
16250137	6677293	295
16250137	7751408	305
16250137	16253106	321
16250137	14579536	360
16250137	6902933	389
16250137	7770986	390
16250137	18130744	410
16250137	14579088	411
16250137	17915296	419
16250137	18021634	422
16250137	18130746	429
16250137	1940049	441
16250137	18130742	449
16250137	14579476	469
16250137	7365144	474
16250137	13227225	474
16250137	49650310	486
16250137	14607762	489
16250137	7816860	518
16250137	13303993	575
16250137	20805410	649
16250137	19514888	677
16250137	13955186	686
16250137	21057029	696
16250137	15197179	698
16250137	21057015	715
16250137	15175195	726
16250137	18678374	778
16250137	12998942	805
16250137	16210652	844
16250137	30241004	863
16250137	9001729	888
16250137	18129771	893
16250137	18295122	911
16250137	33070192	931
16250137	13227229	938
16250137	15197186	947
16250137	35497190	983
16250137	21057002	991
16250137	18754874	999
16250137	16347747	1018
16250137	14579063	1020
16250137	21049304	1032
16250137	12916234	1087
16250137	15357084	1094
16250137	18129756	1104
16250137	9001819	1156
16250137	22337356	1213
16250137	15178444	1220
16250137	19588677	1310
16250137	8515734	1326
16250137	14581567	1337
16250137	6834659	1381
16250137	15196980	1404
16250137	17950573	1430
16250137	14723315	1468
16250137	13499757	1496
16250137	22337104	1656
16250137	13683935	1997
16250137	19309303	2027
16250137	7810038	2091
16250137	7787802	3173
16250137	2074496	3273
16250137	14018640	3536
16250137	7478255	3576
16250137	18022059	3680
16250137	24529322	3927
16250137	6590008	4120
16250137	19514897	854
16250137	18464147	550
16250137	19514975	703
16250137	19531567	899
16250137	19531571	882
16250137	18185281	861
16250137	19531582	807
16250137	19524327	834
16250137	16272469	563
16250137	15197181	195
16250137	17915327	636
16250137	17915328	627
16250137	7751409	885
16250137	17916549	598
16250137	7461174	558
16250137	9001725	606
16250137	9001623	1263
16250137	35495295	1507
16250137	35495294	1377
16250137	33070146	1294
16250137	15394142	1298
16250137	18678271	1193
16250137	15357081	2015
16250137	15357077	1991
16250137	35450538	1159
16250137	18129738	1295
16250137	8472009	953
16250137	8472010	1053
16250137	18282308	1801
16250137	8567404	2181
18130267	16253106	92
18130267	7770986	161
18130267	18021634	193
18130267	18130742	220
18130267	49650310	257
18130267	19514888	448
18130267	13955186	457
18130267	21057029	467
18130267	15197179	469
18130267	21057015	486
18130267	15175195	497
18130267	21056991	510
18130267	12998942	576
18130267	14579493	608
18130267	16210652	615
18130267	9001729	659
18130267	17791429	705
18130267	13227229	709
18130267	7461171	721
18130267	21057006	756
18130267	6902930	758
18130267	6677293	759
18130267	21057002	762
18130267	7751408	769
18130267	18754874	770
18130267	6902933	853
18130267	12916234	858
18130267	9001819	927
18130267	14579476	933
18130267	7365144	938
18130267	14607762	953
18130267	22337356	984
18130267	15178444	991
18130267	19588677	1081
18130267	8515734	1097
18130267	6834659	1152
18130267	14723315	1239
18130267	18678374	1242
18130267	30241004	1327
18130267	13683935	1335
18130267	18129771	1357
18130267	33070192	1395
18130267	22337104	1427
18130267	35497190	1447
18130267	16347747	1482
18130267	14579063	1484
18130267	15357084	1558
18130267	18129756	1568
18130267	7810038	1862
18130267	15196980	1868
18130267	17950573	1894
18130267	13499757	1960
18130267	14581567	1968
18130267	19309303	2491
18130267	7787802	2944
18130267	2074496	3044
18130267	14018640	3307
18130267	24529322	3698
18130267	6590008	3891
18130267	7478255	4561
18130267	18022059	4665
18130267	18752428	1
18752428	18130267	1
18752428	16253106	93
18752428	7770986	162
18752428	18021634	194
18752428	18130742	221
18752428	49650310	258
18752428	19514888	449
18752428	13955186	458
18752428	21057029	468
18752428	15197179	470
18752428	21057015	487
18752428	15175195	498
18752428	21056991	511
18752428	12998942	577
18752428	14579493	609
18752428	16210652	616
18752428	9001729	660
18752428	17791429	706
18752428	13227229	710
18752428	7461171	722
18752428	21057006	757
18752428	6902930	759
18752428	6677293	760
18752428	21057002	763
18752428	7751408	770
18752428	18754874	771
18752428	6902933	854
18752428	12916234	859
18752428	9001819	928
18752428	14579476	934
18752428	7365144	939
18752428	14607762	954
18752428	22337356	985
18752428	15178444	992
18752428	19588677	1082
18752428	8515734	1098
18752428	6834659	1153
18752428	14723315	1240
18752428	18678374	1243
18752428	30241004	1328
18752428	13683935	1336
18752428	18129771	1358
18752428	33070192	1396
18752428	22337104	1428
18752428	35497190	1448
18752428	16347747	1483
18752428	14579063	1485
18752428	15357084	1559
18752428	18129756	1569
18752428	7810038	1863
18752428	15196980	1869
18752428	17950573	1895
18752428	13499757	1961
18752428	14581567	1969
18752428	19309303	2492
18752428	7787802	2945
18752428	2074496	3045
18752428	14018640	3308
18752428	24529322	3699
18752428	6590008	3892
18752428	7478255	4562
18752428	18022059	4666
18752426	16253106	57
18752426	7770986	126
18752426	18130744	146
18752426	18021634	158
18752426	18130746	165
18752426	18130742	185
18752426	18130598	192
18752426	49650310	222
18752426	19531567	363
18752426	19531571	379
18752426	18185281	400
18752426	19514888	413
18752426	13955186	422
18752426	21057029	432
18752426	15197179	434
18752426	21057015	451
18752426	15175195	462
18752426	21056991	475
18752426	12998942	541
18752426	18021636	551
18752426	14579493	573
18752426	16210652	580
18752426	9001729	624
18752426	17791429	670
18752426	13227229	674
18752426	7461171	686
18752426	21057006	721
18752426	6902930	723
18752426	6677293	724
18752426	21057002	727
18752426	7751408	734
18752426	18754874	735
18752426	6902933	818
18752426	12916234	823
18752426	17915296	827
18752426	18752420	872
18752426	9001819	892
18752426	14579476	898
18752426	7365144	903
18752426	14607762	918
18752426	22337356	949
18752426	15178444	956
18752426	19588677	1046
18752426	8515734	1062
18752426	6834659	1117
18752426	14723315	1204
18752426	18678374	1207
18752426	30241004	1292
18752426	13683935	1300
18752426	18129771	1322
18752426	33070192	1360
18752426	21049304	1365
18752426	22337104	1392
18752426	35497190	1412
18752426	16347747	1447
18752426	14579063	1449
18752426	15357084	1523
18752426	18129756	1533
18752426	7810038	1827
18752426	15196980	1833
18752426	17950573	1859
18752426	13499757	1925
18752426	14581567	1933
18752426	19309303	2456
18752426	7787802	2909
18752426	2074496	3009
18752426	14018640	3272
18752426	24529322	3663
18752426	6590008	3856
18752426	7478255	4526
18752426	18022059	4630
18752426	16250137	265
18752426	19227136	385
18752426	19214639	397
18130598	18021634	220
18130598	18130742	247
18130598	19514888	475
18130598	13955186	484
18130598	21057029	494
18130598	15197179	496
18130598	21057015	513
18130598	15175195	524
18130598	21056991	537
18130598	12998942	603
18130598	16210652	642
18130598	21057006	783
18130598	6902930	785
18130598	6677293	786
18130598	21057002	789
18130598	18754874	797
18130598	6902933	880
18130598	12916234	885
18130598	9001819	954
18130598	14579476	960
18130598	22337356	1011
18130598	15178444	1018
18130598	19588677	1108
18130598	8515734	1124
18130598	6834659	1179
18130598	14723315	1266
18130598	18678374	1269
18130598	30241004	1354
18130598	13683935	1362
18130598	18129771	1384
18130598	33070192	1422
18130598	22337104	1454
18130598	35497190	1474
18130598	16347747	1509
18130598	14579063	1511
18130598	15357084	1585
18130598	18129756	1595
18130598	7810038	1889
18130598	15196980	1895
18130598	17950573	1921
18130598	13499757	1987
18130598	14581567	1995
18130598	19309303	2518
18130598	7787802	2971
18130598	2074496	3071
18130598	14018640	3334
18130598	24529322	3725
18130598	6590008	3918
18130598	7478255	4588
18130598	18022059	4692
18130598	19514897	533
18130598	18752426	192
18130598	18464147	226
18130598	17915296	749
18130598	20805410	781
18130598	19524327	809
18130598	16272469	239
18130598	16211076	8
18130598	16253106	135
18130598	1940049	727
18130598	7461174	743
18130598	9001725	581
18130598	13303993	592
18130598	8472009	913
18130598	8472010	1013
18130598	18282308	1761
14579088	13227225	195
14579088	18021636	650
14579088	18130742	663
14579088	18021634	676
14579088	16210652	679
14579088	49650310	740
14579088	13227229	750
14579088	16253106	803
14579088	7770986	872
14579088	19514888	931
14579088	13955186	940
14579088	21057029	950
14579088	15197179	952
14579088	21057015	969
14579088	15175195	980
14579088	21056991	993
14579088	12998942	1059
14579088	7459221	1077
14579088	14579493	1091
14579088	9001729	1142
14579088	17791429	1188
14579088	7461171	1204
14579088	21057006	1239
14579088	6902930	1241
14579088	6677293	1242
14579088	7751408	1252
14579088	18754874	1253
14579088	6902933	1336
14579088	22337356	1340
14579088	12916234	1341
14579088	15178444	1359
14579088	9001819	1410
14579088	14579476	1416
14579088	7365144	1421
14579088	14607762	1436
14579088	21057002	1473
14579088	19588677	1564
14579088	8515734	1580
14579088	14723315	1616
14579088	6834659	1635
14579088	18678374	1725
14579088	30241004	1810
14579088	13683935	1818
14579088	18129771	1840
14579088	33070192	1883
14579088	22337104	1910
14579088	35497190	1930
14579088	16347747	1965
14579088	14579063	1967
14579088	7810038	2029
14579088	15357084	2041
14579088	18129756	2051
14579088	14581567	2160
14579088	15196980	2351
14579088	17950573	2377
14579088	13499757	2443
14579088	2074496	2907
14579088	19309303	2974
14579088	18678271	2990
14579088	7787802	3427
14579088	15357081	3462
14579088	14018640	3790
14579088	24529322	4181
14579088	6590008	4374
14579088	7478255	4753
14579088	18022059	4857
14579088	16250137	411
14579088	14579494	250
14579088	19227136	433
14579088	19214639	445
14579088	21049304	997
14579088	14579536	206
18464147	16253106	91
18464147	16272469	137
18464147	19514975	156
18464147	7770986	160
18464147	18130744	180
18464147	18021634	192
18464147	19514888	198
18464147	18130746	199
18464147	18130742	219
18464147	18130598	226
18464147	21057029	238
18464147	15197179	240
18464147	19531567	248
18464147	19514897	250
18464147	49650310	256
18464147	21057015	257
18464147	19531571	264
18464147	21056991	281
18464147	18185281	285
18464147	13955186	307
18464147	12998942	338
18464147	15175195	347
18464147	14579493	379
18464147	14579494	396
18464147	7459221	444
18464147	41522043	473
18464147	17791429	476
18464147	19227136	489
18464147	7461171	492
18464147	19214639	501
18464147	19524316	504
18464147	9001729	509
18464147	21057006	527
18464147	6902930	529
18464147	6677293	530
18464147	7751408	540
18464147	16250137	550
18464147	18021636	585
18464147	16210652	614
18464147	18754874	620
18464147	6902933	624
18464147	17915296	654
18464147	19531582	660
18464147	1940049	676
18464147	14579476	704
18464147	12916234	708
18464147	13227229	708
18464147	7365144	709
18464147	13227225	709
18464147	14607762	724
18464147	7816860	753
18464147	21057002	761
18464147	9001819	777
18464147	20805410	779
18464147	18752420	906
18464147	19588677	931
18464147	8515734	947
18464147	22337356	983
18464147	15178444	990
18464147	6834659	1002
18464147	18678374	1013
18464147	15197186	1077
18464147	13683935	1097
18464147	30241004	1098
18464147	18129771	1128
18464147	21049304	1162
18464147	33070192	1166
18464147	35497190	1218
18464147	14723315	1238
18464147	16347747	1253
18464147	14579063	1255
18464147	22337104	1277
18464147	15357084	1329
18464147	18129756	1339
18464147	15196980	1639
18464147	17950573	1665
18464147	13499757	1731
18464147	7810038	1861
18464147	14581567	1967
18464147	19309303	2262
18464147	7787802	2794
18464147	2074496	3043
18464147	14018640	3157
18464147	24529322	3548
18464147	6590008	3741
18464147	7478255	4560
18464147	18022059	4664
18464147	16253108	67
18464147	19524327	691
18464147	7461174	625
18464147	9001725	463
18464147	9001623	718
18464147	13303993	474
18464147	8472009	795
18464147	8472010	895
18464147	18282308	1643
41522043	21057006	54
41522043	6677293	57
41522043	16250137	97
41522043	17791429	99
41522043	14579493	150
41522043	14579494	167
41522043	17915296	181
41522043	21056991	192
41522043	19227136	196
41522043	7461171	199
41522043	1940049	203
41522043	19214639	208
41522043	6902930	236
41522043	7751408	247
41522043	6902933	331
41522043	13303993	337
41522043	20805410	411
41522043	14579476	411
41522043	7365144	416
41522043	16253106	425
41522043	14607762	431
41522043	7816860	460
41522043	13227225	480
41522043	12998942	485
41522043	7770986	494
41522043	18021634	526
41522043	18130742	553
41522043	15197179	583
41522043	19514897	589
41522043	49650310	590
41522043	18295122	673
41522043	9001725	694
41522043	15197186	709
41522043	18678374	720
41522043	13955186	790
41522043	21049304	794
41522043	30241004	805
41522043	15175195	830
41522043	18129771	835
41522043	33070192	873
41522043	35497190	925
41522043	16210652	948
41522043	16347747	960
41522043	14579063	962
41522043	9001729	992
41522043	15357084	1036
41522043	13227229	1042
41522043	18129756	1046
41522043	21057002	1095
41522043	18754874	1103
41522043	12916234	1191
41522043	9001819	1260
41522043	14581567	1279
41522043	22337356	1317
41522043	15178444	1324
41522043	15196980	1346
41522043	17950573	1372
41522043	19588677	1414
41522043	8515734	1430
41522043	13499757	1438
41522043	6834659	1485
41522043	14723315	1572
41522043	22337104	1760
41522043	13683935	1939
41522043	19309303	1969
41522043	7810038	2195
41522043	7787802	3277
41522043	2074496	3377
41522043	7478255	3518
41522043	18022059	3622
41522043	14018640	3640
41522043	24529322	4031
41522043	6590008	4224
41522043	18464147	473
41522043	19514975	626
41522043	19531567	822
41522043	19531571	805
41522043	18185281	784
41522043	19531582	710
41522043	14579536	674
41522043	19524327	737
41522043	16272469	486
41522043	15197181	98
41522043	17915327	559
41522043	17915328	550
41522043	7751409	808
41522043	17916549	521
41522043	7461174	461
41522043	9001623	1186
41522043	35495295	1430
41522043	35495294	1300
41522043	33070146	1217
41522043	15394142	1221
41522043	18678271	1116
41522043	15357081	1938
41522043	15357077	1914
41522043	35450538	1082
41522043	21057029	307
41522043	21057015	326
41522043	19514888	422
41522043	18129738	1218
41522043	8472009	876
41522043	8472010	976
41522043	18282308	1253
41522043	8567404	2104
14579494	14579536	199
14579494	14579088	250
14579494	13227225	313
14579494	14579476	350
14579494	6902933	470
14579494	6902930	493
14579494	19214639	521
14579494	7751408	527
14579494	19227136	533
14579494	14607762	570
14579494	7816860	599
14579494	18678374	659
14579494	14579493	699
14579494	41522043	729
14579494	17791429	732
14579494	7365144	741
14579494	30241004	744
14579494	7461171	748
14579494	18021636	768
14579494	18130742	781
14579494	21057006	783
14579494	6677293	786
14579494	18021634	794
14579494	16210652	797
14579494	33070192	804
14579494	16250137	806
14579494	49650310	858
14579494	13227229	868
14579494	17915296	910
14579494	16253106	921
14579494	1940049	932
14579494	15357084	975
14579494	7770986	990
14579494	18129771	1026
14579494	35497190	1032
14579494	19514888	1049
14579494	13955186	1058
14579494	21057029	1068
14579494	15197179	1070
14579494	18129738	1085
14579494	21057015	1087
14579494	15175195	1098
14579494	21056991	1111
14579494	14579063	1153
14579494	12998942	1177
14579494	19309303	1180
14579494	7459221	1195
14579494	14581567	1210
14579494	18129756	1254
14579494	9001729	1260
14579494	16347747	1316
14579494	18754874	1371
14579494	22337356	1458
14579494	12916234	1459
14579494	15178444	1477
14579494	18295122	1479
14579494	15197186	1515
14579494	9001819	1528
14579494	21057002	1591
14579494	21049304	1600
14579494	19588677	1682
14579494	8515734	1698
14579494	15196980	1702
14579494	14723315	1734
14579494	6834659	1753
14579494	13499757	1794
14579494	13683935	1936
14579494	22337104	2028
14579494	7810038	2147
14579494	2074496	3025
14579494	7478255	3457
14579494	7787802	3545
14579494	18022059	3561
14579494	14018640	3908
14579494	24529322	4299
14579494	6590008	4492
14579494	19514897	700
14579494	18464147	396
14579494	19514975	549
14579494	19531567	745
14579494	19531571	728
14579494	18185281	707
14579494	19531582	714
14579494	19524327	905
14579494	16272469	409
14579494	17915327	546
14579494	17915328	537
14579494	7751409	795
14579494	17916549	508
14579494	7461174	629
14579494	9001725	677
14579494	9001623	1109
14579494	35495295	1417
14579494	35495294	1287
14579494	33070146	1204
14579494	15394142	1208
14579494	18678271	1103
14579494	15357081	1925
14579494	15357077	1901
14579494	17950573	1186
14579494	35450538	1069
14579494	13303993	478
14579494	8472009	799
14579494	8472010	899
14579494	18282308	1647
14579494	8567404	2027
19514975	19531571	105
19514975	18185281	126
19514975	13955186	151
19514975	19531567	154
19514975	18464147	156
19514975	5983027	168
19514975	16253108	192
19514975	19514888	204
19514975	5907297	226
19514975	15175195	253
19514975	19514897	256
19514975	49650310	269
19514975	7459221	288
19514975	12998942	332
19514975	18130744	336
19514975	18021634	348
19514975	18130746	355
19514975	18130742	375
19514975	19524316	410
19514975	9001729	415
19514975	21056991	434
19514975	18754874	526
19514975	14579494	549
19514975	19531582	566
19514975	21057006	599
19514975	18752420	610
19514975	12916234	614
19514975	17915296	618
19514975	9001819	621
19514975	41522043	626
19514975	19227136	642
19514975	19214639	654
19514975	16250137	703
19514975	16210652	770
19514975	20805410	773
19514975	19588677	837
19514975	8515734	853
19514975	14579476	857
19514975	13227225	862
19514975	7816860	906
19514975	6834659	908
19514975	21057002	917
19514975	13683935	1091
19514975	22337356	1139
19514975	15178444	1146
19514975	21049304	1156
19514975	18678374	1166
19514975	22337104	1183
19514975	30241004	1251
19514975	33070192	1319
19514975	35497190	1371
19514975	14723315	1394
19514975	14579063	1408
19514975	15357084	1482
19514975	7810038	1783
19514975	17950573	1818
19514975	13499757	1884
19514975	14581567	2123
19514975	7787802	2700
19514975	2074496	2965
19514975	14018640	3063
19514975	24529322	3454
19514975	6590008	3647
19514975	7478255	4716
19514975	18022059	4820
19514975	19524327	697
19514975	15197179	328
19514975	16272469	143
19514975	17791429	873
19514975	15197181	817
19514975	9001727	152
19514975	1940049	615
19514975	7461174	631
19514975	13710445	230
19514975	9001623	724
19514975	21057029	330
19514975	21057015	311
19514975	13303993	480
19514975	8472009	801
19514975	15196980	1148
19514975	8472010	901
19514975	18282308	1649
16253108	18464147	67
16253108	49650310	77
16253108	19514975	126
16253108	16253106	140
16253108	7770986	209
16253108	19531567	218
16253108	18130744	229
16253108	19531571	234
16253108	18021634	241
16253108	18130746	248
16253108	18185281	255
16253108	19514888	268
16253108	18130742	268
16253108	13955186	277
16253108	21057029	287
16253108	15197179	289
16253108	21057015	306
16253108	15175195	317
16253108	19514897	320
16253108	21056991	330
16253108	12998942	396
16253108	7459221	414
16253108	14579493	428
16253108	19524316	474
16253108	9001729	479
16253108	17791429	525
16253108	19227136	538
16253108	7461171	541
16253108	19214639	550
16253108	21057006	576
16253108	6902930	578
16253108	6677293	579
16253108	7751408	589
16253108	18754874	590
16253108	19531582	630
16253108	16210652	663
16253108	6902933	673
16253108	12916234	678
16253108	17915296	682
16253108	9001819	747
16253108	14579476	753
16253108	13227229	757
16253108	7365144	758
16253108	14607762	773
16253108	21057002	810
16253108	20805410	837
16253108	19588677	901
16253108	8515734	917
16253108	6834659	972
16253108	22337356	1032
16253108	15178444	1039
16253108	18678374	1062
16253108	30241004	1147
16253108	13683935	1155
16253108	18129771	1177
16253108	33070192	1215
16253108	21049304	1220
16253108	22337104	1247
16253108	35497190	1267
16253108	14723315	1287
16253108	16347747	1302
16253108	14579063	1304
16253108	15357084	1378
16253108	18129756	1388
16253108	15196980	1688
16253108	17950573	1714
16253108	13499757	1780
16253108	7810038	1910
16253108	14581567	2016
16253108	19309303	2311
16253108	7787802	2764
16253108	2074496	3092
16253108	14018640	3127
16253108	24529322	3518
16253108	6590008	3711
16253108	7478255	4609
16253108	18022059	4713
16253108	18752420	367
16253108	9001727	250
16253108	13710445	328
16253108	15789905	1958
16253108	9010922	1696
16253108	20049317	1930
16253108	9001963	1726
16253108	19579973	1482
16253108	20049451	1413
16253108	20049341	1385
16253108	8567404	2014
18021636	18021634	26
18021636	49650310	90
18021636	16253106	153
18021636	7770986	222
18021636	19531567	231
18021636	19531571	247
18021636	18185281	268
18021636	19514888	281
18021636	18130742	281
18021636	13955186	290
18021636	21057029	300
18021636	15197179	302
18021636	21057015	319
18021636	15175195	330
18021636	21056991	343
18021636	12998942	409
18021636	7459221	427
18021636	14579493	441
18021636	9001729	492
18021636	17791429	538
18021636	7461171	554
18021636	21057006	589
18021636	6902930	591
18021636	6677293	592
18021636	7751408	602
18021636	18754874	603
18021636	16210652	676
18021636	6902933	686
18021636	12916234	691
18021636	17915296	695
18021636	18752420	740
18021636	9001819	760
18021636	14579476	766
18021636	13227229	770
18021636	7365144	771
18021636	14607762	786
18021636	21057002	823
18021636	19588677	914
18021636	8515734	930
18021636	6834659	985
18021636	22337356	1045
18021636	15178444	1052
18021636	18678374	1075
18021636	30241004	1160
18021636	13683935	1168
18021636	18129771	1190
18021636	33070192	1228
18021636	21049304	1233
18021636	22337104	1260
18021636	35497190	1280
18021636	14723315	1300
18021636	16347747	1315
18021636	14579063	1317
18021636	15357084	1391
18021636	18129756	1401
18021636	7810038	1695
18021636	15196980	1701
18021636	17950573	1727
18021636	13499757	1793
18021636	14581567	2029
18021636	19309303	2324
18021636	7787802	2777
18021636	2074496	2877
18021636	14018640	3140
18021636	24529322	3531
18021636	6590008	3724
18021636	7478255	4622
18021636	18022059	4726
18021636	19514897	892
18021636	18752426	551
18021636	14579088	650
18021636	18464147	585
18021636	14579494	768
18021636	18130744	406
18021636	18130746	386
18021636	14579536	724
18021636	13227225	645
18021636	20805410	1140
18021636	19524327	1168
18021636	16272469	598
18021636	7461174	1102
18021636	9001725	940
18021636	33070460	1660
18021636	15357081	3260
18021636	15357077	3236
18021636	35450538	1828
18021636	13303993	951
18021636	8472009	1272
18021636	15789905	2327
18021636	9010922	2065
18021636	20049317	2299
18021636	9001963	2095
18021636	19579973	1851
18021636	20049451	1782
18021636	20049341	1754
18021636	8472010	1372
18021636	18282308	2120
18021636	8567404	2383
18021636	8442511	3303
18130744	18130746	19
18130744	18130742	40
18130744	18021636	406
18130744	18021634	432
18130744	16210652	435
18130744	49650310	496
18130744	13227229	506
18130744	16253106	559
18130744	7770986	628
18130744	19531567	637
18130744	19531571	653
18130744	18185281	674
18130744	19514888	687
18130744	13955186	696
18130744	21057029	706
18130744	15197179	708
18130744	21057015	725
18130744	15175195	736
18130744	21056991	749
18130744	12998942	815
18130744	7459221	833
18130744	14579493	847
18130744	9001729	898
18130744	17791429	944
18130744	7461171	960
18130744	21057006	995
18130744	6902930	997
18130744	6677293	998
18130744	7751408	1008
18130744	18754874	1009
18130744	6902933	1092
18130744	22337356	1096
18130744	12916234	1097
18130744	17915296	1101
18130744	15178444	1115
18130744	18752420	1146
18130744	9001819	1166
18130744	14579476	1172
18130744	7365144	1177
18130744	14607762	1192
18130744	21057002	1229
18130744	19588677	1320
18130744	8515734	1336
18130744	14723315	1372
18130744	6834659	1391
18130744	18678374	1481
18130744	30241004	1566
18130744	13683935	1574
18130744	18129771	1596
18130744	21049304	1639
18130744	33070192	1639
18130744	22337104	1666
18130744	35497190	1686
18130744	16347747	1721
18130744	14579063	1723
18130744	7810038	1785
18130744	15357084	1797
18130744	18129756	1807
18130744	14581567	1916
18130744	15196980	2107
18130744	17950573	2133
18130744	13499757	2199
18130744	2074496	2663
18130744	19309303	2730
18130744	18678271	2746
18130744	7787802	3183
18130744	15357081	3218
18130744	14018640	3546
18130744	24529322	3937
18130744	6590008	4130
18130744	7478255	4509
18130744	18022059	4613
18130744	19514897	487
18130744	16250137	410
18130744	18752426	146
18130744	18464147	180
18130744	19514975	336
18130744	16253108	229
18130744	19227136	530
18130744	19214639	542
18130744	19531582	503
18130744	20805410	735
18130744	19524327	763
18130744	19524316	782
18130744	16272469	193
18130744	1940049	681
18130744	7461174	697
18130744	9001725	535
18130744	9001623	898
18130744	13303993	546
18130744	8472009	867
18130744	8472010	967
18130744	18282308	1715
19227136	19214639	11
19227136	6902930	40
19227136	6902933	135
19227136	14579493	166
19227136	14579494	183
19227136	7751408	192
19227136	41522043	196
19227136	17791429	199
19227136	21056991	208
19227136	7461171	215
19227136	14579476	215
19227136	14607762	235
19227136	21057006	250
19227136	6677293	253
19227136	7816860	264
19227136	7365144	268
19227136	16250137	273
19227136	17915296	377
19227136	14579536	382
19227136	18752426	385
19227136	1940049	399
19227136	14579088	433
19227136	16253106	441
19227136	13227225	496
19227136	7770986	510
19227136	18678374	524
19227136	18130744	530
19227136	13303993	533
19227136	18021634	542
19227136	18130746	549
19227136	18130742	569
19227136	49650310	606
19227136	20805410	607
19227136	30241004	609
19227136	18129771	639
19227136	35497190	729
19227136	14579063	766
19227136	19514888	797
19227136	13955186	806
19227136	16347747	812
19227136	21057029	816
19227136	33070192	818
19227136	15197179	818
19227136	21057015	835
19227136	15357084	840
19227136	15175195	846
19227136	18129756	850
19227136	18295122	869
19227136	15197186	905
19227136	12998942	925
19227136	18129738	950
19227136	16210652	964
19227136	21049304	990
19227136	9001729	1008
19227136	19309303	1045
19227136	13227229	1058
19227136	21057002	1111
19227136	18754874	1119
19227136	15196980	1198
19227136	12916234	1207
19227136	17950573	1224
19227136	14581567	1224
19227136	9001819	1276
19227136	13499757	1290
19227136	22337356	1333
19227136	15178444	1340
19227136	19588677	1430
19227136	8515734	1446
19227136	6834659	1501
19227136	14723315	1588
19227136	22337104	1776
19227136	13683935	1791
19227136	7810038	2211
19227136	7787802	3293
19227136	7478255	3322
19227136	2074496	3393
19227136	18022059	3426
19227136	14018640	3656
19227136	24529322	4047
19227136	6590008	4240
19227136	19514897	793
19227136	18464147	489
19227136	19514975	642
19227136	16253108	538
19227136	19531567	838
19227136	19531571	821
19227136	18185281	800
19227136	19531582	807
19227136	18752420	911
19227136	19524327	998
19227136	19524316	1017
19227136	16272469	502
19227136	15197181	294
19227136	9001727	794
19227136	17915327	411
19227136	17915328	402
19227136	7751409	660
19227136	17916549	373
19227136	7461174	722
19227136	9001725	770
19227136	13710445	872
19227136	9001623	1202
19227136	35495295	1282
19227136	35495294	1152
19227136	33070146	1069
19227136	15394142	1073
19227136	18678271	920
19227136	15357081	1790
19227136	15357077	1766
19227136	35450538	886
19227136	8472009	892
19227136	8472010	992
19227136	18282308	1574
19227136	8567404	2120
19214639	19227136	11
19214639	6902930	29
19214639	6902933	123
19214639	14579493	178
19214639	7751408	180
19214639	14579494	195
19214639	14579476	203
19214639	41522043	208
19214639	17791429	211
19214639	21056991	220
19214639	14607762	223
19214639	7461171	227
19214639	7816860	252
19214639	21057006	262
19214639	6677293	265
19214639	7365144	280
19214639	16250137	285
19214639	14579536	289
19214639	17915296	389
19214639	18752426	397
19214639	1940049	411
19214639	14579088	445
19214639	16253106	453
19214639	13227225	508
19214639	18678374	512
19214639	7770986	522
19214639	18130744	542
19214639	13303993	545
19214639	18021634	554
19214639	18130746	561
19214639	18130742	581
19214639	30241004	597
19214639	49650310	618
19214639	20805410	619
19214639	18129771	627
19214639	35497190	717
19214639	14579063	754
19214639	33070192	806
19214639	19514888	809
19214639	13955186	818
19214639	16347747	824
19214639	15357084	828
19214639	21057029	828
19214639	15197179	830
19214639	18129756	838
19214639	21057015	847
19214639	15175195	858
19214639	18295122	881
19214639	15197186	917
19214639	12998942	937
19214639	18129738	938
19214639	16210652	976
19214639	21049304	1002
19214639	9001729	1020
19214639	19309303	1033
19214639	13227229	1070
19214639	21057002	1123
19214639	18754874	1131
19214639	15196980	1210
19214639	14581567	1212
19214639	12916234	1219
19214639	17950573	1236
19214639	9001819	1288
19214639	13499757	1302
19214639	22337356	1345
19214639	15178444	1352
19214639	19588677	1442
19214639	8515734	1458
19214639	6834659	1513
19214639	14723315	1600
19214639	22337104	1788
19214639	13683935	1803
19214639	7810038	2223
19214639	7787802	3305
19214639	7478255	3310
19214639	2074496	3405
19214639	18022059	3414
19214639	14018640	3668
19214639	24529322	4059
19214639	6590008	4252
19214639	19514897	805
19214639	18464147	501
19214639	19514975	654
19214639	16253108	550
19214639	19531567	850
19214639	19531571	833
19214639	18185281	812
19214639	19531582	819
19214639	18752420	923
19214639	19524327	1010
19214639	19524316	1029
19214639	16272469	514
19214639	15197181	306
19214639	9001727	806
19214639	17915327	423
19214639	17915328	414
19214639	7751409	672
19214639	17916549	385
19214639	7461174	734
19214639	9001725	782
19214639	9001623	1214
19214639	35495295	1294
19214639	35495294	1164
19214639	33070146	1081
19214639	15394142	1085
19214639	18678271	908
19214639	15357081	1175
19214639	15357077	1151
19214639	35450538	874
19214639	8472009	904
19214639	8472010	1004
19214639	18282308	1586
19214639	8567404	2132
18130746	18130742	20
18130746	18021636	386
18130746	18021634	412
18130746	16210652	415
18130746	49650310	476
18130746	13227229	486
18130746	16253106	539
18130746	7770986	608
18130746	19531567	617
18130746	19531571	633
18130746	18185281	654
18130746	19514888	667
18130746	13955186	676
18130746	21057029	686
18130746	15197179	688
18130746	21057015	705
18130746	15175195	716
18130746	21056991	729
18130746	12998942	795
18130746	7459221	813
18130746	14579493	827
18130746	9001729	878
18130746	17791429	924
18130746	7461171	940
18130746	21057006	975
18130746	6902930	977
18130746	6677293	978
18130746	7751408	988
18130746	18754874	989
18130746	6902933	1072
18130746	22337356	1076
18130746	12916234	1077
18130746	17915296	1081
18130746	15178444	1095
18130746	18752420	1126
18130746	9001819	1146
18130746	14579476	1152
18130746	7365144	1157
18130746	14607762	1172
18130746	21057002	1209
18130746	19588677	1300
18130746	8515734	1316
18130746	14723315	1352
18130746	6834659	1371
18130746	18678374	1461
18130746	30241004	1546
18130746	13683935	1554
18130746	18129771	1576
18130746	21049304	1619
18130746	33070192	1619
18130746	22337104	1646
18130746	35497190	1666
18130746	16347747	1701
18130746	14579063	1703
18130746	7810038	1765
18130746	15357084	1777
18130746	18129756	1787
18130746	14581567	1896
18130746	15196980	2087
18130746	17950573	2113
18130746	13499757	2179
18130746	2074496	2643
18130746	19309303	2710
18130746	18678271	2726
18130746	7787802	3163
18130746	15357081	3198
18130746	14018640	3526
18130746	24529322	3917
18130746	6590008	4110
18130746	7478255	4489
18130746	18022059	4593
18130746	19514897	506
18130746	16250137	429
18130746	18752426	165
18130746	18464147	199
18130746	19514975	355
18130746	16253108	248
18130746	18130744	19
18130746	19227136	549
18130746	19214639	561
18130746	19531582	522
18130746	20805410	754
18130746	19524327	782
18130746	19524316	801
18130746	16272469	212
18130746	1940049	700
18130746	7461174	716
18130746	9001725	554
18130746	9001623	917
18130746	13303993	565
18130746	8472009	886
18130746	8472010	986
18130746	18282308	1734
19531567	19531571	16
19531567	18185281	37
19531567	5907297	137
19531567	19514975	196
19531567	13955186	253
19531567	5983027	270
19531567	16253108	294
19531567	18464147	352
19531567	49650310	371
19531567	13710445	387
19531567	7459221	390
19531567	19514888	400
19531567	15175195	449
19531567	19514897	452
19531567	12998942	528
19531567	18130744	532
19531567	9001819	532
19531567	18021634	544
19531567	18130746	551
19531567	18130742	571
19531567	19524316	606
19531567	9001729	611
19531567	21056991	630
19531567	19588677	664
19531567	18752420	712
19531567	18754874	722
19531567	14579494	745
19531567	19531582	762
19531567	21057006	795
19531567	12916234	810
19531567	17915296	814
19531567	41522043	822
19531567	19227136	838
19531567	19214639	850
19531567	16250137	899
19531567	16210652	966
19531567	20805410	969
19531567	8515734	1049
19531567	14579476	1053
19531567	13227225	1058
19531567	7816860	1102
19531567	6834659	1104
19531567	21057002	1113
19531567	13683935	1287
19531567	22337356	1335
19531567	15178444	1342
19531567	21049304	1352
19531567	18678374	1362
19531567	22337104	1379
19531567	30241004	1447
19531567	33070192	1515
19531567	35497190	1567
19531567	14723315	1590
19531567	14579063	1604
19531567	15357084	1678
19531567	7810038	1885
19531567	17950573	2014
19531567	13499757	2080
19531567	14581567	2319
19531567	7787802	2896
19531567	2074496	3067
19531567	14018640	3259
19531567	24529322	3650
19531567	6590008	3843
19531567	7478255	4912
19531567	18022059	5016
19531567	18752426	363
19531567	18021636	231
19531567	19524327	789
19531567	15197179	420
19531567	16272469	235
19531567	17791429	965
19531567	15197181	909
19531567	9001727	306
19531567	1940049	707
19531567	7461174	723
19531567	9001725	561
19531567	9001623	816
19531567	21057029	422
19531567	21057015	403
19531567	13303993	572
19531567	8472009	893
19531567	15196980	1240
19531567	8472010	993
19531567	18282308	1741
19531571	18185281	21
19531571	5907297	120
19531571	19514975	179
19531571	13955186	236
19531571	5983027	253
19531571	16253108	277
19531571	19531567	333
19531571	18464147	335
19531571	49650310	354
19531571	13710445	370
19531571	7459221	373
19531571	19514888	383
19531571	15175195	432
19531571	19514897	435
19531571	12998942	511
19531571	18130744	515
19531571	9001819	515
19531571	18021634	527
19531571	18130746	534
19531571	18130742	554
19531571	19524316	589
19531571	9001729	594
19531571	21056991	613
19531571	19588677	647
19531571	18752420	695
19531571	18754874	705
19531571	14579494	728
19531571	19531582	745
19531571	21057006	778
19531571	12916234	793
19531571	17915296	797
19531571	41522043	805
19531571	19227136	821
19531571	19214639	833
19531571	16250137	882
19531571	16210652	949
19531571	20805410	952
19531571	8515734	1032
19531571	14579476	1036
19531571	13227225	1041
19531571	7816860	1085
19531571	6834659	1087
19531571	21057002	1096
19531571	13683935	1270
19531571	22337356	1318
19531571	15178444	1325
19531571	21049304	1335
19531571	18678374	1345
19531571	22337104	1362
19531571	30241004	1430
19531571	33070192	1498
19531571	35497190	1550
19531571	14723315	1573
19531571	14579063	1587
19531571	15357084	1661
19531571	7810038	1868
19531571	17950573	1997
19531571	13499757	2063
19531571	14581567	2302
19531571	7787802	2879
19531571	2074496	3050
19531571	14018640	3242
19531571	24529322	3633
19531571	6590008	3826
19531571	7478255	4895
19531571	18022059	4999
19531571	18752426	379
19531571	18021636	247
19531571	19524327	805
19531571	15197179	436
19531571	16272469	251
19531571	17791429	981
19531571	15197181	925
19531571	9001727	249
19531571	1940049	723
19531571	7461174	739
19531571	9001725	577
19531571	9001623	832
19531571	21057029	438
19531571	21057015	419
19531571	13303993	588
19531571	8472009	909
19531571	15196980	1256
19531571	8472010	1009
19531571	18282308	1757
18185281	5907297	99
18185281	19514975	158
18185281	13955186	215
18185281	5983027	232
18185281	19531571	255
18185281	16253108	256
18185281	19531567	312
18185281	18464147	314
18185281	49650310	333
18185281	13710445	349
18185281	7459221	352
18185281	19514888	362
18185281	15175195	411
18185281	19514897	414
18185281	12998942	490
18185281	18130744	494
18185281	9001819	494
18185281	18021634	506
18185281	18130746	513
18185281	18130742	533
18185281	19524316	568
18185281	9001729	573
18185281	21056991	592
18185281	19588677	626
18185281	18752420	674
18185281	18754874	684
18185281	14579494	707
18185281	19531582	724
18185281	21057006	757
18185281	12916234	772
18185281	17915296	776
18185281	41522043	784
18185281	19227136	800
18185281	19214639	812
18185281	16250137	861
18185281	16210652	928
18185281	20805410	931
18185281	8515734	1011
18185281	14579476	1015
18185281	13227225	1020
18185281	7816860	1064
18185281	6834659	1066
18185281	21057002	1075
18185281	13683935	1249
18185281	22337356	1297
18185281	15178444	1304
18185281	21049304	1314
18185281	18678374	1324
18185281	22337104	1341
18185281	30241004	1409
18185281	33070192	1477
18185281	35497190	1529
18185281	14723315	1552
18185281	14579063	1566
18185281	15357084	1640
18185281	7810038	1847
18185281	17950573	1976
18185281	13499757	2042
18185281	14581567	2281
18185281	7787802	2858
18185281	2074496	3029
18185281	14018640	3221
18185281	24529322	3612
18185281	6590008	3805
18185281	7478255	4874
18185281	18022059	4978
18185281	18752426	400
18185281	18021636	268
18185281	19524327	826
18185281	15197179	457
18185281	16272469	272
18185281	17791429	1002
18185281	15197181	946
18185281	9001727	270
18185281	1940049	744
18185281	7461174	760
18185281	9001725	598
18185281	9001623	853
18185281	21057029	459
18185281	21057015	440
18185281	13303993	609
18185281	8472009	930
18185281	15196980	1277
18185281	8472010	1030
18185281	18282308	1778
21049304	15197186	123
21049304	18295122	181
21049304	7365144	454
21049304	19227136	612
21049304	19214639	624
21049304	6902930	652
21049304	14579493	730
21049304	14579494	747
21049304	6902933	747
21049304	41522043	760
21049304	17791429	763
21049304	21056991	772
21049304	7461171	779
21049304	21057006	814
21049304	6677293	817
21049304	7751408	827
21049304	14579476	827
21049304	16250137	837
21049304	14607762	847
21049304	7816860	876
21049304	17915296	941
21049304	14579536	946
21049304	18752426	949
21049304	1940049	963
21049304	14579088	997
21049304	16347747	998
21049304	16253106	1005
21049304	13227225	1060
21049304	7770986	1074
21049304	18130744	1094
21049304	13303993	1097
21049304	18021634	1106
21049304	18130746	1113
21049304	18130742	1133
21049304	18678374	1136
21049304	49650310	1170
21049304	20805410	1171
21049304	30241004	1221
21049304	9001725	1248
21049304	19514888	1361
21049304	13955186	1370
21049304	21057029	1380
21049304	15197179	1382
21049304	15196980	1384
21049304	21057015	1399
21049304	17950573	1410
21049304	15175195	1410
21049304	15357084	1452
21049304	33070192	1453
21049304	13499757	1476
21049304	12998942	1489
21049304	16210652	1528
21049304	9001729	1572
21049304	13227229	1622
21049304	21057002	1675
21049304	18754874	1683
21049304	12916234	1771
21049304	9001819	1840
21049304	22337356	1897
21049304	15178444	1904
21049304	8472010	1930
21049304	13683935	1977
21049304	19588677	1994
21049304	19309303	2007
21049304	14723315	2152
21049304	8515734	2155
21049304	6834659	2210
21049304	33070146	2223
21049304	15394142	2227
21049304	35497190	2310
21049304	22337104	2340
21049304	14579063	2502
21049304	7810038	2775
21049304	14581567	2881
21049304	7787802	3857
21049304	2074496	3957
21049304	14018640	4220
21049304	7478255	4226
21049304	24529322	4611
21049304	18022059	4618
21049304	6590008	4804
21049304	19514897	1107
21049304	18464147	1162
21049304	19514975	1156
21049304	16253108	1220
21049304	18021636	1233
21049304	19531567	1352
21049304	19531571	1335
21049304	18185281	1314
21049304	19531582	920
21049304	18752420	1425
21049304	19524327	947
21049304	19524316	966
21049304	16272469	1029
21049304	15197181	794
21049304	9001727	1308
21049304	17915327	1081
21049304	17915328	1072
21049304	7751409	48
21049304	17916549	1043
21049304	7461174	671
21049304	13710445	1386
21049304	7459221	1620
21049304	9001623	1315
21049304	35495295	1482
21049304	35495294	1352
21049304	18678271	1885
21049304	15357081	1990
21049304	15357077	1966
21049304	35450538	2127
21049304	18129756	980
21049304	18129738	1432
21049304	18129771	911
21049304	8472009	841
21049304	15789905	2379
21049304	9010922	1673
21049304	20049317	2351
21049304	9001963	2610
21049304	18282308	1157
21049304	8567404	2310
19531582	15175195	69
19531582	19524316	226
19531582	9001729	231
19531582	9001725	285
19531582	16272469	308
19531582	9001727	312
19531582	18464147	323
19531582	19514975	329
19531582	18754874	342
19531582	19514888	369
19531582	13303993	400
19531582	16253106	414
19531582	19531567	421
19531582	19514897	421
19531582	12916234	430
19531582	19531571	437
19531582	18185281	458
19531582	13955186	480
19531582	7770986	483
19531582	18130744	503
19531582	18021634	515
19531582	18130746	522
19531582	17915296	530
19531582	20805410	537
19531582	18130742	542
19531582	12998942	548
19531582	8472009	565
19531582	49650310	598
19531582	21056991	599
19531582	7459221	617
19531582	19588677	653
19531582	21057006	656
19531582	8515734	669
19531582	41522043	710
19531582	14579494	714
19531582	9001819	718
19531582	6834659	724
19531582	13710445	755
19531582	18295122	799
19531582	16250137	807
19531582	19227136	807
19531582	19214639	819
19531582	6902930	847
19531582	13683935	855
19531582	21049304	920
19531582	16210652	937
19531582	6902933	942
19531582	22337104	999
19531582	14579476	1022
19531582	13227225	1027
19531582	13227229	1031
19531582	7816860	1071
19531582	21057002	1084
19531582	22337356	1306
19531582	15178444	1313
19531582	18678374	1331
19531582	30241004	1416
19531582	33070192	1484
19531582	35497190	1536
19531582	14723315	1561
19531582	14579063	1573
19531582	15357084	1647
19531582	18752420	1881
19531582	17950573	1983
19531582	14581567	2290
19531582	13499757	2326
19531582	7787802	2516
19531582	7810038	2635
19531582	14018640	2879
19531582	24529322	3270
19531582	6590008	3463
19531582	2074496	3817
19531582	7478255	5158
19531582	18022059	5550
19531582	16253108	630
19531582	19524327	907
19531582	15197179	832
19531582	17791429	1377
19531582	15197181	1321
19531582	1940049	1119
19531582	7461174	1135
19531582	9001623	651
19531582	21057029	834
19531582	21057015	815
19531582	15789905	1098
19531582	9010922	836
19531582	20049317	1070
19531582	15196980	1216
19531582	9001963	1279
19531582	19579973	1011
19531582	8472010	969
19531582	18282308	1717
19531582	8567404	1154
14579536	14579088	206
14579536	13227225	269
14579536	14579476	295
14579536	6902933	415
14579536	6902930	438
14579536	19214639	466
14579536	7751408	472
14579536	19227136	478
14579536	14607762	515
14579536	7816860	544
14579536	18678374	604
14579536	14579493	644
14579536	14579494	661
14579536	41522043	674
14579536	17791429	677
14579536	7365144	686
14579536	30241004	689
14579536	18021636	724
14579536	21057006	728
14579536	6677293	731
14579536	18130742	737
14579536	33070192	749
14579536	18021634	750
14579536	16250137	751
14579536	16210652	753
14579536	49650310	814
14579536	13227229	824
14579536	17915296	855
14579536	1940049	877
14579536	16253106	877
14579536	15357084	920
14579536	7770986	946
14579536	18129771	971
14579536	35497190	977
14579536	19514888	1005
14579536	13955186	1014
14579536	21057029	1024
14579536	15197179	1026
14579536	18129738	1030
14579536	21057015	1043
14579536	15175195	1054
14579536	21056991	1067
14579536	14579063	1098
14579536	19309303	1125
14579536	12998942	1133
14579536	7459221	1151
14579536	14581567	1155
14579536	18129756	1199
14579536	9001729	1216
14579536	16347747	1261
14579536	7461171	1278
14579536	18754874	1327
14579536	22337356	1414
14579536	12916234	1415
14579536	18295122	1424
14579536	15178444	1433
14579536	15197186	1460
14579536	9001819	1484
14579536	21049304	1545
14579536	21057002	1547
14579536	19588677	1638
14579536	15196980	1647
14579536	8515734	1654
14579536	14723315	1690
14579536	6834659	1709
14579536	13499757	1739
14579536	13683935	1892
14579536	22337104	1984
14579536	7810038	2103
14579536	2074496	2981
14579536	7478255	3402
14579536	7787802	3501
14579536	18022059	3506
14579536	14018640	3864
14579536	24529322	4255
14579536	6590008	4448
14579536	18678271	926
14579536	15357081	1193
14579536	15357077	1169
14579536	35450538	892
17915296	1940049	22
17915296	6677293	124
17915296	21057006	127
17915296	13303993	157
17915296	41522043	181
17915296	15197181	181
17915296	20805410	231
17915296	17791429	237
17915296	16250137	278
17915296	12998942	305
17915296	14579493	331
17915296	14579494	348
17915296	21056991	373
17915296	19227136	377
17915296	7461171	380
17915296	19214639	389
17915296	15197179	403
17915296	19514897	409
17915296	6902930	417
17915296	7751408	428
17915296	18295122	493
17915296	16272469	510
17915296	6902933	512
17915296	9001725	514
17915296	15197186	529
17915296	14579476	592
17915296	7365144	597
17915296	14607762	612
17915296	21049304	614
17915296	18464147	631
17915296	19514975	637
17915296	7816860	641
17915296	13227225	661
17915296	18130744	703
17915296	18130746	722
17915296	19531567	729
17915296	19531571	745
17915296	18130598	749
17915296	18185281	766
17915296	49650310	771
17915296	13955186	788
17915296	16253108	829
17915296	13683935	832
17915296	19524316	846
17915296	19524327	865
17915296	18678374	901
17915296	7459221	925
17915296	18754874	962
17915296	18129771	1016
17915296	18021636	1108
17915296	16210652	1137
17915296	19531582	1141
17915296	16347747	1141
17915296	12916234	1189
17915296	18129756	1227
17915296	18752420	1247
17915296	9001819	1258
17915296	19588677	1412
17915296	14581567	1460
17915296	15178444	1513
17915296	15196980	1527
17915296	22337104	1758
17915296	14723315	1761
17915296	19309303	2150
17915296	7810038	2376
17915296	7787802	3275
17915296	2074496	3558
17915296	14018640	3638
17915296	7478255	3699
17915296	18022059	3803
17915296	24529322	4029
17915296	6590008	4222
17915296	18752426	827
17915296	14579536	855
17915296	16253106	661
17915296	9001727	770
17915296	17915327	740
17915296	17915328	731
17915296	7751409	989
17915296	17916549	702
17915296	9001729	852
17915296	7461174	281
17915296	13227229	1067
17915296	13710445	848
17915296	18021634	1155
17915296	35497190	1225
17915296	9001623	925
17915296	30241004	1619
17915296	35495295	1611
17915296	35495294	1481
17915296	13499757	826
17915296	33070146	1398
17915296	14579063	913
17915296	15394142	1402
17915296	15357084	2046
17915296	33070192	1191
17915296	18678271	1297
17915296	15357081	2119
17915296	15357077	2095
17915296	17950573	1380
17915296	35450538	1263
17915296	21057029	386
17915296	21057015	367
17915296	19514888	603
17915296	15175195	555
17915296	18129738	1399
17915296	8472009	451
17915296	15789905	1748
17915296	9010922	1283
17915296	20049317	1720
17915296	9001963	1979
17915296	6834659	1557
17915296	8515734	1570
17915296	8472010	551
17915296	18282308	1073
17915296	8567404	1679
13227225	18021636	645
13227225	18130742	658
13227225	18021634	671
13227225	16210652	674
13227225	49650310	735
13227225	13227229	745
13227225	16253106	798
13227225	7770986	867
13227225	19531567	876
13227225	19531571	892
13227225	18185281	913
13227225	19514888	926
13227225	13955186	935
13227225	21057029	945
13227225	15197179	947
13227225	21057015	964
13227225	15175195	975
13227225	21056991	988
13227225	12998942	1054
13227225	7459221	1072
13227225	14579493	1086
13227225	9001729	1137
13227225	17791429	1183
13227225	7461171	1199
13227225	21057006	1234
13227225	6902930	1236
13227225	6677293	1237
13227225	7751408	1247
13227225	18754874	1248
13227225	6902933	1331
13227225	22337356	1335
13227225	12916234	1336
13227225	17915296	1340
13227225	15178444	1354
13227225	18752420	1385
13227225	9001819	1405
13227225	14579476	1411
13227225	7365144	1416
13227225	14607762	1431
13227225	21057002	1468
13227225	19588677	1559
13227225	8515734	1575
13227225	14723315	1611
13227225	6834659	1630
13227225	18678374	1720
13227225	30241004	1805
13227225	13683935	1813
13227225	18129771	1835
13227225	21049304	1878
13227225	33070192	1878
13227225	22337104	1905
13227225	35497190	1925
13227225	16347747	1960
13227225	14579063	1962
13227225	7810038	2024
13227225	15357084	2036
13227225	18129756	2046
13227225	14581567	2155
13227225	15196980	2346
13227225	17950573	2372
13227225	13499757	2438
13227225	2074496	2902
13227225	19309303	2969
13227225	18678271	2985
13227225	7787802	3422
13227225	15357081	3457
13227225	14018640	3785
13227225	24529322	4176
13227225	6590008	4369
13227225	7478255	4748
13227225	18022059	4852
13227225	19514897	1013
13227225	16250137	474
13227225	14579088	195
13227225	18464147	709
13227225	41522043	480
13227225	14579494	313
13227225	19514975	862
13227225	19227136	496
13227225	19214639	508
13227225	19531582	1027
13227225	14579536	269
13227225	7816860	1123
13227225	19524327	1218
13227225	16272469	722
13227225	17915327	859
13227225	17915328	850
13227225	7751409	1108
13227225	17916549	821
13227225	15197186	967
13227225	7461174	942
13227225	9001725	990
13227225	9001623	1422
13227225	35495295	1730
13227225	35495294	1600
13227225	33070146	1517
13227225	15394142	1521
13227225	15357077	1438
13227225	35450538	1161
13227225	13303993	791
13227225	18295122	931
13227225	18129738	1518
13227225	8472009	1112
13227225	8472010	1212
13227225	18282308	1960
13227225	8567404	2340
7816860	18129771	463
7816860	35497190	469
7816860	7365144	511
7816860	14579063	590
7816860	18129756	590
7816860	19227136	675
7816860	19214639	687
7816860	6902930	715
7816860	16347747	753
7816860	14579493	793
7816860	6902933	810
7816860	14579494	810
7816860	19309303	814
7816860	41522043	823
7816860	17791429	826
7816860	21056991	835
7816860	7461171	842
7816860	18129738	853
7816860	21057006	877
7816860	6677293	880
7816860	7751408	890
7816860	14579476	890
7816860	16250137	900
7816860	14607762	910
7816860	17950573	911
7816860	18295122	916
7816860	33070146	939
7816860	15394142	943
7816860	15197186	952
7816860	17915296	1004
7816860	1940049	1026
7816860	21049304	1037
7816860	16253106	1068
7816860	13227225	1123
7816860	18678374	1134
7816860	7770986	1137
7816860	15196980	1139
7816860	13303993	1160
7816860	18021634	1169
7816860	18130742	1196
7816860	13499757	1231
7816860	49650310	1233
7816860	19514888	1424
7816860	13955186	1433
7816860	21057029	1443
7816860	15197179	1445
7816860	21057015	1462
7816860	15175195	1473
7816860	14581567	1503
7816860	9001725	1523
7816860	12998942	1552
7816860	16210652	1591
7816860	9001729	1635
7816860	13227229	1685
7816860	8472010	1685
7816860	13683935	1732
7816860	21057002	1738
7816860	12916234	1834
7816860	9001819	1903
7816860	8515734	1910
7816860	22337356	1960
7816860	6834659	1965
7816860	15178444	1967
7816860	14723315	2215
7816860	9010922	2267
7816860	19524316	2308
7816860	18754874	2424
7816860	19579973	2481
7816860	19588677	2563
7816860	22337104	2594
7816860	7810038	2838
7816860	7478255	3477
7816860	18022059	3581
7816860	2074496	4020
7816860	7787802	4111
7816860	14018640	4474
7816860	24529322	4865
7816860	6590008	5058
7816860	19514897	1057
7816860	18464147	753
7816860	19514975	906
7816860	19531567	1102
7816860	19531571	1085
7816860	18185281	1064
7816860	19531582	1071
7816860	14579536	544
7816860	19524327	1262
7816860	16272469	766
7816860	17915327	675
7816860	17915328	666
7816860	7751409	924
7816860	17916549	637
7816860	7461174	986
7816860	9001623	1466
7816860	30241004	1554
7816860	35495295	1546
7816860	35495294	1416
7816860	15357084	1180
7816860	33070192	880
7816860	18678271	986
7816860	15357081	1253
7816860	15357077	1229
7816860	35450538	952
7816860	8472009	1156
7816860	18282308	2004
7816860	8567404	2384
18752420	13710445	39
18752420	19514975	269
18752420	13955186	326
18752420	19531571	366
18752420	16253108	367
18752420	7459221	370
18752420	18185281	387
18752420	19531567	423
18752420	19514888	473
18752420	9001819	515
18752420	15175195	522
18752420	12998942	601
18752420	18021634	617
18752420	18130742	644
18752420	19588677	698
18752420	21056991	703
18752420	18754874	795
18752420	18021636	822
18752420	21057006	868
18752420	12916234	883
18752420	17915296	887
18752420	19227136	911
18752420	19214639	923
18752420	8515734	1122
18752420	14579476	1126
18752420	6834659	1177
18752420	21057002	1186
18752420	13683935	1360
18752420	22337356	1408
18752420	15178444	1415
18752420	21049304	1425
18752420	18678374	1435
18752420	22337104	1452
18752420	30241004	1520
18752420	7810038	1545
18752420	33070192	1588
18752420	35497190	1640
18752420	14579063	1677
18752420	15357084	1751
18752420	17950573	2087
18752420	13499757	2153
18752420	2074496	2727
18752420	7787802	2969
18752420	14018640	2976
18752420	14581567	3207
18752420	24529322	3723
18752420	6590008	3916
18752420	7478255	5800
18752420	18022059	5904
18752420	18752426	872
18752420	18464147	906
18752420	18130744	1146
18752420	18130746	1126
18752420	19531582	1881
18752420	13227225	1385
18752420	9001727	668
18752420	5983027	643
18752420	5907297	584
18752420	9001729	750
18752420	16210652	629
18752420	9001623	1700
18752420	33070460	746
18752420	15789905	1471
18752420	9010922	1209
18752420	20049317	1443
18752420	9001963	1239
18752420	19579973	995
18752420	20049451	926
18752420	20049341	898
18752420	8472010	1999
18752420	18282308	2539
18752420	8567404	1527
18752420	8442511	4027
20805410	1940049	80
20805410	17915296	102
20805410	13303993	189
20805410	6677293	225
20805410	21057006	228
20805410	15197181	282
20805410	41522043	282
20805410	12998942	337
20805410	17791429	338
20805410	16250137	379
20805410	14579493	432
20805410	15197179	435
20805410	19514897	441
20805410	19227136	478
20805410	7461171	481
20805410	19214639	490
20805410	6902930	518
20805410	18295122	525
20805410	7751408	529
20805410	16272469	542
20805410	9001725	546
20805410	15197186	561
20805410	6902933	613
20805410	21049304	646
20805410	18464147	663
20805410	19514975	669
20805410	14579476	693
20805410	7365144	698
20805410	14607762	713
20805410	18130744	735
20805410	18021634	747
20805410	18130746	754
20805410	19531567	761
20805410	19531571	777
20805410	18130598	781
20805410	18185281	798
20805410	13955186	820
20805410	13683935	864
20805410	19524316	878
20805410	7459221	957
20805410	18754874	994
20805410	18678374	1002
20805410	18129771	1117
20805410	18021636	1140
20805410	16210652	1169
20805410	19531582	1173
20805410	12916234	1221
20805410	16347747	1242
20805410	9001819	1290
20805410	18129756	1328
20805410	19588677	1444
20805410	15178444	1545
20805410	14581567	1561
20805410	15196980	1628
20805410	22337104	1790
20805410	14723315	1793
20805410	19309303	2251
20805410	7810038	2416
20805410	7787802	3307
20805410	2074496	3598
20805410	14018640	3670
20805410	7478255	3800
20805410	18022059	3904
20805410	24529322	4061
20805410	6590008	4254
20805410	16253108	837
20805410	19524327	564
20805410	16253106	816
20805410	49650310	759
20805410	7461174	288
20805410	9001623	932
20805410	30241004	1692
20805410	35495295	1684
20805410	35495294	1554
20805410	13499757	833
20805410	33070146	1471
20805410	14579063	1040
20805410	15394142	1475
20805410	15357084	2119
20805410	18678271	2087
20805410	15357081	2192
20805410	15357077	2168
20805410	17950573	1321
20805410	21057029	541
20805410	21057015	522
20805410	19514888	728
20805410	15175195	562
20805410	8472009	458
20805410	15789905	1755
20805410	9010922	1290
20805410	20049317	1727
20805410	9001963	1986
20805410	6834659	1564
20805410	8515734	1577
20805410	8472010	558
20805410	18282308	1080
20805410	8567404	1686
19524327	18754874	97
19524327	9001725	229
19524327	8472009	470
19524327	13303993	475
19524327	17915296	557
19524327	19524316	561
19524327	20805410	564
19524327	12998942	575
19524327	15175195	626
19524327	19514888	631
19524327	19514897	679
19524327	21057006	683
19524327	18464147	691
19524327	19514975	697
19524327	15789905	701
19524327	12916234	721
19524327	41522043	737
19524327	9001729	756
19524327	13683935	760
19524327	18130744	763
19524327	18021634	775
19524327	18130746	782
19524327	19531567	789
19524327	18130742	802
19524327	19531571	805
19524327	18130598	809
19524327	18295122	826
19524327	18185281	826
19524327	16250137	834
19524327	9001727	837
19524327	13955186	848
19524327	14579494	905
19524327	19531582	907
19524327	8515734	938
19524327	19588677	944
19524327	21049304	947
19524327	7459221	985
19524327	6834659	993
19524327	19227136	998
19524327	9001819	1009
19524327	19214639	1010
19524327	18021636	1168
19524327	16210652	1197
19524327	14579476	1213
19524327	13227225	1218
19524327	7816860	1262
19524327	22337104	1290
19524327	21057002	1344
19524327	18678374	1522
19524327	22337356	1566
19524327	15178444	1573
19524327	30241004	1607
19524327	33070192	1675
19524327	35497190	1727
19524327	14579063	1764
19524327	14723315	1821
19524327	15357084	1838
19524327	13499757	1959
19524327	17950573	2452
19524327	14581567	2550
19524327	7787802	2807
19524327	7810038	2926
19524327	14018640	3170
19524327	33070146	3265
19524327	15394142	3269
19524327	24529322	3561
19524327	6590008	3754
19524327	2074496	4108
19524327	7478255	4791
19524327	18022059	5183
19524316	19524327	19
19524316	18754874	117
19524316	9001725	248
19524316	8472009	489
19524316	13303993	494
19524316	17915296	576
19524316	12998942	594
19524316	15175195	645
19524316	19514888	650
19524316	21057006	702
19524316	15789905	720
19524316	12916234	740
19524316	9001729	775
19524316	13683935	779
19524316	18130744	782
19524316	18021634	794
19524316	18130746	801
19524316	19531567	808
19524316	18130742	821
19524316	19531571	824
19524316	18185281	845
19524316	18295122	845
19524316	9001727	856
19524316	13955186	867
19524316	8515734	957
19524316	19588677	963
19524316	21049304	966
19524316	7459221	1004
19524316	6834659	1012
19524316	19227136	1017
19524316	9001819	1028
19524316	19214639	1029
19524316	16210652	1216
19524316	14579476	1232
19524316	22337104	1309
19524316	21057002	1363
19524316	18678374	1541
19524316	22337356	1585
19524316	15178444	1592
19524316	30241004	1626
19524316	33070192	1694
19524316	35497190	1746
19524316	14579063	1783
19524316	14723315	1840
19524316	15357084	1857
19524316	13499757	1978
19524316	17950573	2471
19524316	14581567	2569
19524316	7787802	2826
19524316	7810038	2945
19524316	14018640	3189
19524316	33070146	3284
19524316	15394142	3288
19524316	24529322	3580
19524316	6590008	3773
19524316	2074496	4127
19524316	7478255	4810
19524316	18022059	5202
19524316	19514897	769
19524316	18464147	504
19524316	19514975	410
19524316	16253108	474
19524316	19531582	226
19524316	7816860	2308
19524316	20805410	878
19524316	15197179	900
19524316	16272469	491
19524316	49650310	396
19524316	17791429	1082
19524316	6677293	969
19524316	15197181	1026
19524316	1940049	824
19524316	7461174	649
19524316	9001623	305
19524316	35495295	2535
19524316	35495294	2405
19524316	18678271	2938
19524316	15357081	3043
19524316	15357077	3019
19524316	21057029	902
19524316	21057015	883
19524316	18129756	2033
19524316	18129738	2824
19524316	18129771	1964
19524316	9010922	663
19524316	20049317	897
19524316	19309303	2331
19524316	15196980	870
19524316	9001963	1106
19524316	19579973	838
19524316	20049451	1013
19524316	20049341	985
19524316	8472010	623
19524316	18282308	1371
19524316	16347747	1920
19524316	8567404	981
