NEW
19514897
45
16272469
294
18464147
415
19514975
421
15197179
479
18130744
487
18021634
499
18130746
506
19531567
513
19531571
529
18130598
533
18185281
550
13955186
572
14579494
700
7459221
709
20805410
724
6677293
747
21057006
750
19524316
769
17915296
769
41522043
777
19227136
793
19214639
805
6902930
833
16250137
854
18754874
885
18021636
892
16210652
921
19531582
925
6902933
928
12916234
973
14579476
1008
13227225
1013
7816860
1057
21049304
1107
19588677
1196
15178444
1297
30241004
1402
33070192
1470
35497190
1522
22337104
1542
14723315
1545
14579063
1559
15357084
1633
17950573
1969
13499757
2035
NEW
16250137
49
14579493
144
14579494
161
41522043
238
17791429
241
19227136
254
7461171
257
18752426
265
19214639
266
21057006
292
6902930
294
6677293
295
7751408
305
16253106
321
14579536
360
6902933
389
7770986
390
18130744
410
14579088
411
17915296
419
18021634
422
18130746
429
1940049
441
14579476
469
13227225
474
7365144
474
49650310
486
14607762
489
7816860
518
20805410
649
13955186
686
15197179
698
16210652
844
30241004
863
9001729
888
33070192
931
13227229
938
15197186
947
35497190
983
18754874
999
14579063
1020
21049304
1032
12916234
1087
15357084
1094
15178444
1220
19588677
1310
17950573
1430
14723315
1468
13499757
1496
22337104
1656
NEW
18130267
33
16253106
92
7770986
161
18021634
193
49650310
257
13955186
457
15197179
469
14579493
608
16210652
615
9001729
659
17791429
705
13227229
709
7461171
721
21057006
756
6902930
758
6677293
759
7751408
769
18754874
770
6902933
853
12916234
858
14579476
933
7365144
938
14607762
953
15178444
991
19588677
1081
14723315
1239
30241004
1327
33070192
1395
22337104
1427
35497190
1447
14579063
1484
15357084
1558
17950573
1894
13499757
1960
NEW
18752428
34
18130267
1
16253106
93
7770986
162
18021634
194
49650310
258
13955186
458
15197179
470
14579493
609
16210652
616
9001729
660
17791429
706
13227229
710
7461171
722
21057006
757
6902930
759
6677293
760
7751408
770
18754874
771
6902933
854
12916234
859
14579476
934
7365144
939
14607762
954
15178444
992
19588677
1082
14723315
1240
30241004
1328
33070192
1396
22337104
1428
35497190
1448
14579063
1485
15357084
1559
17950573
1895
13499757
1961
NEW
18752426
43
16253106
57
7770986
126
18130744
146
18021634
158
18130746
165
18130598
192
49650310
222
19531567
363
19531571
379
18185281
400
13955186
422
15197179
434
18021636
551
14579493
573
16210652
580
9001729
624
17791429
670
13227229
674
7461171
686
21057006
721
6902930
723
6677293
724
7751408
734
18754874
735
6902933
818
12916234
823
17915296
827
18752420
872
14579476
898
7365144
903
14607762
918
15178444
956
19588677
1046
14723315
1204
30241004
1292
33070192
1360
21049304
1365
22337104
1392
35497190
1412
14579063
1449
15357084
1523
17950573
1859
13499757
1925
NEW
18130598
22
18021634
220
13955186
484
15197179
496
16210652
642
21057006
783
6902930
785
6677293
786
18754874
797
6902933
880
12916234
885
14579476
960
15178444
1018
19588677
1108
14723315
1266
30241004
1354
33070192
1422
22337104
1454
35497190
1474
14579063
1511
15357084
1585
17950573
1921
13499757
1987
NEW
14579088
38
13227225
195
18021636
650
18021634
676
16210652
679
49650310
740
13227229
750
16253106
803
7770986
872
13955186
940
15197179
952
7459221
1077
14579493
1091
9001729
1142
17791429
1188
7461171
1204
21057006
1239
6902930
1241
6677293
1242
7751408
1252
18754874
1253
6902933
1336
12916234
1341
15178444
1359
14579476
1416
7365144
1421
14607762
1436
19588677
1564
14723315
1616
30241004
1810
33070192
1883
22337104
1910
35497190
1930
14579063
1967
15357084
2041
17950573
2377
13499757
2443
18678271
2990
15357081
3462
NEW
18464147
59
16253106
91
16272469
137
19514975
156
7770986
160
18130744
180
18021634
192
18130746
199
18130598
226
15197179
240
19531567
248
19514897
250
49650310
256
19531571
264
18185281
285
13955186
307
14579493
379
14579494
396
7459221
444
41522043
473
17791429
476
19227136
489
7461171
492
19214639
501
19524316
504
9001729
509
21057006
527
6902930
529
6677293
530
7751408
540
16250137
550
18021636
585
16210652
614
18754874
620
6902933
624
17915296
654
19531582
660
1940049
676
14579476
704
13227229
708
12916234
708
13227225
709
7365144
709
14607762
724
7816860
753
20805410
779
18752420
906
19588677
931
15178444
990
15197186
1077
30241004
1098
21049304
1162
33070192
1166
35497190
1218
14723315
1238
14579063
1255
22337104
1277
15357084
1329
17950573
1665
13499757
1731
NEW
41522043
46
21057006
54
6677293
57
16250137
97
17791429
99
14579493
150
14579494
167
17915296
181
19227136
196
7461171
199
1940049
203
19214639
208
6902930
236
7751408
247
6902933
331
20805410
411
14579476
411
7365144
416
16253106
425
14607762
431
7816860
460
13227225
480
7770986
494
18021634
526
15197179
583
19514897
589
49650310
590
9001725
694
15197186
709
13955186
790
21049304
794
30241004
805
33070192
873
35497190
925
16210652
948
14579063
962
9001729
992
15357084
1036
13227229
1042
18754874
1103
12916234
1191
15178444
1324
17950573
1372
19588677
1414
13499757
1438
14723315
1572
22337104
1760
NEW
14579494
46
14579536
199
14579088
250
13227225
313
14579476
350
6902933
470
6902930
493
19214639
521
7751408
527
19227136
533
14607762
570
7816860
599
14579493
699
41522043
729
17791429
732
7365144
741
30241004
744
7461171
748
18021636
768
21057006
783
6677293
786
18021634
794
16210652
797
33070192
804
16250137
806
49650310
858
13227229
868
17915296
910
16253106
921
1940049
932
15357084
975
7770986
990
35497190
1032
13955186
1058
15197179
1070
14579063
1153
7459221
1195
9001729
1260
18754874
1371
12916234
1459
15178444
1477
15197186
1515
21049304
1600
19588677
1682
14723315
1734
13499757
1794
22337104
2028
NEW
19514975
44
19531571
105
18185281
126
13955186
151
19531567
154
18464147
156
5983027
168
16253108
192
5907297
226
19514897
256
49650310
269
7459221
288
18130744
336
18021634
348
18130746
355
19524316
410
9001729
415
18754874
526
14579494
549
19531582
566
21057006
599
18752420
610
12916234
614
17915296
618
41522043
626
19227136
642
19214639
654
16250137
703
16210652
770
20805410
773
19588677
837
14579476
857
13227225
862
7816860
906
15178444
1146
21049304
1156
22337104
1183
30241004
1251
33070192
1319
35497190
1371
14723315
1394
14579063
1408
15357084
1482
17950573
1818
13499757
1884
NEW
16253108
49
18464147
67
49650310
77
19514975
126
16253106
140
7770986
209
19531567
218
18130744
229
19531571
234
18021634
241
18130746
248
18185281
255
13955186
277
15197179
289
19514897
320
7459221
414
14579493
428
19524316
474
9001729
479
17791429
525
19227136
538
7461171
541
19214639
550
21057006
576
6902930
578
6677293
579
7751408
589
18754874
590
19531582
630
16210652
663
6902933
673
12916234
678
17915296
682
14579476
753
13227229
757
7365144
758
14607762
773
20805410
837
19588677
901
15178444
1039
30241004
1147
33070192
1215
21049304
1220
22337104
1247
35497190
1267
14723315
1287
14579063
1304
15357084
1378
17950573
1714
13499757
1780
NEW
18021636
40
18021634
26
49650310
90
16253106
153
7770986
222
19531567
231
19531571
247
18185281
268
13955186
290
15197179
302
7459221
427
14579493
441
9001729
492
17791429
538
7461171
554
21057006
589
6902930
591
6677293
592
7751408
602
18754874
603
16210652
676
6902933
686
12916234
691
17915296
695
18752420
740
14579476
766
13227229
770
7365144
771
14607762
786
19588677
914
15178444
1052
30241004
1160
33070192
1228
21049304
1233
22337104
1260
35497190
1280
14723315
1300
14579063
1317
15357084
1391
17950573
1727
13499757
1793
NEW
18130744
44
18130746
19
18021636
406
18021634
432
16210652
435
49650310
496
13227229
506
16253106
559
7770986
628
19531567
637
19531571
653
18185281
674
13955186
696
15197179
708
7459221
833
14579493
847
9001729
898
17791429
944
7461171
960
21057006
995
6902930
997
6677293
998
7751408
1008
18754874
1009
6902933
1092
12916234
1097
17915296
1101
15178444
1115
18752420
1146
14579476
1172
7365144
1177
14607762
1192
19588677
1320
14723315
1372
30241004
1566
33070192
1639
21049304
1639
22337104
1666
35497190
1686
14579063
1723
15357084
1797
17950573
2133
13499757
2199
18678271
2746
15357081
3218
NEW
19227136
49
19214639
11
6902930
40
6902933
135
14579493
166
14579494
183
7751408
192
41522043
196
17791429
199
7461171
215
14579476
215
14607762
235
21057006
250
6677293
253
7816860
264
7365144
268
16250137
273
17915296
377
14579536
382
18752426
385
1940049
399
14579088
433
16253106
441
13227225
496
7770986
510
18130744
530
18021634
542
18130746
549
49650310
606
20805410
607
30241004
609
35497190
729
14579063
766
13955186
806
15197179
818
33070192
818
15357084
840
15197186
905
16210652
964
21049304
990
9001729
1008
13227229
1058
18754874
1119
12916234
1207
17950573
1224
13499757
1290
15178444
1340
19588677
1430
14723315
1588
22337104
1776
NEW
19214639
49
19227136
11
6902930
29
6902933
123
14579493
178
7751408
180
14579494
195
14579476
203
41522043
208
17791429
211
14607762
223
7461171
227
7816860
252
21057006
262
6677293
265
7365144
280
16250137
285
14579536
289
17915296
389
18752426
397
1940049
411
14579088
445
16253106
453
13227225
508
7770986
522
18130744
542
18021634
554
18130746
561
30241004
597
49650310
618
20805410
619
35497190
717
14579063
754
33070192
806
13955186
818
15357084
828
15197179
830
15197186
917
16210652
976
21049304
1002
9001729
1020
13227229
1070
18754874
1131
12916234
1219
17950573
1236
13499757
1302
15178444
1352
19588677
1442
14723315
1600
22337104
1788
NEW
18130746
43
18021636
386
18021634
412
16210652
415
49650310
476
13227229
486
16253106
539
7770986
608
19531567
617
19531571
633
18185281
654
13955186
676
15197179
688
7459221
813
14579493
827
9001729
878
17791429
924
7461171
940
21057006
975
6902930
977
6677293
978
7751408
988
18754874
989
6902933
1072
12916234
1077
17915296
1081
15178444
1095
18752420
1126
14579476
1152
7365144
1157
14607762
1172
19588677
1300
14723315
1352
30241004
1546
33070192
1619
21049304
1619
22337104
1646
35497190
1666
14579063
1703
15357084
1777
17950573
2113
13499757
2179
18678271
2726
15357081
3198
NEW
19531567
45
19531571
16
18185281
37
5907297
137
19514975
196
13955186
253
5983027
270
16253108
294
18464147
352
49650310
371
13710445
387
7459221
390
19514897
452
18130744
532
18021634
544
18130746
551
19524316
606
9001729
611
19588677
664
18752420
712
18754874
722
14579494
745
19531582
762
21057006
795
12916234
810
17915296
814
41522043
822
19227136
838
19214639
850
16250137
899
16210652
966
20805410
969
14579476
1053
13227225
1058
7816860
1102
15178444
1342
21049304
1352
22337104
1379
30241004
1447
33070192
1515
35497190
1567
14723315
1590
14579063
1604
15357084
1678
17950573
2014
13499757
2080
NEW
19531571
45
18185281
21
5907297
120
19514975
179
13955186
236
5983027
253
16253108
277
19531567
333
18464147
335
49650310
354
13710445
370
7459221
373
19514897
435
18130744
515
18021634
527
18130746
534
19524316
589
9001729
594
19588677
647
18752420
695
18754874
705
14579494
728
19531582
745
21057006
778
12916234
793
17915296
797
41522043
805
19227136
821
19214639
833
16250137
882
16210652
949
20805410
952
14579476
1036
13227225
1041
7816860
1085
15178444
1325
21049304
1335
22337104
1362
30241004
1430
33070192
1498
35497190
1550
14723315
1573
14579063
1587
15357084
1661
17950573
1997
13499757
2063
NEW
18185281
45
5907297
99
19514975
158
13955186
215
5983027
232
19531571
255
16253108
256
19531567
312
18464147
314
49650310
333
13710445
349
7459221
352
19514897
414
18130744
494
18021634
506
18130746
513
19524316
568
9001729
573
19588677
626
18752420
674
18754874
684
14579494
707
19531582
724
21057006
757
12916234
772
17915296
776
41522043
784
19227136
800
19214639
812
16250137
861
16210652
928
20805410
931
14579476
1015
13227225
1020
7816860
1064
15178444
1304
21049304
1314
22337104
1341
30241004
1409
33070192
1477
35497190
1529
14723315
1552
14579063
1566
15357084
1640
17950573
1976
13499757
2042
NEW
21049304
52
15197186
123
7365144
454
19227136
612
19214639
624
6902930
652
14579493
730
14579494
747
6902933
747
41522043
760
17791429
763
7461171
779
21057006
814
6677293
817
7751408
827
14579476
827
16250137
837
14607762
847
7816860
876
17915296
941
14579536
946
18752426
949
1940049
963
14579088
997
16253106
1005
13227225
1060
7770986
1074
18130744
1094
18021634
1106
18130746
1113
49650310
1170
20805410
1171
30241004
1221
9001725
1248
13955186
1370
15197179
1382
17950573
1410
15357084
1452
33070192
1453
13499757
1476
16210652
1528
9001729
1572
13227229
1622
18754874
1683
12916234
1771
15178444
1904
19588677
1994
14723315
2152
33070146
2223
15394142
2227
35497190
2310
22337104
2340
14579063
2502
NEW
19531582
50
19524316
226
9001729
231
9001725
285
16272469
308
9001727
312
18464147
323
19514975
329
18754874
342
16253106
414
19531567
421
19514897
421
12916234
430
19531571
437
18185281
458
13955186
480
7770986
483
18130744
503
18021634
515
18130746
522
17915296
530
20805410
537
49650310
598
7459221
617
19588677
653
21057006
656
41522043
710
14579494
714
13710445
755
16250137
807
19227136
807
19214639
819
6902930
847
21049304
920
16210652
937
6902933
942
22337104
999
14579476
1022
13227225
1027
13227229
1031
7816860
1071
15178444
1313
30241004
1416
33070192
1484
35497190
1536
14723315
1561
14579063
1573
15357084
1647
18752420
1881
17950573
1983
13499757
2326
NEW
14579536
46
14579088
206
13227225
269
14579476
295
6902933
415
6902930
438
19214639
466
7751408
472
19227136
478
14607762
515
7816860
544
14579493
644
14579494
661
41522043
674
17791429
677
7365144
686
30241004
689
18021636
724
21057006
728
6677293
731
33070192
749
18021634
750
16250137
751
16210652
753
49650310
814
13227229
824
17915296
855
1940049
877
16253106
877
15357084
920
7770986
946
35497190
977
13955186
1014
15197179
1026
14579063
1098
7459221
1151
9001729
1216
7461171
1278
18754874
1327
12916234
1415
15178444
1433
15197186
1460
21049304
1545
19588677
1638
14723315
1690
13499757
1739
22337104
1984
NEW
17915296
51
1940049
22
6677293
124
21057006
127
41522043
181
15197181
181
20805410
231
17791429
237
16250137
278
14579493
331
14579494
348
19227136
377
7461171
380
19214639
389
15197179
403
19514897
409
6902930
417
7751408
428
16272469
510
6902933
512
9001725
514
15197186
529
14579476
592
7365144
597
14607762
612
21049304
614
18464147
631
19514975
637
7816860
641
13227225
661
18130744
703
18130746
722
19531567
729
19531571
745
18130598
749
18185281
766
49650310
771
13955186
788
16253108
829
19524316
846
19524327
865
7459221
925
18754874
962
18021636
1108
16210652
1137
19531582
1141
12916234
1189
18752420
1247
19588677
1412
15178444
1513
22337104
1758
14723315
1761
NEW
13227225
43
18021636
645
18021634
671
16210652
674
49650310
735
13227229
745
16253106
798
7770986
867
19531567
876
19531571
892
18185281
913
13955186
935
15197179
947
7459221
1072
14579493
1086
9001729
1137
17791429
1183
7461171
1199
21057006
1234
6902930
1236
6677293
1237
7751408
1247
18754874
1248
6902933
1331
12916234
1336
17915296
1340
15178444
1354
18752420
1385
14579476
1411
7365144
1416
14607762
1431
19588677
1559
14723315
1611
30241004
1805
33070192
1878
21049304
1878
22337104
1905
35497190
1925
14579063
1962
15357084
2036
17950573
2372
13499757
2438
18678271
2985
15357081
3457
NEW
7816860
44
35497190
469
7365144
511
14579063
590
19227136
675
19214639
687
6902930
715
14579493
793
6902933
810
14579494
810
41522043
823
17791429
826
7461171
842
21057006
877
6677293
880
7751408
890
14579476
890
16250137
900
14607762
910
17950573
911
33070146
939
15394142
943
15197186
952
17915296
1004
1940049
1026
21049304
1037
16253106
1068
13227225
1123
7770986
1137
18021634
1169
13499757
1231
49650310
1233
13955186
1433
15197179
1445
9001725
1523
16210652
1591
9001729
1635
13227229
1685
12916234
1834
15178444
1967
14723315
2215
19524316
2308
18754874
2424
19588677
2563
22337104
2594
NEW
18752420
28
13710445
39
19514975
269
13955186
326
19531571
366
16253108
367
7459221
370
18185281
387
19531567
423
18021634
617
19588677
698
18754874
795
18021636
822
21057006
868
12916234
883
17915296
887
19227136
911
19214639
923
14579476
1126
15178444
1415
21049304
1425
22337104
1452
30241004
1520
33070192
1588
35497190
1640
14579063
1677
15357084
1751
17950573
2087
13499757
2153
NEW
20805410
45
1940049
80
17915296
102
6677293
225
21057006
228
41522043
282
15197181
282
17791429
338
16250137
379
14579493
432
15197179
435
19514897
441
19227136
478
7461171
481
19214639
490
6902930
518
7751408
529
16272469
542
9001725
546
15197186
561
6902933
613
21049304
646
18464147
663
19514975
669
14579476
693
7365144
698
14607762
713
18130744
735
18021634
747
18130746
754
19531567
761
19531571
777
18130598
781
18185281
798
13955186
820
19524316
878
7459221
957
18754874
994
18021636
1140
16210652
1169
19531582
1173
12916234
1221
19588677
1444
15178444
1545
22337104
1790
14723315
1793
NEW
19524327
46
18754874
97
9001725
229
17915296
557
19524316
561
20805410
564
19514897
679
21057006
683
18464147
691
19514975
697
12916234
721
41522043
737
9001729
756
18130744
763
18021634
775
18130746
782
19531567
789
19531571
805
18130598
809
18185281
826
16250137
834
9001727
837
13955186
848
14579494
905
19531582
907
19588677
944
21049304
947
7459221
985
19227136
998
19214639
1010
18021636
1168
16210652
1197
14579476
1213
13227225
1218
7816860
1262
22337104
1290
15178444
1573
30241004
1607
33070192
1675
35497190
1727
14579063
1764
14723315
1821
15357084
1838
13499757
1959
17950573
2452
33070146
3265
15394142
3269
NEW
19524316
34
19524327
19
18754874
117
9001725
248
17915296
576
21057006
702
12916234
740
9001729
775
18130744
782
18021634
794
18130746
801
19531567
808
19531571
824
18185281
845
9001727
856
13955186
867
19588677
963
21049304
966
7459221
1004
19227136
1017
19214639
1029
16210652
1216
14579476
1232
22337104
1309
15178444
1592
30241004
1626
33070192
1694
35497190
1746
14579063
1783
14723315
1840
15357084
1857
13499757
1978
17950573
2471
33070146
3284
15394142
3288
NEW
15197179
62
19514897
100
16272469
201
14579493
215
14579494
232
16253106
305
41522043
309
17791429
312
18464147
322
19227136
325
19514975
328
7461171
328
19214639
337
21057006
363
6902930
365
6677293
366
7770986
374
7751408
376
17915296
384
15197181
384
16250137
386
18130744
394
1940049
406
18021634
406
18130746
413
19531567
420
19531571
436
18130598
440
18185281
457
6902933
460
49650310
470
13955186
479
20805410
539
14579476
540
7365144
545
13227225
545
9001725
556
14607762
560
7816860
589
7461174
603
7459221
616
9001729
681
18021636
799
16210652
828
19531582
832
15197186
837
7751409
874
12916234
880
19524316
900
13227229
922
21049304
922
30241004
934
33070192
1002
18754874
1016
35497190
1054
14579063
1091
19588677
1103
15357084
1165
15178444
1204
22337104
1449
14723315
1452
17950573
1501
13499757
1567
NEW
16272469
58
16253106
104
19514897
129
18464147
137
19514975
143
7770986
173
18130744
193
15197179
201
18021634
205
18130746
212
19531567
235
18130598
239
19531571
251
49650310
269
18185281
272
13955186
294
14579493
392
14579494
409
7459221
431
6677293
469
21057006
472
41522043
486
17791429
489
19524316
491
17915296
491
9001729
496
19227136
502
7461171
505
1940049
513
19214639
514
6902930
542
7751408
553
16250137
563
18021636
598
18754874
607
16210652
627
6902933
637
20805410
646
19531582
647
12916234
695
14579476
717
13227229
721
13227225
722
7365144
722
14607762
737
7816860
766
19588677
918
15197186
944
15178444
1003
21049304
1029
30241004
1111
33070192
1179
35497190
1231
14723315
1251
22337104
1264
14579063
1268
15357084
1342
17950573
1678
13499757
1744
NEW
16211076
34
18130598
8
16253106
127
7770986
196
18021634
228
49650310
292
13955186
492
15197179
504
14579493
643
16210652
650
9001729
694
17791429
740
13227229
744
7461171
756
21057006
791
6902930
793
6677293
794
7751408
804
18754874
805
6902933
888
12916234
893
14579476
968
7365144
973
14607762
988
15178444
1026
19588677
1116
14723315
1274
30241004
1362
33070192
1430
22337104
1462
35497190
1482
14579063
1519
15357084
1593
17950573
1929
13499757
1995
NEW
16253106
49
7770986
69
18130744
89
18130746
108
16211076
127
18130598
135
15197179
277
18021634
355
19514897
377
14579493
416
14579494
433
18021636
494
41522043
510
17791429
513
16210652
523
19227136
526
7461171
529
19214639
538
21057006
564
6902930
566
6677293
567
7751408
577
16250137
587
13227229
617
13955186
619
6902933
661
17915296
661
1940049
683
14579476
741
7365144
746
13227225
746
14607762
761
7816860
790
20805410
816
9001725
833
15178444
899
18754874
932
12916234
1020
15197186
1114
30241004
1135
14723315
1147
21049304
1199
33070192
1228
19588677
1243
35497190
1255
14579063
1292
15357084
1366
22337104
1589
17950573
1702
13499757
1768
NEW
14579493
39
14579494
17
13227225
330
14579476
367
6902933
487
6902930
510
19214639
538
7751408
544
19227136
550
14607762
587
17791429
749
7365144
758
30241004
761
7461171
765
21057006
800
6677293
803
18021634
811
16210652
814
33070192
821
49650310
875
13227229
885
16253106
938
1940049
949
15357084
992
7770986
1007
35497190
1049
13955186
1075
15197179
1087
14579063
1170
7459221
1212
9001729
1277
18754874
1388
12916234
1476
15178444
1494
15197186
1532
21049304
1617
19588677
1699
14723315
1751
13499757
1811
22337104
2045
NEW
49650310
53
19514975
48
16272469
129
19531567
140
18464147
142
19531571
156
18185281
177
13955186
199
5983027
216
16253106
233
19514897
242
5907297
274
7770986
302
15197179
314
18130744
322
18021634
334
7459221
336
18130746
341
19524316
396
9001729
401
9001725
455
9001727
482
18754874
512
14579494
535
19531582
552
6677293
582
21057006
585
12916234
600
17915296
604
41522043
612
1940049
626
19227136
628
19214639
640
6902930
668
16250137
689
16210652
756
20805410
759
6902933
763
19588677
823
14579476
843
13227225
848
13227229
850
7816860
892
15178444
1132
21049304
1142
22337104
1169
30241004
1237
33070192
1305
35497190
1357
14723315
1380
14579063
1394
15357084
1468
17950573
1804
13499757
1870
NEW
7770986
46
18130744
19
18130746
38
18021636
425
18021634
451
16210652
454
49650310
515
13227229
525
16253106
578
16272469
645
16211076
705
13955186
715
15197179
727
5983027
732
5907297
790
7459221
852
14579493
866
9001729
917
17791429
963
9001725
971
7461171
979
9001727
998
21057006
1014
6902930
1016
6677293
1017
7751408
1027
18754874
1028
15197181
1035
6902933
1111
12916234
1116
15178444
1134
1940049
1142
14579476
1191
7365144
1196
14607762
1211
19588677
1339
14723315
1391
30241004
1585
33070192
1658
22337104
1685
35497190
1705
14579063
1742
15357084
1816
17950573
2152
13499757
2218
18678271
2765
15357081
3237
NEW
17791429
48
15197181
72
21057006
110
6677293
113
41522043
154
17915296
237
16250137
251
1940049
259
14579493
304
19227136
350
7461171
353
19214639
362
6902930
390
7751408
401
20805410
467
6902933
485
14579476
565
16253106
579
14607762
585
15197179
639
19514897
645
7770986
648
18021634
680
49650310
744
16272469
746
9001725
750
15197186
765
21049304
850
19514975
873
30241004
959
19531567
965
19531571
981
18185281
1002
33070192
1027
19524316
1082
16210652
1102
14579063
1116
15357084
1190
13227229
1196
18754874
1198
17950573
1316
19531582
1377
13499757
1382
15178444
1478
19588677
1648
14723315
1726
33070146
2129
15394142
2133
35497190
2216
NEW
7461171
46
14579536
217
14579088
268
13227225
331
14579476
368
6902933
488
6902930
511
19214639
539
7751408
545
19227136
551
14607762
588
7816860
617
14579493
717
14579494
734
41522043
747
17791429
750
7365144
759
30241004
762
18021636
786
21057006
801
6677293
804
18021634
812
16210652
815
33070192
822
16250137
824
49650310
876
13227229
886
17915296
928
16253106
939
1940049
950
15357084
993
7770986
1008
35497190
1050
13955186
1076
15197179
1088
14579063
1171
7459221
1213
9001729
1278
18754874
1389
12916234
1477
15178444
1495
15197186
1533
21049304
1618
19588677
1700
14723315
1752
13499757
1812
22337104
2046
NEW
6677293
38
21057006
3
41522043
57
15197181
57
17791429
113
17915296
124
1940049
146
16250137
154
14579493
207
19227136
253
7461171
256
19214639
265
6902930
293
7751408
304
20805410
354
6902933
388
14579476
468
7365144
473
16253106
482
14607762
488
15197179
526
19514897
532
7770986
551
16211076
609
16272469
633
9001725
637
49650310
647
15197186
652
7461174
684
7751409
689
21049304
737
5983027
864
5907297
922
19524316
969
9001729
1049
18754874
1085
13227229
1099
9001727
1130
15178444
1381
NEW
15197181
46
21057006
54
6677293
57
17791429
72
41522043
98
17915296
181
16250137
195
1940049
203
14579493
248
19227136
294
7461171
297
19214639
306
6902930
334
7751408
345
20805410
411
6902933
429
14579476
509
7365144
514
16253106
523
14607762
529
15197179
583
19514897
589
7770986
592
18021634
624
49650310
688
16272469
690
9001725
694
15197186
709
21049304
794
19514975
817
30241004
903
19531567
909
19531571
925
18185281
946
33070192
971
35497190
1023
19524316
1026
16210652
1046
14579063
1060
15357084
1134
13227229
1140
18754874
1142
19531582
1321
15178444
1422
13499757
1536
19588677
1592
14723315
1670
NEW
6902930
52
19214639
29
19227136
40
6902933
95
7751408
152
14579476
175
14607762
195
14579493
206
14579494
223
7816860
224
41522043
236
17791429
239
7461171
255
14579536
261
21057006
290
6677293
293
7365144
308
15197181
311
16250137
313
17915296
417
1940049
439
16253106
481
13227225
536
7770986
550
30241004
569
18021634
582
16211076
608
49650310
646
35497190
689
14579063
726
16272469
776
33070192
778
15357084
800
13955186
846
15197179
858
5983027
863
5907297
921
15197186
945
7751409
982
16210652
1004
21049304
1030
9001729
1048
13227229
1098
9001725
1102
9001727
1129
18754874
1159
12916234
1247
17950573
1264
13499757
1330
15178444
1380
19588677
1470
14723315
1628
22337104
1816
NEW
9001727
33
5907297
93
19514975
152
13955186
209
5983027
226
19531571
249
16253108
250
18185281
270
19531567
306
49650310
327
7459221
346
18021634
500
9001729
567
18752420
668
18754874
678
21057006
751
12916234
766
17915296
770
19227136
794
19214639
806
16210652
922
19588677
989
14579476
1009
15178444
1298
21049304
1308
22337104
1335
30241004
1403
33070192
1471
35497190
1523
14723315
1546
14579063
1560
15357084
1634
17950573
1970
13499757
2036
NEW
7751408
43
14579536
109
14579476
172
6902933
292
6902930
315
19214639
343
19227136
355
13227225
378
14607762
392
7816860
421
14579493
521
14579494
538
41522043
551
17791429
554
7365144
563
30241004
566
7461171
570
21057006
605
6677293
608
33070192
626
16250137
628
17915296
732
1940049
754
15357084
797
35497190
854
18021634
859
16210652
862
49650310
923
13227229
933
14579063
975
16253106
986
7770986
1055
13955186
1123
15197179
1135
7459221
1260
9001729
1325
15197186
1337
21049304
1422
18754874
1436
12916234
1524
15178444
1542
13499757
1616
19588677
1747
22337104
2093
NEW
5983027
20
5907297
58
13710445
308
19588677
585
13955186
595
7459221
639
18752420
643
22337104
883
18021634
886
18754874
1064
21057006
1137
12916234
1152
14579476
1395
15178444
1684
30241004
1789
33070192
1857
35497190
1909
14579063
1946
15357084
2020
17950573
2356
13499757
2422
NEW
17915327
30
17915328
8
19227136
411
19214639
423
14579494
546
41522043
559
21057006
613
14579476
626
16250137
636
7816860
675
17915296
740
13227225
859
18021634
905
30241004
1020
21049304
1081
13955186
1169
17950573
1209
15357084
1251
33070192
1252
13499757
1275
16210652
1327
18754874
1482
12916234
1570
15178444
1703
19588677
1793
14723315
1951
33070146
2022
15394142
2026
35497190
2109
22337104
2139
14579063
2301
NEW
6902933
43
7751408
57
14579536
166
14579476
229
6902930
372
19214639
400
19227136
412
13227225
435
14607762
449
7816860
478
14579493
578
14579494
595
41522043
608
17791429
611
7365144
620
30241004
623
7461171
627
21057006
662
6677293
665
33070192
683
16250137
685
17915296
789
1940049
811
15357084
854
35497190
911
18021634
916
16210652
919
49650310
980
13227229
990
14579063
1032
16253106
1043
7770986
1112
13955186
1180
15197179
1192
7459221
1317
9001729
1382
15197186
1394
21049304
1479
18754874
1493
12916234
1581
15178444
1599
13499757
1673
19588677
1804
22337104
2150
NEW
17915328
29
19227136
402
19214639
414
14579494
537
41522043
550
21057006
604
14579476
617
16250137
627
7816860
666
17915296
731
13227225
850
18021634
896
30241004
1011
21049304
1072
13955186
1160
17950573
1200
15357084
1242
33070192
1243
13499757
1266
16210652
1318
18754874
1473
12916234
1561
15178444
1694
19588677
1784
14723315
1942
33070146
2013
15394142
2017
35497190
2100
22337104
2130
14579063
2292
NEW
7751409
47
21049304
48
15197186
171
7365144
502
19227136
660
19214639
672
6902930
700
14579493
778
6902933
795
14579494
795
41522043
808
17791429
811
7461171
827
21057006
862
6677293
865
7751408
875
14579476
875
16250137
885
14607762
895
7816860
924
17915296
989
1940049
1011
16253106
1053
13227225
1108
7770986
1122
18021634
1154
49650310
1218
30241004
1269
9001725
1296
13955186
1418
15197179
1430
17950573
1458
15357084
1500
33070192
1501
13499757
1524
16210652
1576
9001729
1620
13227229
1670
18754874
1731
12916234
1819
15178444
1952
19588677
2042
14723315
2200
33070146
2271
15394142
2275
35497190
2358
22337104
2388
14579063
2550
NEW
5907297
22
13710445
249
5983027
317
13955186
536
7459221
580
18752420
584
49650310
654
18021634
827
9001729
894
19588677
908
18754874
1005
21057006
1078
12916234
1093
14579476
1336
15178444
1625
22337104
1662
30241004
1730
33070192
1798
35497190
1850
14579063
1887
15357084
1961
17950573
2297
13499757
2363
NEW
17916549
46
7365144
215
19227136
373
19214639
385
6902930
413
14579493
491
14579494
508
6902933
508
41522043
521
17791429
524
7461171
540
21057006
575
6677293
578
7751408
588
14579476
588
16250137
598
14607762
608
7816860
637
17915296
702
1940049
724
16253106
766
13227225
821
7770986
835
18021634
867
49650310
931
15197186
958
30241004
982
21049304
1043
13955186
1131
15197179
1143
17950573
1171
15357084
1213
33070192
1214
13499757
1237
16210652
1289
9001729
1333
13227229
1383
18754874
1444
12916234
1532
15178444
1665
19588677
1755
14723315
1913
33070146
1984
15394142
1988
35497190
2071
22337104
2101
14579063
2263
NEW
15197186
47
7751409
38
21049304
86
7365144
361
19227136
519
19214639
531
6902930
559
14579493
637
6902933
654
14579494
654
41522043
667
17791429
670
7461171
686
21057006
721
6677293
724
7751408
734
14579476
734
16250137
744
14607762
754
7816860
783
17915296
848
1940049
870
16253106
912
13227225
967
7770986
981
18021634
1013
49650310
1077
30241004
1128
9001725
1155
13955186
1277
15197179
1289
17950573
1317
15357084
1359
33070192
1360
13499757
1383
16210652
1435
9001729
1479
13227229
1529
18754874
1590
12916234
1678
15178444
1811
19588677
1901
14723315
2059
33070146
2130
15394142
2134
35497190
2217
22337104
2247
14579063
2409
NEW
9001729
37
9001727
82
19531582
152
5907297
175
19514975
234
13955186
291
5983027
308
19531571
331
16253108
332
18185281
352
19531567
388
7461174
400
49650310
409
7459221
428
9001725
436
18754874
493
12916234
581
18021634
582
1940049
659
18752420
750
19588677
804
21057006
833
17915296
852
19227136
876
19214639
888
16210652
1004
21049304
1071
14579476
1091
22337104
1150
15178444
1380
30241004
1485
33070192
1553
35497190
1605
14723315
1628
14579063
1642
15357084
1716
17950573
2052
13499757
2118
NEW
1940049
52
17915296
22
6677293
146
21057006
149
41522043
203
15197181
203
20805410
209
17791429
259
16250137
300
14579493
353
15197179
381
19514897
387
19227136
399
7461171
402
19214639
411
6902930
439
7751408
450
16272469
488
9001725
492
15197186
507
6902933
534
7461174
539
7751409
544
21049304
592
16253106
592
18464147
609
14579476
614
19514975
615
7365144
619
14607762
634
7770986
661
18130744
681
18021634
693
18130746
700
19531567
707
19531571
723
18130598
727
18185281
744
49650310
757
13955186
766
19524316
824
7459221
903
18754874
940
9001729
968
18021636
1086
16210652
1115
19531582
1119
12916234
1167
13227229
1209
19588677
1390
15178444
1491
22337104
1736
14723315
1739
NEW
7461174
56
1940049
259
17915296
281
20805410
288
9001725
305
15197179
397
19514897
403
6677293
404
21057006
407
41522043
461
15197181
461
16272469
504
17791429
517
16250137
558
15197186
586
14579493
612
18464147
625
14579494
629
19514975
631
19524316
649
21049304
671
18130744
697
18021634
709
18130746
716
19227136
722
19531567
723
7461171
725
19214639
734
19531571
739
18130598
743
18185281
760
6902930
762
18754874
765
7751408
773
13955186
782
6902933
857
7459221
919
14579476
937
13227225
942
7365144
942
14607762
957
7816860
986
18021636
1102
16210652
1131
19531582
1135
12916234
1183
30241004
1331
33070192
1399
19588677
1437
35497190
1451
22337104
1468
14579063
1488
15178444
1507
15357084
1562
14723315
1755
13499757
1805
17950573
1898
NEW
13227229
54
14579536
390
14579088
452
14579476
474
13227225
515
6902933
627
6902930
650
19214639
678
7751408
684
19227136
690
14607762
727
7816860
756
33070192
779
30241004
783
14579493
856
14579494
873
41522043
886
17791429
889
7365144
898
7461171
905
21057006
940
6677293
943
15197181
961
16250137
963
18021636
970
18021634
996
16210652
999
15357084
1014
49650310
1060
17915296
1067
35497190
1071
1940049
1089
16253106
1123
16272469
1190
7770986
1192
14579063
1192
16211076
1250
13955186
1260
15197179
1272
5983027
1277
5907297
1335
7459221
1397
9001729
1462
17950573
1513
9001725
1516
9001727
1543
15197186
1554
18754874
1573
7751409
1591
21049304
1639
12916234
1661
15178444
1679
13499757
1833
19588677
1884
22337104
2230
NEW
14607762
38
7816860
29
35497190
498
7365144
540
14579063
619
19227136
704
19214639
716
6902930
744
14579493
822
6902933
839
17791429
855
7461171
871
21057006
906
6677293
909
7751408
919
14579476
919
17950573
940
33070146
968
15394142
972
15197186
981
1940049
1055
21049304
1066
16253106
1097
7770986
1166
18021634
1198
13499757
1260
49650310
1262
13955186
1462
15197179
1474
9001725
1552
16210652
1620
9001729
1664
13227229
1714
12916234
1863
15178444
1996
14723315
2244
18754874
2453
19588677
2592
22337104
2623
NEW
9001725
48
7461174
48
1940049
307
17915296
329
20805410
336
16272469
342
15197179
445
19514897
451
6677293
452
21057006
455
18464147
463
19514975
469
41522043
509
18130744
535
18021634
547
18130746
554
19531567
561
19531571
577
18130598
581
18185281
598
16250137
606
13955186
620
14579494
677
19524316
697
21049304
719
7459221
757
19227136
770
19214639
782
6902930
810
18754874
813
6902933
905
18021636
940
16210652
969
19531582
973
14579476
985
13227225
990
12916234
1021
7816860
1034
19588677
1244
15178444
1345
30241004
1379
33070192
1447
35497190
1499
14579063
1536
22337104
1590
14723315
1593
15357084
1610
13499757
1853
17950573
1946
NEW
13710445
33
5983027
164
5907297
222
19514975
230
7459221
254
13955186
287
19531571
327
16253108
328
18185281
348
19531567
384
49650310
405
18752420
576
18021634
578
9001729
645
18754874
756
21057006
829
12916234
844
17915296
848
19227136
872
19214639
884
16210652
1000
19588677
1067
14579476
1087
15178444
1376
21049304
1386
22337104
1413
30241004
1481
33070192
1549
35497190
1601
14723315
1624
14579063
1638
15357084
1712
17950573
2048
13499757
2114
NEW
7365144
45
19227136
268
19214639
280
6902930
308
14579493
386
14579494
403
6902933
403
41522043
416
17791429
419
7461171
435
21057006
470
6677293
473
7751408
483
14579476
483
16250137
493
14607762
503
7816860
532
17915296
597
1940049
619
16253106
661
13227225
716
7770986
730
18021634
762
49650310
826
15197186
847
30241004
877
21049304
932
13955186
1026
15197179
1038
17950573
1060
15357084
1108
33070192
1109
13499757
1126
16210652
1184
9001729
1228
13227229
1278
18754874
1339
12916234
1427
15178444
1560
19588677
1650
14723315
1808
33070146
1873
15394142
1877
35497190
1960
22337104
1996
14579063
2152
NEW
21057006
46
6677293
3
41522043
54
15197181
54
17791429
110
17915296
127
1940049
149
16250137
151
14579493
204
19227136
250
7461171
253
19214639
262
6902930
290
7751408
301
20805410
357
6902933
385
14579476
465
7365144
470
16253106
479
14607762
485
15197179
529
19514897
535
7770986
548
18021634
580
16272469
636
9001725
640
49650310
644
15197186
655
21049304
740
13955186
844
30241004
859
33070192
927
19524316
972
35497190
979
16210652
1002
14579063
1016
9001729
1046
18754874
1088
15357084
1090
13227229
1096
12916234
1245
15178444
1378
17950573
1426
19588677
1468
13499757
1492
14723315
1626
22337104
1814
NEW
18021634
34
7459221
390
16253108
473
5983027
507
49650310
550
5907297
565
16253106
613
7770986
682
19531567
691
19531571
707
18752420
714
18185281
728
13955186
750
13710445
753
15197179
762
18021636
814
16210652
843
14579493
901
9001729
952
17791429
998
7461171
1014
19588677
1038
6902930
1051
6677293
1052
7751408
1062
18754874
1063
33070460
1115
6902933
1146
17915296
1155
14579476
1226
13227229
1230
7365144
1231
14607762
1246
15178444
1512
21049304
1693
NEW
13955186
39
16253108
57
49650310
134
16253106
197
7770986
266
19531567
275
19531571
291
18021634
298
18185281
312
15197179
346
7459221
471
14579493
485
9001729
536
17791429
582
7461171
598
21057006
633
6902930
635
6677293
636
7751408
646
18754874
647
16210652
720
6902933
730
12916234
735
17915296
739
14579476
810
13227229
814
7365144
815
14607762
830
19588677
958
15178444
1096
30241004
1204
33070192
1272
21049304
1277
22337104
1304
35497190
1324
14723315
1344
14579063
1361
15357084
1435
17950573
1771
13499757
1837
NEW
16210652
33
7459221
305
16253108
388
5983027
422
49650310
465
5907297
480
16253106
528
7770986
597
19531567
606
19531571
622
18752420
629
18185281
643
13955186
665
13710445
668
15197179
677
18021636
729
14579493
816
9001729
867
17791429
913
7461171
929
19588677
953
6902930
966
6677293
967
7751408
977
18754874
978
33070460
1030
6902933
1061
17915296
1070
14579476
1141
13227229
1145
7365144
1146
14607762
1161
15178444
1427
21049304
1608
NEW
14579476
48
6902933
152
6902930
175
19214639
203
7751408
209
19227136
215
14579536
221
14607762
252
7816860
281
14579493
381
30241004
393
14579494
398
41522043
411
17791429
414
7365144
423
7461171
430
21057006
465
6677293
468
16250137
488
13227225
490
17915296
592
1940049
614
15357084
624
16253106
656
35497190
681
7770986
725
33070192
738
18021634
757
14579063
783
35450538
810
18678271
817
49650310
821
16210652
974
13955186
1021
15197179
1033
13227229
1045
7459221
1147
15197186
1166
9001729
1223
21049304
1251
18754874
1334
12916234
1422
13499757
1445
14723315
1456
15178444
1555
9001623
1622
19588677
1645
33070460
1872
22337104
1991
NEW
7459221
33
18752420
321
13710445
360
16253108
400
5983027
434
49650310
477
5907297
492
16253106
540
7770986
609
19531567
618
19531571
634
19588677
645
18185281
655
13955186
677
15197179
689
33070460
732
18021636
769
16210652
798
14579493
828
9001729
879
17791429
925
7461171
941
6902930
978
6677293
979
7751408
989
18754874
990
6902933
1073
17915296
1082
14579476
1153
13227229
1157
7365144
1158
14607762
1173
15178444
1439
21049304
1620
NEW
18754874
50
9001725
132
17915296
460
19524316
464
20805410
467
19514897
582
21057006
586
18464147
594
19514975
600
12916234
624
41522043
640
9001729
659
18130744
666
18021634
678
18130746
685
19531567
692
19531571
708
18130598
712
18185281
729
16250137
737
9001727
740
13955186
751
14579494
808
19531582
810
9001623
824
19588677
847
21049304
850
7459221
888
19227136
901
19214639
913
18021636
1071
16210652
1100
14579476
1116
13227225
1121
7816860
1165
22337104
1193
15178444
1476
30241004
1510
33070192
1578
35497190
1630
35450538
1650
14579063
1667
14723315
1724
15357084
1741
13499757
1862
33070460
1926
18678271
1934
17950573
2355
33070146
3168
15394142
3172
15357081
3481
NEW
35497190
41
30241004
371
15357084
666
7365144
732
14579063
813
33070192
848
19227136
896
19214639
908
6902930
936
14579476
987
14579493
1014
6902933
1031
14579494
1031
41522043
1044
17791429
1047
7461171
1063
21057006
1098
6677293
1101
7751408
1111
16250137
1121
15197186
1173
17915296
1225
14607762
1240
1940049
1247
21049304
1258
7816860
1269
16253106
1289
13227225
1344
7770986
1358
18021634
1390
49650310
1454
13955186
1654
15197179
1666
16210652
1812
9001729
1856
9001725
1865
13227229
1906
12916234
2055
15178444
2188
19524316
2650
18754874
2766
19588677
2905
NEW
9001623
49
12916234
129
19524316
305
18754874
421
19588677
472
9001729
500
9001725
553
9001727
581
19531582
651
16272469
703
18464147
718
19514975
724
13710445
790
16253106
809
19531567
816
19514897
816
22337104
818
19531571
832
18185281
853
13955186
875
7770986
878
15197179
888
18130744
898
18021634
910
18130746
917
17915296
925
20805410
932
49650310
993
7459221
1012
14579494
1109
6677293
1156
21057006
1159
41522043
1186
19227136
1202
19214639
1214
6902930
1242
16250137
1263
21049304
1315
16210652
1332
6902933
1337
14579476
1417
13227225
1422
13227229
1426
7816860
1466
18752420
1700
15178444
1708
30241004
1811
35497190
1931
14579063
1968
15357084
2042
NEW
15178444
51
14579536
402
14579088
464
14579476
486
13227225
527
33070192
614
6902933
639
14723315
643
6902930
662
35450538
686
19214639
690
7751408
696
19227136
702
14607762
739
7816860
768
30241004
795
14579493
868
14579494
885
41522043
898
17791429
901
7365144
910
7461171
917
21057006
952
6677293
955
16250137
975
18021636
982
18021634
1008
16210652
1011
15357084
1026
49650310
1072
17915296
1079
13227229
1082
35497190
1083
1940049
1101
16253106
1135
14579063
1204
7770986
1204
18678271
1219
13955186
1272
15197179
1284
7459221
1409
9001729
1474
17950573
1525
15197186
1566
18754874
1585
21049304
1651
12916234
1673
13499757
1845
9001623
1873
19588677
1896
22337104
2242
33070460
3075
NEW
12916234
54
9001623
200
19524316
296
18754874
412
19588677
463
9001729
491
9001725
544
9001727
572
19531582
642
16272469
694
18464147
709
19514975
715
13710445
781
16253106
800
19531567
807
19514897
807
22337104
809
19531571
823
18185281
844
13955186
866
7770986
869
15197179
879
18130744
889
18021634
901
18130746
908
17915296
916
20805410
923
49650310
984
7459221
1003
14579494
1100
6677293
1147
21057006
1150
41522043
1177
19227136
1193
19214639
1205
6902930
1233
16250137
1254
21049304
1306
16210652
1323
6902933
1328
14579476
1408
13227225
1413
13227229
1417
7816860
1457
18752420
1691
15178444
1699
13499757
1746
30241004
1802
33070192
1870
14579063
1959
15357084
2033
17950573
2239
33070146
3052
15394142
3056
35497190
3139
NEW
19588677
36
22337104
348
12916234
463
13710445
486
19524316
519
9001729
541
5983027
554
5907297
612
9001727
622
18754874
635
9001623
663
19531582
692
9001725
767
13955186
773
7459221
817
18021634
1064
33070460
1081
17915296
1139
20805410
1146
18752420
1230
16210652
1298
21057006
1315
21049304
1529
14579476
1573
15178444
1862
30241004
1967
35497190
2087
14579063
2124
15357084
2198
13499757
2350
17950573
2843
14723315
3102
33070192
3369
33070146
3656
15394142
3660
18678271
4476
15357081
4948
NEW
30241004
28
19227136
1290
19214639
1302
6902930
1330
15197186
1405
14579493
1408
14579494
1425
6902933
1425
41522043
1438
17791429
1441
7461171
1457
21049304
1490
6677293
1495
7751408
1505
16250137
1515
14607762
1525
7816860
1554
17915296
1619
1940049
1641
16253106
1683
20805410
1692
13227225
1738
7770986
1752
9001725
1758
49650310
1848
15197179
2060
9001729
2250
13227229
2300
19524316
2543
NEW
35495295
29
7365144
1118
19227136
1282
19214639
1294
6902930
1322
15197186
1397
14579493
1400
6902933
1417
14579494
1417
41522043
1430
17791429
1433
7461171
1449
21049304
1482
6677293
1487
7751408
1497
16250137
1507
14607762
1517
7816860
1546
17915296
1611
1940049
1633
16253106
1675
20805410
1684
13227225
1730
7770986
1744
9001725
1750
49650310
1840
15197179
2052
9001729
2242
13227229
2292
19524316
2535
NEW
35495294
31
33070146
83
7365144
988
19227136
1152
19214639
1164
6902930
1192
15197186
1267
14579493
1270
14579494
1287
6902933
1287
41522043
1300
17791429
1303
7461171
1319
21049304
1352
6677293
1357
7751408
1367
16250137
1377
14607762
1387
7816860
1416
17915296
1481
1940049
1503
16253106
1545
20805410
1554
13227225
1600
7770986
1614
9001725
1620
49650310
1710
15197179
1922
9001729
2112
13227229
2162
19524316
2405
15178444
2928
NEW
13499757
59
9001725
720
1940049
804
17915296
826
20805410
833
19524316
898
15197179
942
19514897
948
6677293
949
21057006
952
15197181
1006
18754874
1014
16272469
1049
12916234
1058
9001729
1093
15197186
1131
14579493
1157
18464147
1170
14579494
1174
9001727
1174
19514975
1176
21049304
1216
18130744
1242
19531582
1244
41522043
1251
17791429
1254
18021634
1254
18130746
1261
19227136
1267
19531567
1268
7461171
1270
19214639
1279
19531571
1284
18130598
1288
18185281
1305
6902930
1307
7751408
1318
13955186
1327
16250137
1328
19588677
1334
6902933
1402
7459221
1464
14579476
1482
13227225
1487
7365144
1487
14607762
1502
7816860
1531
17950573
1635
18021636
1647
16210652
1676
30241004
1876
33070192
1944
15178444
2052
15357084
2107
22337104
2297
14723315
2300
33070146
2448
15394142
2452
35497190
2535
14579063
2727
NEW
33070146
39
15394142
4
35495295
290
35497190
293
15357081
313
14579063
485
7365144
905
19227136
1069
19214639
1081
6902930
1109
15197186
1184
14579493
1187
6902933
1204
14579494
1204
41522043
1217
17791429
1220
7461171
1236
21049304
1269
6677293
1274
7751408
1284
14579476
1284
16250137
1294
14607762
1304
7816860
1333
17915296
1398
1940049
1420
16253106
1462
20805410
1471
13227225
1517
7770986
1531
9001725
1537
49650310
1627
15197179
1839
9001729
2029
13227229
2079
19524316
2322
18754874
2438
19588677
2577
14723315
2734
15178444
2891
NEW
14579063
48
7365144
420
19227136
584
19214639
596
6902930
624
15197186
699
14579493
702
6902933
719
14579494
719
41522043
732
17791429
735
17950573
748
7461171
751
21049304
784
21057006
786
6677293
789
7751408
799
14579476
799
16250137
809
13499757
814
14607762
819
7816860
848
17915296
913
1940049
935
16253106
977
13227225
1032
20805410
1040
7770986
1046
18021634
1078
9001725
1106
49650310
1142
30241004
1193
13955186
1342
15197179
1354
15357084
1424
33070192
1425
16210652
1500
9001729
1544
33070146
1561
15394142
1565
13227229
1594
35497190
1648
12916234
1743
15178444
1876
19524316
1891
18754874
2007
14723315
2124
19588677
2146
22337104
2177
NEW
15394142
39
33070146
4
35495295
286
35497190
297
15357081
309
14579063
489
7365144
909
19227136
1073
19214639
1085
6902930
1113
15197186
1188
14579493
1191
6902933
1208
14579494
1208
41522043
1221
17791429
1224
7461171
1240
21049304
1273
6677293
1278
7751408
1288
14579476
1288
16250137
1298
14607762
1308
7816860
1337
17915296
1402
1940049
1424
16253106
1466
20805410
1475
13227225
1521
7770986
1535
9001725
1541
49650310
1631
15197179
1843
9001729
2033
13227229
2083
19524316
2326
18754874
2442
19588677
2581
14723315
2730
15178444
2887
NEW
33070460
28
18752420
746
13710445
785
19588677
1070
13955186
1072
7459221
1208
22337104
1249
18021634
1363
18754874
1541
21057006
1614
12916234
1629
18021636
1660
16210652
1689
14579476
1872
30241004
2266
35497190
2386
14579063
2423
15357084
2497
14723315
2676
17950573
2833
15178444
2928
33070192
2943
13227229
2952
13499757
3035
18678271
4050
15357081
4522
15394142
4687
33070146
4691
35495295
4793
NEW
22337104
38
19588677
443
33070460
733
18752420
882
13710445
921
19524316
969
18754874
1085
13955186
1208
7459221
1286
16253108
1369
49650310
1446
16253106
1509
7770986
1578
18021636
1738
21057006
1750
12916234
1765
16210652
1767
14579493
1797
17791429
1894
7461171
1910
6902930
1947
7751408
1958
6902933
2042
14579476
2122
7365144
2127
14607762
2142
13499757
2381
14723315
2754
17950573
2874
15178444
3006
33070192
3021
13227229
3030
33070146
3687
15394142
3691
35497190
3774
14579063
3966
18678271
4128
15357081
4600
35495295
4871
NEW
15357084
45
18678271
193
15357081
479
15394142
644
33070146
648
35495295
750
14579476
898
6902933
1051
6902930
1074
19214639
1102
7751408
1108
14579536
1120
14607762
1151
7816860
1180
13227225
1389
7365144
1553
19227136
1717
14723315
1791
15197186
1832
14579493
1835
14579494
1852
41522043
1865
17791429
1868
7461171
1884
21049304
1917
6677293
1922
16250137
1942
15178444
1948
17915296
2046
1940049
2068
16253106
2110
20805410
2119
7770986
2179
9001725
2185
19524316
2970
13227229
3179
18021636
3187
18021634
3213
16210652
3216
49650310
3277
13955186
3477
15197179
3489
7459221
3614
9001729
3679
12916234
3878
33070460
4329
NEW
33070192
39
30241004
565
14579476
598
6902933
751
15357084
773
6902930
774
19214639
802
7751408
808
19227136
814
14579536
820
14607762
851
7816860
880
14579493
980
14579494
997
41522043
1010
17791429
1013
7365144
1022
7461171
1029
15178444
1040
21057006
1064
6677293
1067
16250137
1087
13227225
1089
17915296
1191
1940049
1213
16253106
1255
7770986
1324
18021634
1356
49650310
1420
13955186
1620
15197179
1632
9001729
1822
13227229
1891
18021636
1899
18754874
1933
15197186
1970
12916234
2021
21049304
2055
19588677
2244
22337104
2590
NEW
18678271
42
15357084
384
33070192
565
15394142
612
33070146
616
30241004
671
14579476
704
35495295
718
6902933
857
6902930
880
19214639
908
7751408
914
19227136
920
14579536
926
14607762
957
7816860
986
14579493
1086
14579494
1103
41522043
1116
17791429
1119
7461171
1135
21057006
1170
6677293
1173
16250137
1193
13227225
1195
17915296
1297
1940049
1319
16253106
1361
7770986
1430
18021634
1462
7365144
1521
49650310
1526
16210652
1679
13955186
1726
15197179
1738
13227229
1750
15197186
1800
21049304
1885
9001729
1928
20805410
2087
12916234
2127
9001725
2153
19524316
2938
NEW
14723315
37
15178444
857
33070192
996
13227229
1033
18021636
1041
18021634
1067
16210652
1070
49650310
1131
16253106
1194
7770986
1263
13955186
1331
15197179
1343
30241004
1433
7459221
1468
14579493
1482
9001729
1533
17791429
1579
7461171
1595
35450538
1608
21057006
1630
6902930
1632
6677293
1633
7751408
1643
18754874
1644
6902933
1727
12916234
1732
14579476
1807
7365144
1812
14607762
1827
19588677
1955
18678271
2103
22337104
2301
15357081
2575
15394142
2740
33070146
2744
33070460
2791
13499757
2834
35495295
2846
NEW
15357081
32
6902933
1124
6902930
1147
19214639
1175
7751408
1181
14579536
1193
14607762
1224
7816860
1253
13227225
1462
7365144
1626
19227136
1790
15197186
1905
14579493
1908
14579494
1925
41522043
1938
17791429
1941
7461171
1957
21049304
1990
6677293
1995
16250137
2015
15178444
2021
17915296
2119
1940049
2141
16253106
2183
20805410
2192
7770986
2252
9001725
2258
19524316
3043
13227229
3252
18021636
3260
49650310
3350
15197179
3562
9001729
3752
NEW
15357077
45
18678271
242
15357081
528
15394142
693
33070146
697
35495295
799
14579476
947
6902933
1100
6902930
1123
19214639
1151
7751408
1157
14579536
1169
14607762
1200
7816860
1229
13227225
1438
7365144
1602
19227136
1766
14723315
1840
15197186
1881
14579493
1884
14579494
1901
41522043
1914
17791429
1917
7461171
1933
21049304
1966
6677293
1971
16250137
1991
15178444
1997
17915296
2095
1940049
2117
16253106
2159
20805410
2168
7770986
2228
9001725
2234
19524316
3019
13227229
3228
18021636
3236
18021634
3262
16210652
3265
49650310
3326
13955186
3526
15197179
3538
7459221
3663
9001729
3728
12916234
3927
33070460
4378
NEW
17950573
44
7365144
887
33070146
935
15394142
939
35497190
1022
19227136
1051
19214639
1063
6902930
1091
13499757
1095
15197186
1166
14579493
1169
6902933
1186
14579494
1186
41522043
1199
17791429
1202
14579063
1214
7461171
1218
21049304
1251
21057006
1253
6677293
1256
7751408
1266
14579476
1266
16250137
1276
14607762
1286
1940049
1292
7816860
1315
20805410
1321
17915296
1380
9001725
1387
16253106
1444
13227225
1499
7770986
1513
18021634
1545
49650310
1609
13955186
1809
15197179
1821
16210652
1967
9001729
2011
13227229
2061
19524316
2172
12916234
2210
18754874
2288
15178444
2343
19588677
2427
22337104
2458
NEW
35450538
42
33070192
72
18678271
640
14579476
670
14723315
812
6902933
823
6902930
846
19214639
874
7751408
880
19227136
886
14579536
892
14607762
923
7816860
952
15178444
969
14579493
1052
14579494
1069
41522043
1082
17791429
1085
7365144
1094
7461171
1101
6677293
1139
16250137
1159
13227225
1161
17915296
1263
1940049
1285
16253106
1327
7770986
1396
13227229
1820
18021636
1828
18021634
1854
16210652
1857
49650310
1918
15197186
2042
13955186
2118
21049304
2127
15197179
2130
7459221
2255
9001729
2320
18754874
2431
12916234
2519
19588677
2742
33070460
2970
22337104
3088
NEW
13683935
54
19588677
877
22337104
908
9001725
1167
12916234
1188
19524316
1244
1940049
1251
9001729
1266
17915296
1273
5983027
1279
20805410
1280
5907297
1337
9001727
1347
18754874
1360
15197179
1389
19514897
1395
6677293
1396
21057006
1399
19531582
1417
13499757
1441
15197181
1453
16272469
1496
14579493
1604
14579494
1621
18130744
1689
41522043
1698
17791429
1701
18021634
1701
18130746
1708
19227136
1714
7461171
1717
19214639
1726
18130598
1735
6902930
1754
7751408
1765
16250137
1775
18752420
1790
15197186
1819
13710445
1829
6902933
1849
21049304
1904
14579476
1929
13227225
1934
14607762
1949
7816860
1978
7365144
2157
16253108
2277
49650310
2354
18021636
2646
33070146
2747
15394142
2751
35497190
2834
14579063
3026
15178444
3914
13227229
3938
