1940049	1749	0.22589584695284293	0
6677293	1851	0.04209743191788286	15
41522043	1908	0.3370946709736944	16
15197181	1908	0.0037947351171381378	17
20805410	1958	0.40571265753433117	18
17791429	1964	0.43472731165830963	19
16250137	2005	0.0037471774472320122	20
14579493	2058	0.14872709990502014	21
19227136	2104	0.45450562548212925	22
7461171	2107	0.2453307262955508	23
19214639	2116	0.11960447020864261	24
15197179	2130	0.20208011082546284	25
19514897	2136	0.14114250802322156	26
6902930	2144	0.160957838628957	27
7751408	2155	0.09575074474857291	28
16272469	2237	0.09499235653428166	29
6902933	2239	0.10739178031272714	30
9001725	2241	0.16706651496713254	31
15197186	2256	0.20182640993196352	32
7461174	2288	0.33836119905475137	33
7751409	2293	0.4587811060770783	34
7365144	2324	0.17156597113593627	35
14607762	2339	0.16094328923036982	36
21049304	2341	0.11594337848294337	37
16253106	2341	0.2751874747794888	38
18464147	2358	0.21611598359707895	39
7770986	2410	0.02119993792162363	40
18130744	2430	0.3942774577805574	41
18130746	2449	0.15554826645611114	42
19531567	2456	0.4041760342022831	43
19531571	2472	0.38906860191590303	44
18185281	2493	0.3587991495131284	45
48865594	2527	0.3408810975825263	46
19524316	2573	0.44590128391182365	47
19524327	2592	0.3228737095288273	48
9001729	2717	0.5182405604868523	49
13227229	2958	0.01023701828407654	50
36136934	3571	0.46158283171201064	51
15431724	3608	0.4893896302954267	52
19591127	3674	0.4613630557459224	53
15603181	3682	0.06817408299062434	54
19591126	3963	0.23567177033953254	55
9009951	3973	0.4920742019626584	56
15176721	4168	0.3758066714850418	57
19906425	4199	0.4923255141101583	58
6847951	4279	0.4519467844960237	59
7757964	4415	0.3856682753500584	60
11220384	4738	0.07886674794864824	61
18151385	4757	0.4103637908080518	62
18769839	4876	0.026117010813014794	63
1903418	5003	0.5020821308470377	64
37062574	5234	0.5151217309034963	65
14858769	5367	0.39569400032240115	66
32170732	5428	0.3310718196122959	67
32870675	5664	0.45984459047687193	68
19215921	5704	0.08578148968268756	69
16136122	6592	0.11777225485838987	70
1940049	1814	0.33254107535657834	1
17915296	1836	0.40571265753433117	71
6677293	1959	0.06197159207909434	72
41522043	2016	0.49623676528221156	73
15197181	2016	0.005586226190381967	74
17791429	2072	0.6399616887861926	75
16250137	2113	0.005516216586817464	76
15197179	2169	0.2974819513884393	77
19514897	2175	0.207775760509509	78
19227136	2212	0.6690773269726966	79
19214639	2224	0.17606963420154767	80
6902930	2252	0.2369458910677434	81
16272469	2276	0.13983816355490536	82
9001725	2280	0.24593846807127834	83
15197186	2295	0.29710847852879524	84
6902933	2347	0.15809134426940938	85
19524316	2612	0.6564108834009295	86
15603181	3721	0.10035900692713254	87
9009951	4012	0.7243819949910468	88
15176721	4276	0.5532246667992113	89
6847951	4387	0.6653104594332342	90
1964777	4472	0.36843117050954594	91
7757964	4523	0.5677419250766412	92
11220384	4846	0.116099669500319	93
18151385	4865	0.60409617141478	94
18769839	4984	0.03844682838579305	95
1903418	5111	0.7391146581993191	96
19215921	5812	0.12627885465608002	97
15197186	1934	0.08490679335938789	2
7751409	1971	0.1930056258941004	98
7365144	2265	0.07217646324706603	99
19227136	2423	0.1912069646212284	100
19214639	2435	0.05031666589267307	101
6902930	2463	0.0677137048052807	102
14579493	2541	0.0625683286088947	103
14579494	2558	0.04871474027675934	104
6902933	2558	0.04517888269718178	105
41522043	2571	0.14181309364102937	106
17791429	2574	0.1828863825655783	107
7461171	2590	0.10320871926179948	108
6677293	2628	0.0177100606110841	109
7751408	2638	0.040281590011511346	110
15197181	2646	0.0015964154074438275	111
16250137	2648	0.001576408267383542	112
14607762	2658	0.06770758398700048	113
7816860	2687	0.15159086024152907	114
17915296	2752	0.11594337848294337	115
18752426	2760	0.1703153737299459	116
1940049	2774	0.09503261740836907	117
48865594	2846	0.14340601372396083	118
13227225	2871	0.1471119567887812	119
20805410	2982	0.17068014432882217	120
9001725	3059	0.07028357720067088	121
15176721	4109	0.1580989297169598	122
19906425	4140	0.2071174961998143	123
6847951	4220	0.19013048021604062	124
7757964	4356	0.1622476293932874	125
15603181	4553	0.028680303925051276	126
31709836	4669	0.19952976425178576	127
18151385	4698	0.17263683974788005	128
18769839	4817	0.010987222341283671	129
9009951	4844	0.2070117711433974	130
1964777	4908	0.10528918399270654	131
1903418	4944	0.21122202861182235	132
33299727	5118	0.07717929643914276	133
37062574	5175	0.21670768644944635	134
14858769	5308	0.1664653735368399	135
32870675	5605	0.19345302546982815	136
19215921	5645	0.03608760231628601	137
11220384	5884	0.03317862450835925	138
16136122	6322	0.04954586721381707	139
32170732	6574	0.13927932714263624	140
19214639	2203	0.19724462063255319	3
6902930	2232	0.26544215080608435	141
6902933	2327	0.1771041745336682	142
14579493	2358	0.24527193964716668	143
14579494	2375	0.1909649674642282	144
7751408	2384	0.15790646695955998	145
41522043	2388	0.5559166005875349	146
17791429	2391	0.7169265790573844	147
7461171	2407	0.4045849285838648	148
14607762	2427	0.26541815679817016	149
6677293	2445	0.06942459570083469	150
7816860	2456	0.5942460850542323	151
7365144	2460	0.2829364557288764	152
15197181	2463	0.006258052790796555	153
16250137	2465	0.006179623493443052	154
17915296	2569	0.45450562548212925	155
18752426	2577	0.6676474023718352	156
1940049	2591	0.3725340746625634	157
48865594	2615	0.562160951477675	158
13227225	2688	0.5766884906327042	159
20805410	2799	0.6690773269726966	160
15197186	3097	0.3328401822374671	161
15176721	4304	0.6197581429769444	162
19906425	4335	0.8119141290370251	163
6847951	4415	0.7453239155569532	164
7757964	4551	0.63602131700205	165
1964777	4725	0.4127404863758394	166
15603181	4748	0.11242866686337462	167
11220384	4826	0.13006237770643322	168
31709836	4864	0.7821697236198862	169
18151385	4893	0.6767477009686359	170
18769839	5012	0.04307063005992187	171
9009951	5039	0.8114996799022437	172
1903418	5139	0.8280041644977896	173
37062574	5370	0.8495083019422323	174
14858769	5503	0.6525551498536684	175
32170732	5516	0.5459840702244728	176
32870675	5800	0.758348510221387	177
16136122	6139	0.1942230394069743	178
19215921	6220	0.14146576093887792	179
19227136	2215	0.19724462063255319	4
6902930	2233	0.06985186989605839	180
6902933	2327	0.04660547588243489	181
14579493	2382	0.06454402047813373	182
7751408	2384	0.041553543596259165	183
14579494	2399	0.050252983640722275	184
41522043	2412	0.1462910616847272	185
17791429	2415	0.1886613033132293	186
14607762	2427	0.06984555580346226	187
7461171	2431	0.10646769440167757	188
7816860	2456	0.1563775764075026	189
6677293	2469	0.018269283200707104	190
7365144	2484	0.0744555468466779	191
15197181	2487	0.0016468246961453049	192
16250137	2489	0.001626185799654527	193
14579536	2493	0.18038526822291545	194
17915296	2593	0.11960447020864261	195
18752426	2601	0.17569334540612755	196
1940049	2615	0.09803341947070077	197
48865594	2615	0.14793428068607578	198
13227225	2712	0.1517572446421972	199
20805410	2823	0.17606963420154767	200
15197186	3121	0.08758785684650577	201
15176721	4328	0.16309114825502677	202
19906425	4359	0.21365755188480742	203
6847951	4439	0.19613414456522613	204
7757964	4575	0.16737084954831735	205
1964777	4749	0.10861385302827402	206
15603181	4772	0.029585928935849038	207
11220384	4826	0.03422629095768137	208
31709836	4888	0.2058302255501461	209
18151385	4917	0.17808811530860394	210
18769839	5036	0.011334160901539693	211
9009951	5063	0.21354848839600815	212
1903418	5163	0.21789169126401003	213
37062574	5394	0.2235505672429555	214
32170732	5516	0.14367728758535248	215
14858769	5527	0.1717217754948078	216
32870675	5824	0.19956160433070086	217
16136122	6163	0.0511103546979021	218
19215921	6220	0.037227124244741075	219
14579536	2526	0.17464236422136403	5
14579088	2577	0.15165305428544085	220
13227225	2640	0.1469257675703385	221
6902933	2797	0.045121702974723336	222
6902930	2820	0.06762800434930992	223
19214639	2848	0.050252983640722275	224
7751408	2854	0.040230608446684225	225
19227136	2860	0.1909649674642282	226
14607762	2897	0.0676218912777173	227
14579493	3026	0.062489140292341476	228
48865594	3053	0.14322451485603685	229
41522043	3056	0.1416336108196033	230
17791429	3059	0.1826549161819003	231
7365144	3068	0.07208511459278077	232
7461171	3075	0.1030780952717766	233
18021636	3095	0.16315613117115388	234
6677293	3113	0.017687646237597894	235
16250137	3133	0.001574413118724945	236
13227229	3195	0.004301182986405635	237
17915296	3237	0.11579663713373858	238
1940049	3259	0.09491234133327593	239
22337371	3595	0.1882633206820598	240
7757964	4608	0.16204228402252135	241
1964777	4796	0.1051559269053427	242
15176721	4943	0.15789883506249955	243
6847951	5054	0.18988984548935842	244
11220384	5096	0.03313663266554063	245
18151385	5532	0.17241834548698717	246
18769839	5651	0.010973316589601524	247
1903418	5778	0.21095469980127857	248
19215921	6490	0.03604192878561313	249
16136122	6526	0.04948316050734011	250
32870675	6766	0.19320818563217096	251
6677293	2397	0.051490366528312195	6
16250137	2437	0.0045832615296098325	252
17791429	2439	0.5317252762785609	253
14579493	2490	0.18191164016228964	254
17915296	2521	0.3370946709736944	255
19227136	2536	0.5559166005875349	256
7461171	2539	0.3000698247402793	257
1940049	2543	0.2762985632832484	258
19214639	2548	0.1462910616847272	259
6902930	2576	0.19687134651767915	260
7751408	2587	0.11711500483164944	261
6902933	2671	0.13135343127857943	262
20805410	2751	0.49623676528221156	263
7365144	2756	0.20984640475949168	264
14607762	2771	0.19685355080350161	265
15197179	2923	0.2471689720831865	266
19514897	2929	0.1726347461055866	267
48865594	2959	0.4169397480429576	268
9001725	3034	0.20434301329937357	269
15197186	3049	0.24685866450859803	270
15176721	4600	0.4596580450868267	271
19906425	4631	0.6021750025564666	272
6847951	4711	0.5527868215425982	273
7757964	4847	0.47172000645675577	274
15603181	5044	0.08338533637315898	275
31709836	5160	0.580114372290862	276
11220384	5170	0.0964637882589428	277
18151385	5189	0.5019256766035259	278
18769839	5308	0.03194433479954792	279
9009951	5335	0.6018676167137144	280
1903418	5435	0.6141085516821743	281
37062574	5666	0.6300575955003185	282
14858769	5799	0.48398270824210365	283
32170732	5860	0.4049417877148668	284
32870675	6096	0.5624468151858356	285
19215921	6136	0.10492137272701235	286
14579493	2561	0.0020221476460489957	7
14579494	2578	0.001574413118724945	287
41522043	2655	0.0045832615296098325	288
17791429	2658	0.005910710358128798	289
19227136	2671	0.006179623493443052	290
7461171	2674	0.0033356056226394107	291
18752426	2682	0.0055044275551417695	292
19214639	2683	0.001626185799654527	293
6902930	2711	0.002188441210139493	294
6677293	2712	5.723719679319942E-4	295
7751408	2722	0.0013018618881455743	296
15197181	2730	5.1594596340551214E-5	297
6902933	2806	0.0014601376339824805	298
17915296	2836	0.0037471774472320122	299
1940049	2858	0.0030713619472150884	300
13227225	2891	0.004754515642979881	301
7365144	2891	0.0023326732310130468	302
14607762	2906	0.0021882433912341066	303
7816860	2935	0.004899269454935909	304
20805410	3066	0.005516216586817464	305
48865594	3094	0.004634743160455028	306
15197186	3364	0.0027441051430107523	307
15176721	4735	0.005109603943049351	308
19906425	4766	0.006693836429833554	309
1964777	4830	0.003402844223251376	310
6847951	4846	0.00614483256240243	311
7757964	4982	0.005243685889477715	312
15603181	5179	9.269195831094574E-4	313
31709836	5295	0.006448608298625724	314
11220384	5305	0.0010723009378771288	315
18151385	5324	0.005579455083412374	316
18769839	5443	3.5509636085892245E-4	317
9009951	5470	0.006690419498636651	318
1903418	5570	0.00682649093315193	319
37062574	5801	0.007003782069578494	320
14858769	5934	0.00537999928606586	321
32170732	5995	0.004501372655889221	322
32870675	6231	0.006252213999835978	323
16136122	6244	0.0016012743345621902	324
19215921	6271	0.0011663162769071638	325
48865594	2619	0.4456870198086707	8
19227136	3131	0.5942460850542323	326
19214639	3143	0.1563775764075026	327
6902930	3171	0.2104452840657071	328
6902933	3266	0.14041002231852798	329
15176721	4509	0.4913506692691726	330
6847951	4620	0.5909005131778522	331
7757964	4756	0.5042442819344182	332
36136934	4863	0.6034992204599102	333
15603181	4953	0.08913461054825546	334
31709836	5069	0.6201122511060123	335
18151385	5098	0.5365325805968203	336
15431724	5173	0.6398553847616352	337
18769839	5217	0.034146841224440075	338
19591127	5239	0.6032118730650381	339
9009951	5244	0.6433653439653473	340
11220384	5245	0.10311479898566374	341
1903418	5344	0.6564502701480209	342
19591126	5556	0.3081304587451666	343
19215921	6045	0.11215551921933561	344
16136122	8157	0.15398203554327458	345
16253106	2586	0.40423746682320133	9
7770986	2655	0.031141712423915207	346
18130744	2675	0.5791750547019585	347
18130746	2694	0.22849309275919621	348
13227229	3203	0.015037698726273342	349
18752420	3401	0.31191202603924895	350
1964777	4678	0.36764377453422653	351
16136122	6092	0.17300190716950634	352
11220384	6367	0.11585154605198526	353
19215921	7761	0.12600897667103705	354
18021636	3285	0.492709549149057	10
13227229	3385	0.012988993516991395	355
22337371	3785	0.568529881094422	356
18752420	4025	0.2694177718175023	357
1964777	4986	0.3175567412880827	358
11220384	6700	0.10006816920554083	359
16136122	6716	0.14943248242670099	360
19215921	8094	0.108841772325388	361
32870675	8370	0.5834627074778598	362
19524327	3126	0.5223840394499365	11
9001729	3882	0.8384721004041681	363
15431724	4539	0.7917935849026158	364
36136934	4561	0.7468043914827697	365
19591127	4605	0.7464488114105898	366
15176721	4878	0.6080253712483323	367
19591126	4894	0.38129822200122787	368
15603181	5009	0.11030025612927116	369
31709836	5125	0.7673623041059079	370
9009951	5300	0.7961370088183253	371
18769839	5696	0.04225525090528386	372
6847951	6100	0.7312140317834205	373
1964777	6374	0.4049268094364075	374
18151385	6578	0.6639360479338109	375
7757964	6713	0.6239806637061176	376
1903418	6824	0.8123290435453986	377
11220384	7431	0.12760013948430973	378
16136122	7523	0.19054616220637244	379
19215921	7525	0.138787642870856	380
9001725	3355	0.19572242577936164	12
19524316	3687	0.5223840394499365	381
9001729	3882	0.6071312354585094	382
9001727	3963	0.3517696373865671	383
19531582	4033	0.5530883663965428	384
15431724	4539	0.5733316793705181	385
36136934	4561	0.5407553484823385	386
19591127	4605	0.5404978756714688	387
15176721	4878	0.4402665212810029	388
19591126	4894	0.27609512646890655	389
32179802	4921	0.5810626546371654	390
15603181	5009	0.07986757191190322	391
31709836	5125	0.5556411757905073	392
9009951	5300	0.5764767194103639	393
19906425	5546	0.5767711376134741	394
33299727	5574	0.21492530290375259	395
18769839	5696	0.030596704021956224	396
37062574	6078	0.6034774518635924	397
6847951	6100	0.5294664882555692	398
14125616	6371	0.25496929270982344	399
1964777	6374	0.2932044059246511	400
18151385	6578	0.48075101467680387	401
7757964	6713	0.45181962652723306	402
1903418	6824	0.5882012479232345	403
14858769	7188	0.463565003583609	404
11220384	7431	0.09239428514370875	405
32870675	7485	0.5387189572210616	406
16136122	7523	0.137973018799872	407
19215921	7525	0.10049507078642246	408
32170732	8931	0.3878585703092791	409
16272469	3451	0.048647999402953446	13
15197179	3636	0.10349035932420585	410
6677293	3904	0.021559164521494468	411
17915296	3926	0.14114250802322156	412
19227136	3950	0.23276387915604635	413
19214639	3962	0.0612524881746751	414
6902930	3990	0.08243059887346113	415
6902933	4085	0.05499805937175833	416
1964777	5647	0.1281727313012121	417
15176721	6014	0.19246014518475899	418
6847951	6125	0.2314534316705227	419
7757964	6261	0.1975105230934737	420
18151385	6603	0.2101577240377152	421
1903418	6849	0.25712901640528807	422
19215921	7550	0.0439308804531217	423
13710445	4287	0.3147898848595702	14
18021636	5070	0.2991793886491188	424
32179802	5849	0.3821329609639037	425
1964777	6115	0.19282441731453664	426
19591126	6126	0.18157258488957187	427
22337371	6477	0.34521844065808466	428
33299727	7088	0.14134455506516685	429
14125616	7299	0.16767928553060588	430
11220384	9360	0.060762641474791435	431
