19514897	16250137	0	0	0	0		262271725	0	0	0	0		227015189
19514897	18130267	0	0	0	0		158124932	0	0	0	0		141648629
19514897	18752428	0	0	0	0		128465767	0	0	0	0		159076615
19514897	18752426	0	0	0	0		132821016	0	0	0	0		142480676
19514897	18130598	0	0	0	0		149630258	0	0	0	0		114459460
19514897	14579088	0	0	0	0		214546220	0	0	0	0		122049264
19514897	18464147	0	0	0	0		150499783	0	0	0	0		206720140
19514897	41522043	0	0	0	0		135400495	0	0	0	0		140608592
19514897	14579494	0	0	0	0		157730880	0	0	0	0		127601513
19514897	15197179	0	0	0	0		147374865	0	0	0	0		168455576
19514897	16272469	0	0	0	0		152235620	0	0	0	0		139547255
19514897	16211076	0	0	0	0		133438548	0	0	0	0		128535123
19514897	16253106	0	0	0	0		164719243	0	0	0	0		152461521
19514897	14579493	0	0	0	0		127659712	0	0	0	0		137156618
19514897	49650310	0	0	0	0		126800343	0	0	0	0		121618510
19514897	7770986	0	0	0	0		138109869	0	0	0	0		126116139
19514897	17791429	0	0	0	0		124785270	0	0	0	0		104835568
19514897	7461171	0	0	0	0		127777251	0	0	0	0		128139722
19514897	6677293	0	0	0	0		121770550	0	0	0	0		115005654
19514897	21057006	0	0	0	0		261302794	0	0	0	0		171698983
19514897	18021634	0	0	0	0		139136812	0	0	0	0		126239527
19514897	13955186	0	0	0	0		115405839	0	0	0	0		125382156
19514897	16210652	0	0	0	0		129129049	0	0	0	0		124273961
19514897	14579476	0	0	0	0		131161610	0	0	0	0		123189360
19514897	7459221	0	0	0	0		124678565	0	0	0	0		120963977
19514897	18754874	0	0	0	0		142179990	0	0	0	0		142357169
19514897	35497190	0	0	0	0		129901426	0	0	0	0		118795854
19514897	9001623	0	0	0	0		119498969	0	0	0	0		118139214
19514897	15178444	0	0	0	0		136637406	0	0	0	0		126818763
16250137	19514897	29	102	0	0		135344824	29	136	0	0		128692241
16250137	18130267	29	102	0	0		131384541	29	136	0	0		114315666
16250137	18752428	29	102	0	0		123581009	29	136	0	0		109849689
16250137	18752426	29	102	4	4		140890233	29	136	7	4		124023757
16250137	18130598	29	102	0	0		114104276	29	136	0	0		112736041
16250137	14579088	29	102	4	4		130128813	29	136	7	4		127180367
16250137	18464147	29	102	4	2		127773535	29	136	18	2		135492571
16250137	41522043	29	102	2	2		138688982	29	136	9	2		129637142
16250137	14579494	29	102	9	3		126072155	29	136	26	3		136447954
16250137	15197179	29	102	23	6		113328544	29	136	43	6		132130669
16250137	16272469	29	102	22	6		113920994	29	136	44	6		127888700
16250137	16211076	29	102	0	0		122466223	29	136	0	0		124204504
16250137	16253106	29	102	14	5		131067199	29	136	30	5		125675816
16250137	14579493	29	102	0	0		117010003	29	136	0	0		123531862
16250137	49650310	29	102	7	5		117301627	29	136	15	5		120583261
16250137	7770986	29	102	21	5		285445767	29	136	42	5		123540983
16250137	17791429	29	102	5	3		121651769	29	136	13	3		140021501
16250137	7461171	29	102	11	3		122798083	29	136	26	3		325361959
16250137	6677293	29	102	9	4		442516333	29	136	22	4		135803513
16250137	21057006	29	102	3	3		137230095	29	136	13	3		150296444
16250137	18021634	29	102	2	2		132255334	29	136	3	2		131189353
16250137	13955186	29	102	3	3		139649563	29	136	13	3		125323682
16250137	16210652	29	102	0	0		117762729	29	136	0	0		108954617
16250137	14579476	29	102	4	2		123316434	29	136	9	2		121688768
16250137	7459221	29	102	0	0		123761274	29	136	0	0		113269788
16250137	18754874	29	102	11	3		134780933	29	136	31	3		118345412
16250137	35497190	29	102	3	3		123760731	29	136	13	3		138211381
16250137	9001623	29	102	3	3		124789357	29	136	13	3		149044288
16250137	15178444	29	102	20	3		140083111	29	136	48	3		128486011
18130267	19514897	0	0	0	0		108165643	0	0	0	0		103729992
18130267	16250137	0	0	0	0		112604283	0	0	0	0		103196150
18130267	18752428	0	0	0	0		120505783	0	0	0	0		93641375
18130267	18752426	0	0	0	0		117811541	0	0	0	0		208707232
18130267	18130598	0	0	0	0		119911652	0	0	0	0		110481667
18130267	14579088	0	0	0	0		115105146	0	0	0	0		97547494
18130267	18464147	0	0	0	0		109849344	0	0	0	0		235686607
18130267	41522043	0	0	0	0		146146212	0	0	0	0		94178671
18130267	14579494	0	0	0	0		117013208	0	0	0	0		98021605
18130267	15197179	0	0	0	0		90672119	0	0	0	0		120032875
18130267	16272469	0	0	0	0		105266040	0	0	0	0		102967782
18130267	16211076	0	0	0	0		112099001	0	0	0	0		100344925
18130267	16253106	0	0	0	0		102713175	0	0	0	0		105575327
18130267	14579493	0	0	0	0		107233493	0	0	0	0		102966160
18130267	49650310	0	0	0	0		111815645	0	0	0	0		101826207
18130267	7770986	0	0	0	0		97310141	0	0	0	0		103900746
18130267	17791429	0	0	0	0		93256930	0	0	0	0		101999554
18130267	7461171	0	0	0	0		107469452	0	0	0	0		113301101
18130267	6677293	0	0	0	0		90523591	0	0	0	0		109670400
18130267	21057006	0	0	0	0		106870845	0	0	0	0		163512544
18130267	18021634	0	0	0	0		199607359	0	0	0	0		138672308
18130267	13955186	0	0	0	0		108457017	0	0	0	0		99539360
18130267	16210652	0	0	0	0		101023916	0	0	0	0		115664365
18130267	14579476	0	0	0	0		96242424	0	0	0	0		120321624
18130267	7459221	0	0	0	0		114183999	0	0	0	0		103871949
18130267	18754874	0	0	0	0		128420305	0	0	0	0		109609637
18130267	35497190	0	0	0	0		108409616	0	0	0	0		100794845
18130267	9001623	0	0	0	0		114097700	0	0	0	0		111344183
18130267	15178444	0	0	0	0		95478254	0	0	0	0		130412227
18752428	19514897	0	0	0	0		101867892	0	0	0	0		104863542
18752428	16250137	0	0	0	0		117649444	0	0	0	0		123960329
18752428	18130267	0	0	0	0		97139733	0	0	0	0		104407424
18752428	18752426	0	0	0	0		109984115	0	0	0	0		105682295
18752428	18130598	0	0	0	0		111702374	0	0	0	0		116603815
18752428	14579088	0	0	0	0		95939624	0	0	0	0		123181709
18752428	18464147	0	0	0	0		110370750	0	0	0	0		86871131
18752428	41522043	0	0	0	0		94113222	0	0	0	0		129557648
18752428	14579494	0	0	0	0		109755449	0	0	0	0		103828664
18752428	15197179	0	0	0	0		166685606	0	0	0	0		108239938
18752428	16272469	0	0	0	0		120481074	0	0	0	0		107502422
18752428	16211076	0	0	0	0		97834747	0	0	0	0		103324539
18752428	16253106	0	0	0	0		103307977	0	0	0	0		130093146
18752428	14579493	0	0	0	0		95503906	0	0	0	0		97468369
18752428	49650310	0	0	0	0		111072265	0	0	0	0		113385061
18752428	7770986	0	0	0	0		109809218	0	0	0	0		111944666
18752428	17791429	0	0	0	0		121464056	0	0	0	0		111906968
18752428	7461171	0	0	0	0		107720808	0	0	0	0		103683535
18752428	6677293	0	0	0	0		102009435	0	0	0	0		106254146
18752428	21057006	0	0	0	0		104763967	0	0	0	0		107669430
18752428	18021634	0	0	0	0		121057931	0	0	0	0		108507448
18752428	13955186	0	0	0	0		104443671	0	0	0	0		108943239
18752428	16210652	0	0	0	0		108134619	0	0	0	0		99338767
18752428	14579476	0	0	0	0		97590210	0	0	0	0		104866867
18752428	7459221	0	0	0	0		85228006	0	0	0	0		108535357
18752428	18754874	0	0	0	0		111004897	0	0	0	0		98736617
18752428	35497190	0	0	0	0		105758638	0	0	0	0		117564862
18752428	9001623	0	0	0	0		98880022	0	0	0	0		103099824
18752428	15178444	0	0	0	0		107195797	0	0	0	0		104916329
18752426	19514897	14	93	0	0		99647554	14	93	0	0		126614345
18752426	16250137	14	93	3	3		121662435	14	93	8	3		125584043
18752426	18130267	14	93	0	0		99791590	14	93	0	0		104137771
18752426	18752428	14	93	0	0		96319362	14	93	0	0		125381037
18752426	18130598	14	93	0	0		104846790	14	93	0	0		121392107
18752426	14579088	14	93	2	2		113449066	14	93	5	2		120975744
18752426	18464147	14	93	2	1		127885252	14	93	12	1		130025175
18752426	41522043	14	93	1	1		177244806	14	93	6	1		121513817
18752426	14579494	14	93	5	2		119935348	14	93	18	2		120629828
18752426	15197179	14	93	15	4		115656346	14	93	30	4		140187164
18752426	16272469	14	93	15	4		131193928	14	93	33	4		114933926
18752426	16211076	14	93	0	0		105532760	14	93	0	0		125148968
18752426	16253106	14	93	8	4		123220947	14	93	23	4		116098111
18752426	14579493	14	93	0	0		112515980	14	93	0	0		127762787
18752426	49650310	14	93	4	4		122002539	14	93	9	4		125587244
18752426	7770986	14	93	12	5		125065871	14	93	30	5		117895754
18752426	17791429	14	93	4	4		128555414	14	93	9	4		125898866
18752426	7461171	14	93	7	5		103368082	14	93	20	5		191035004
18752426	6677293	14	93	5	3		111234696	14	93	14	3		105535007
18752426	21057006	14	93	2	2		126508223	14	93	8	2		122533802
18752426	18021634	14	93	1	1		108327245	14	93	3	1		107077537
18752426	13955186	14	93	2	2		113427601	14	93	8	2		117090374
18752426	16210652	14	93	0	0		116755455	14	93	0	0		104387622
18752426	14579476	14	93	3	2		117286965	14	93	6	2		115602932
18752426	7459221	14	93	0	0		99147699	14	93	0	0		116380298
18752426	18754874	14	93	9	3		130659648	14	93	21	3		102326592
18752426	35497190	14	93	2	2		140480677	14	93	8	2		117156714
18752426	9001623	14	93	2	2		109727062	14	93	8	2		128296816
18752426	15178444	14	93	16	3		121266299	14	93	33	3		110228288
18130598	19514897	0	0	0	0		96084282	0	0	0	0		102386965
18130598	16250137	0	0	0	0		116269097	0	0	0	0		105873133
18130598	18130267	0	0	0	0		107159625	0	0	0	0		96977826
18130598	18752428	0	0	0	0		95003784	0	0	0	0		110457547
18130598	18752426	0	0	0	0		95021170	0	0	0	0		103114399
18130598	14579088	0	0	0	0		96278339	0	0	0	0		86811683
18130598	18464147	0	0	0	0		96435935	0	0	0	0		100877814
18130598	41522043	0	0	0	0		101367047	0	0	0	0		103394148
18130598	14579494	0	0	0	0		92695219	0	0	0	0		115978865
18130598	15197179	0	0	0	0		96576816	0	0	0	0		99970600
18130598	16272469	0	0	0	0		110614272	0	0	0	0		110397250
18130598	16211076	0	0	0	0		96019078	0	0	0	0		90435905
18130598	16253106	0	0	0	0		94845116	0	0	0	0		102422744
18130598	14579493	0	0	0	0		107004463	0	0	0	0		112758363
18130598	49650310	0	0	0	0		95900723	0	0	0	0		120085918
18130598	7770986	0	0	0	0		103526486	0	0	0	0		110008945
18130598	17791429	0	0	0	0		93730966	0	0	0	0		115302482
18130598	7461171	0	0	0	0		95197017	0	0	0	0		108381596
18130598	6677293	0	0	0	0		119708183	0	0	0	0		93873176
18130598	21057006	0	0	0	0		102757510	0	0	0	0		112299564
18130598	18021634	0	0	0	0		106530902	0	0	0	0		93604510
18130598	13955186	0	0	0	0		125192440	0	0	0	0		114434608
18130598	16210652	0	0	0	0		94211433	0	0	0	0		108745399
18130598	14579476	0	0	0	0		98449949	0	0	0	0		104080318
18130598	7459221	0	0	0	0		102331402	0	0	0	0		99418682
18130598	18754874	0	0	0	0		170953244	0	0	0	0		94882397
18130598	35497190	0	0	0	0		106026022	0	0	0	0		91306714
18130598	9001623	0	0	0	0		111392625	0	0	0	0		105582103
18130598	15178444	0	0	0	0		111774352	0	0	0	0		125706218
14579088	19514897	14	93	0	0		115095381	14	93	0	0		129326447
14579088	16250137	14	93	3	3		120618612	14	93	8	3		113561203
14579088	18130267	14	93	0	0		117020943	14	93	0	0		121140502
14579088	18752428	14	93	0	0		118719420	14	93	0	0		106423494
14579088	18752426	14	93	2	2		117236397	14	93	5	2		126627240
14579088	18130598	14	93	0	0		109106561	14	93	0	0		125212685
14579088	18464147	14	93	2	1		117132427	14	93	12	1		142329587
14579088	41522043	14	93	1	1		121460565	14	93	6	1		117953792
14579088	14579494	14	93	5	2		120485337	14	93	18	2		118988617
14579088	15197179	14	93	15	4		125288449	14	93	30	4		113720082
14579088	16272469	14	93	15	4		118691033	14	93	33	4		122120238
14579088	16211076	14	93	0	0		117246987	14	93	0	0		134843241
14579088	16253106	14	93	8	4		150835622	14	93	23	4		116075443
14579088	14579493	14	93	0	0		112929785	14	93	0	0		103807855
14579088	49650310	14	93	4	4		130022138	14	93	9	4		125796553
14579088	7770986	14	93	12	5		120694851	14	93	30	5		120005572
14579088	17791429	14	93	4	4		109090831	14	93	9	4		113219025
14579088	7461171	14	93	7	5		114616661	14	93	20	5		117275815
14579088	6677293	14	93	5	3		122352691	14	93	14	3		126207463
14579088	21057006	14	93	2	2		155474726	14	93	8	2		111226298
14579088	18021634	14	93	1	1		123586020	14	93	3	1		124906938
14579088	13955186	14	93	2	2		120703318	14	93	8	2		118550670
14579088	16210652	14	93	0	0		113614149	14	93	0	0		115258213
14579088	14579476	14	93	3	2		111030208	14	93	6	2		111266775
14579088	7459221	14	93	0	0		100001563	14	93	0	0		114373190
14579088	18754874	14	93	9	3		133541625	14	93	21	3		121569555
14579088	35497190	14	93	2	2		108850626	14	93	8	2		115067671
14579088	9001623	14	93	2	2		154793430	14	93	8	2		129964942
14579088	15178444	14	93	16	3		125869500	14	93	33	3		110616216
18464147	19514897	17	48	0	0		103349207	17	78	0	0		120909683
18464147	16250137	17	48	4	3		132340116	17	78	10	3		116982441
18464147	18130267	17	48	0	0		103766489	17	78	0	0		115768859
18464147	18752428	17	48	0	0		101310163	17	78	0	0		109302925
18464147	18752426	17	48	1	1		120845452	17	78	3	1		104916565
18464147	18130598	17	48	0	0		114225698	17	78	0	0		113475933
18464147	14579088	17	48	1	1		118722262	17	78	3	1		115213153
18464147	41522043	17	48	2	2		104881836	17	78	7	2		121503302
18464147	14579494	17	48	6	3		123160508	17	78	19	3		124372015
18464147	15197179	17	48	11	5		112297537	17	78	20	5		116088245
18464147	16272469	17	48	10	4		115500518	17	78	23	4		113770452
18464147	16211076	17	48	0	0		113665652	17	78	0	0		113885907
18464147	16253106	17	48	6	3		128053885	17	78	16	3		123503326
18464147	14579493	17	48	0	0		117797176	17	78	0	0		111565669
18464147	49650310	17	48	3	3		113199776	17	78	9	3		117874832
18464147	7770986	17	48	9	3		125933678	17	78	22	3		125763308
18464147	17791429	17	48	3	3		109842786	17	78	9	3		113349437
18464147	7461171	17	48	5	3		120487345	17	78	17	3		120576428
18464147	6677293	17	48	5	4		111069066	17	78	14	4		111988652
18464147	21057006	17	48	3	3		140306772	17	78	9	3		117255954
18464147	18021634	17	48	1	1		114786817	17	78	2	1		120974919
18464147	13955186	17	48	3	3		121654773	17	78	9	3		140649546
18464147	16210652	17	48	0	0		109685892	17	78	0	0		110900968
18464147	14579476	17	48	3	2		116750553	17	78	7	2		113314271
18464147	7459221	17	48	0	0		116540240	17	78	0	0		129372596
18464147	18754874	17	48	8	3		127195580	17	78	20	3		111755734
18464147	35497190	17	48	3	3		160749522	17	78	9	3		123117231
18464147	9001623	17	48	3	3		116893818	17	78	9	3		178608089
18464147	15178444	17	48	11	3		120280015	17	78	27	3		119850229
41522043	19514897	9	30	0	0		142104988	9	30	0	0		110138469
41522043	16250137	9	30	2	2		110730737	9	30	4	2		126220056
41522043	18130267	9	30	0	0		115289399	9	30	0	0		107818632
41522043	18752428	9	30	0	0		114651952	9	30	0	0		133249263
41522043	18752426	9	30	1	1		118328254	9	30	1	1		121600752
41522043	18130598	9	30	0	0		111555685	9	30	0	0		112730804
41522043	14579088	9	30	1	1		120725099	9	30	1	1		131885411
41522043	18464147	9	30	2	1		158245567	9	30	6	1		114196432
41522043	14579494	9	30	4	2		122885769	9	30	8	2		108065629
41522043	15197179	9	30	5	2		114061997	9	30	6	2		114510007
41522043	16272469	9	30	5	2		112514596	9	30	8	2		121056029
41522043	16211076	9	30	0	0		105541951	9	30	0	0		110808609
41522043	16253106	9	30	3	2		112458362	9	30	6	2		120507945
41522043	14579493	9	30	0	0		96302246	9	30	0	0		155986103
41522043	49650310	9	30	2	2		114682567	9	30	4	2		110898042
41522043	7770986	9	30	5	2		129857972	9	30	8	2		136283023
41522043	17791429	9	30	2	2		130911762	9	30	4	2		154137782
41522043	7461171	9	30	4	2		125717422	9	30	7	2		134686708
41522043	6677293	9	30	3	2		116549894	9	30	6	2		123347366
41522043	21057006	9	30	3	3		117012366	9	30	4	3		162551028
41522043	18021634	9	30	1	1		130116618	9	30	1	1		122193665
41522043	13955186	9	30	3	3		104317907	9	30	4	3		124094914
41522043	16210652	9	30	0	0		103524253	9	30	0	0		100874100
41522043	14579476	9	30	2	1		125146469	9	30	3	1		121001220
41522043	7459221	9	30	0	0		112364284	9	30	0	0		115225559
41522043	18754874	9	30	6	2		129253435	9	30	8	2		101804462
41522043	35497190	9	30	3	3		121732053	9	30	4	3		137514048
41522043	9001623	9	30	3	3		136170483	9	30	4	3		118554041
41522043	15178444	9	30	8	3		120832524	9	30	11	3		109742313
14579494	19514897	38	137	0	0		120480965	38	196	0	0		106304284
14579494	16250137	38	137	6	3		132479886	38	196	20	3		127159815
14579494	18130267	38	137	0	0		124086468	38	196	0	0		116802444
14579494	18752428	38	137	0	0		109413973	38	196	0	0		116851724
14579494	18752426	38	137	4	4		125918984	38	196	10	4		111555118
14579494	18130598	38	137	0	0		118389099	38	196	0	0		136696873
14579494	14579088	38	137	4	4		208170979	38	196	10	4		107699851
14579494	18464147	38	137	4	2		117315137	38	196	28	2		228713111
14579494	41522043	38	137	2	2		277878376	38	196	14	2		241744383
14579494	15197179	38	137	29	6		125732400	38	196	59	6		122001355
14579494	16272469	38	137	28	8		125094085	38	196	64	8		123390227
14579494	16211076	38	137	0	0		138909423	38	196	0	0		118536783
14579494	16253106	38	137	16	6		168786462	38	196	44	6		136688780
14579494	14579493	38	137	0	0		147978951	38	196	0	0		109169892
14579494	49650310	38	137	7	5		120958596	38	196	21	5		129872640
14579494	7770986	38	137	24	5		205583507	38	196	60	5		116526953
14579494	17791429	38	137	6	4		123248007	38	196	20	4		129084650
14579494	7461171	38	137	13	4		173313214	38	196	41	4		178817579
14579494	6677293	38	137	9	5		142011809	38	196	32	5		174087202
14579494	21057006	38	137	3	3		122422781	38	196	19	3		128567978
14579494	18021634	38	137	2	2		129357558	38	196	5	2		180668170
14579494	13955186	38	137	3	3		130977169	38	196	19	3		149185522
14579494	16210652	38	137	0	0		114446910	38	196	0	0		129518572
14579494	14579476	38	137	4	2		131320688	38	196	14	2		135128443
14579494	7459221	38	137	0	0		126401877	38	196	0	0		130132962
14579494	18754874	38	137	14	3		135287901	38	196	46	3		138420532
14579494	35497190	38	137	3	3		126023910	38	196	19	3		143288474
14579494	9001623	38	137	3	3		122926974	38	196	19	3		144390034
14579494	15178444	38	137	21	3		139669402	38	196	69	3		140125157
15197179	19514897	0	0	0	0		104162895	0	0	0	0		111452191
15197179	16250137	0	0	0	0		138848783	0	0	0	0		134939285
15197179	18130267	0	0	0	0		120516168	0	0	0	0		113801345
15197179	18752428	0	0	0	0		109916469	0	0	0	0		128053877
15197179	18752426	0	0	0	0		116089468	0	0	0	0		119377647
15197179	18130598	0	0	0	0		127459632	0	0	0	0		138063972
15197179	14579088	0	0	0	0		110898406	0	0	0	0		106553646
15197179	18464147	0	0	0	0		134870054	0	0	0	0		111598110
15197179	41522043	0	0	0	0		116152643	0	0	0	0		109730527
15197179	14579494	0	0	0	0		110605365	0	0	0	0		127167687
15197179	16272469	0	0	0	0		127868168	0	0	0	0		123251429
15197179	16211076	0	0	0	0		135182394	0	0	0	0		97129437
15197179	16253106	0	0	0	0		111774833	0	0	0	0		128192938
15197179	14579493	0	0	0	0		120506640	0	0	0	0		125441794
15197179	49650310	0	0	0	0		117950191	0	0	0	0		110303033
15197179	7770986	0	0	0	0		114984072	0	0	0	0		122352207
15197179	17791429	0	0	0	0		122241111	0	0	0	0		106645296
15197179	7461171	0	0	0	0		139164529	0	0	0	0		132186013
15197179	6677293	0	0	0	0		125942205	0	0	0	0		126047927
15197179	21057006	0	0	0	0		261507830	0	0	0	0		439337799
15197179	18021634	0	0	0	0		186203405	0	0	0	0		385741997
15197179	13955186	0	0	0	0		114855675	0	0	0	0		156896941
15197179	16210652	0	0	0	0		203699901	0	0	0	0		139748606
15197179	14579476	0	0	0	0		133378917	0	0	0	0		124302198
15197179	7459221	0	0	0	0		131280136	0	0	0	0		153364516
15197179	18754874	0	0	0	0		164217339	0	0	0	0		137863285
15197179	35497190	0	0	0	0		141348345	0	0	0	0		128292773
15197179	9001623	0	0	0	0		121018592	0	0	0	0		112950890
15197179	15178444	0	0	0	0		114607036	0	0	0	0		146184476
16272469	19514897	0	0	0	0		135630201	0	0	0	0		111929129
16272469	16250137	0	0	0	0		106587359	0	0	0	0		117289284
16272469	18130267	0	0	0	0		120998770	0	0	0	0		110978578
16272469	18752428	0	0	0	0		116974782	0	0	0	0		114677332
16272469	18752426	0	0	0	0		122662471	0	0	0	0		106496947
16272469	18130598	0	0	0	0		105495966	0	0	0	0		105298356
16272469	14579088	0	0	0	0		125178366	0	0	0	0		121333573
16272469	18464147	0	0	0	0		115814646	0	0	0	0		109972274
16272469	41522043	0	0	0	0		123400436	0	0	0	0		127435011
16272469	14579494	0	0	0	0		103769871	0	0	0	0		116048906
16272469	15197179	0	0	0	0		135060580	0	0	0	0		103385719
16272469	16211076	0	0	0	0		117111196	0	0	0	0		113302011
16272469	16253106	0	0	0	0		117052544	0	0	0	0		107259449
16272469	14579493	0	0	0	0		109174204	0	0	0	0		106791890
16272469	49650310	0	0	0	0		130829974	0	0	0	0		129300155
16272469	7770986	0	0	0	0		106929632	0	0	0	0		109215925
16272469	17791429	0	0	0	0		116921116	0	0	0	0		116393343
16272469	7461171	0	0	0	0		109446959	0	0	0	0		129371421
16272469	6677293	0	0	0	0		120658367	0	0	0	0		109446342
16272469	21057006	0	0	0	0		118193291	0	0	0	0		110410012
16272469	18021634	0	0	0	0		111948407	0	0	0	0		113183895
16272469	13955186	0	0	0	0		120493346	0	0	0	0		118438666
16272469	16210652	0	0	0	0		124257430	0	0	0	0		110872981
16272469	14579476	0	0	0	0		134954157	0	0	0	0		123478279
16272469	7459221	0	0	0	0		112429709	0	0	0	0		125912706
16272469	18754874	0	0	0	0		131751395	0	0	0	0		125151970
16272469	35497190	0	0	0	0		272355555	0	0	0	0		113872446
16272469	9001623	0	0	0	0		121459953	0	0	0	0		114121824
16272469	15178444	0	0	0	0		116296333	0	0	0	0		139874710
16211076	19514897	0	0	0	0		99600871	0	0	0	0		108964991
16211076	16250137	0	0	0	0		104531869	0	0	0	0		102569877
16211076	18130267	0	0	0	0		108332456	0	0	0	0		110279351
16211076	18752428	0	0	0	0		93102820	0	0	0	0		96296777
16211076	18752426	0	0	0	0		93074882	0	0	0	0		103080596
16211076	18130598	0	0	0	0		92925309	0	0	0	0		100514322
16211076	14579088	0	0	0	0		99749810	0	0	0	0		104990830
16211076	18464147	0	0	0	0		97884271	0	0	0	0		101238133
16211076	41522043	0	0	0	0		105291421	0	0	0	0		102756174
16211076	14579494	0	0	0	0		101710757	0	0	0	0		101656295
16211076	15197179	0	0	0	0		126008782	0	0	0	0		114952912
16211076	16272469	0	0	0	0		85450861	0	0	0	0		137090319
16211076	16253106	0	0	0	0		114168801	0	0	0	0		104068750
16211076	14579493	0	0	0	0		109503275	0	0	0	0		113450215
16211076	49650310	0	0	0	0		97221523	0	0	0	0		106653642
16211076	7770986	0	0	0	0		116899563	0	0	0	0		114466698
16211076	17791429	0	0	0	0		105188687	0	0	0	0		122663555
16211076	7461171	0	0	0	0		121255473	0	0	0	0		200481307
16211076	6677293	0	0	0	0		115726107	0	0	0	0		114345882
16211076	21057006	0	0	0	0		116471016	0	0	0	0		111289833
16211076	18021634	0	0	0	0		119595291	0	0	0	0		101244699
16211076	13955186	0	0	0	0		96719520	0	0	0	0		104375648
16211076	16210652	0	0	0	0		115661256	0	0	0	0		92835626
16211076	14579476	0	0	0	0		106584259	0	0	0	0		114133191
16211076	7459221	0	0	0	0		97103541	0	0	0	0		103710604
16211076	18754874	0	0	0	0		107547597	0	0	0	0		102881513
16211076	35497190	0	0	0	0		98855114	0	0	0	0		108902942
16211076	9001623	0	0	0	0		110727997	0	0	0	0		105352848
16211076	15178444	0	0	0	0		110763443	0	0	0	0		103434465
16253106	19514897	0	0	0	0		90737107	0	0	0	0		104057882
16253106	16250137	0	0	0	0		102021116	0	0	0	0		106832753
16253106	18130267	0	0	0	0		103824647	0	0	0	0		113768756
16253106	18752428	0	0	0	0		98922127	0	0	0	0		108433016
16253106	18752426	0	0	0	0		109247099	0	0	0	0		152978455
16253106	18130598	0	0	0	0		107644255	0	0	0	0		98106691
16253106	14579088	0	0	0	0		102961892	0	0	0	0		111226348
16253106	18464147	0	0	0	0		98501421	0	0	0	0		108172468
16253106	41522043	0	0	0	0		109892842	0	0	0	0		125273191
16253106	14579494	0	0	0	0		120876352	0	0	0	0		114267986
16253106	15197179	0	0	0	0		105343667	0	0	0	0		109161492
16253106	16272469	0	0	0	0		114803027	0	0	0	0		121526582
16253106	16211076	0	0	0	0		108376772	0	0	0	0		104171302
16253106	14579493	0	0	0	0		278044227	0	0	0	0		105634505
16253106	49650310	0	0	0	0		96921809	0	0	0	0		115058677
16253106	7770986	0	0	0	0		109032134	0	0	0	0		109604736
16253106	17791429	0	0	0	0		120463941	0	0	0	0		119238960
16253106	7461171	0	0	0	0		106849975	0	0	0	0		118403999
16253106	6677293	0	0	0	0		108299472	0	0	0	0		115960256
16253106	21057006	0	0	0	0		102663784	0	0	0	0		108291756
16253106	18021634	0	0	0	0		120678019	0	0	0	0		100874144
16253106	13955186	0	0	0	0		102926947	0	0	0	0		99548299
16253106	16210652	0	0	0	0		106424605	0	0	0	0		367774962
16253106	14579476	0	0	0	0		103258887	0	0	0	0		109117553
16253106	7459221	0	0	0	0		95075511	0	0	0	0		96919319
16253106	18754874	0	0	0	0		110407543	0	0	0	0		106002983
16253106	35497190	0	0	0	0		125477487	0	0	0	0		108854627
16253106	9001623	0	0	0	0		109784903	0	0	0	0		105023394
16253106	15178444	0	0	0	0		107391343	0	0	0	0		120598807
14579493	19514897	0	0	0	0		94015104	0	0	0	0		114748861
14579493	16250137	0	0	0	0		121239283	0	0	0	0		106349113
14579493	18130267	0	0	0	0		102924398	0	0	0	0		114091229
14579493	18752428	0	0	0	0		111032852	0	0	0	0		111089550
14579493	18752426	0	0	0	0		115291387	0	0	0	0		172224959
14579493	18130598	0	0	0	0		113891980	0	0	0	0		144921858
14579493	14579088	0	0	0	0		115730590	0	0	0	0		98546080
14579493	18464147	0	0	0	0		98751399	0	0	0	0		117698293
14579493	41522043	0	0	0	0		108988890	0	0	0	0		85807132
14579493	14579494	0	0	0	0		106432858	0	0	0	0		110260115
14579493	15197179	0	0	0	0		106600964	0	0	0	0		98613329
14579493	16272469	0	0	0	0		93760881	0	0	0	0		106254678
14579493	16211076	0	0	0	0		97944448	0	0	0	0		92404104
14579493	16253106	0	0	0	0		106806864	0	0	0	0		110779856
14579493	49650310	0	0	0	0		110022506	0	0	0	0		117780392
14579493	7770986	0	0	0	0		112037959	0	0	0	0		108771541
14579493	17791429	0	0	0	0		97497254	0	0	0	0		116494168
14579493	7461171	0	0	0	0		124814353	0	0	0	0		133275708
14579493	6677293	0	0	0	0		445933555	0	0	0	0		272586224
14579493	21057006	0	0	0	0		286786356	0	0	0	0		285289326
14579493	18021634	0	0	0	0		104613029	0	0	0	0		103579382
14579493	13955186	0	0	0	0		215746344	0	0	0	0		105645580
14579493	16210652	0	0	0	0		102741665	0	0	0	0		100744850
14579493	14579476	0	0	0	0		100697198	0	0	0	0		118449958
14579493	7459221	0	0	0	0		90848225	0	0	0	0		92327939
14579493	18754874	0	0	0	0		94930345	0	0	0	0		116930018
14579493	35497190	0	0	0	0		96603165	0	0	0	0		106916788
14579493	9001623	0	0	0	0		107306349	0	0	0	0		113524679
14579493	15178444	0	0	0	0		107893041	0	0	0	0		121519077
49650310	19514897	0	0	0	0		111806471	0	0	0	0		111276795
49650310	16250137	0	0	0	0		111041621	0	0	0	0		115858703
49650310	18130267	0	0	0	0		125954357	0	0	0	0		116511508
49650310	18752428	0	0	0	0		106042225	0	0	0	0		120711251
49650310	18752426	0	0	0	0		115944347	0	0	0	0		124446024
49650310	18130598	0	0	0	0		118725114	0	0	0	0		98242885
49650310	14579088	0	0	0	0		134258760	0	0	0	0		112001841
49650310	18464147	0	0	0	0		141130488	0	0	0	0		111832899
49650310	41522043	0	0	0	0		106069285	0	0	0	0		116448044
49650310	14579494	0	0	0	0		128623797	0	0	0	0		100772328
49650310	15197179	0	0	0	0		100870524	0	0	0	0		117535138
49650310	16272469	0	0	0	0		119267982	0	0	0	0		97477409
49650310	16211076	0	0	0	0		114271076	0	0	0	0		109480855
49650310	16253106	0	0	0	0		113460877	0	0	0	0		115446119
49650310	14579493	0	0	0	0		137686467	0	0	0	0		192952457
49650310	7770986	0	0	0	0		123080435	0	0	0	0		209797658
49650310	17791429	0	0	0	0		138924029	0	0	0	0		110417465
49650310	7461171	0	0	0	0		120563772	0	0	0	0		119248774
49650310	6677293	0	0	0	0		130266115	0	0	0	0		114684169
49650310	21057006	0	0	0	0		104184180	0	0	0	0		114974439
49650310	18021634	0	0	0	0		102849966	0	0	0	0		104277692
49650310	13955186	0	0	0	0		101411814	0	0	0	0		111076912
49650310	16210652	0	0	0	0		97642481	0	0	0	0		113686441
49650310	14579476	0	0	0	0		114736364	0	0	0	0		123316475
49650310	7459221	0	0	0	0		99442419	0	0	0	0		102723934
49650310	18754874	0	0	0	0		94593534	0	0	0	0		105936289
49650310	35497190	0	0	0	0		116667727	0	0	0	0		107702919
49650310	9001623	0	0	0	0		107666467	0	0	0	0		112457218
49650310	15178444	0	0	0	0		102483798	0	0	0	0		112094856
7770986	19514897	0	0	0	0		92271857	0	0	0	0		111145498
7770986	16250137	0	0	0	0		172634451	0	0	0	0		210870523
7770986	18130267	0	0	0	0		126704923	0	0	0	0		176671507
7770986	18752428	0	0	0	0		156947416	0	0	0	0		174099956
7770986	18752426	0	0	0	0		167845312	0	0	0	0		338778960
7770986	18130598	0	0	0	0		159911001	0	0	0	0		198588887
7770986	14579088	0	0	0	0		167791984	0	0	0	0		127724654
7770986	18464147	0	0	0	0		126119460	0	0	0	0		144395242
7770986	41522043	0	0	0	0		129913919	0	0	0	0		120671760
7770986	14579494	0	0	0	0		141146322	0	0	0	0		128418086
7770986	15197179	0	0	0	0		158184325	0	0	0	0		131274113
7770986	16272469	0	0	0	0		198049482	0	0	0	0		128002626
7770986	16211076	0	0	0	0		198753344	0	0	0	0		111291101
7770986	16253106	0	0	0	0		138240607	0	0	0	0		128173807
7770986	14579493	0	0	0	0		180421512	0	0	0	0		132886305
7770986	49650310	0	0	0	0		118136220	0	0	0	0		146132947
7770986	17791429	0	0	0	0		135878059	0	0	0	0		141641720
7770986	7461171	0	0	0	0		195539260	0	0	0	0		179767658
7770986	6677293	0	0	0	0		134017630	0	0	0	0		137873483
7770986	21057006	0	0	0	0		127969265	0	0	0	0		135318292
7770986	18021634	0	0	0	0		134407615	0	0	0	0		139553115
7770986	13955186	0	0	0	0		130920658	0	0	0	0		112747334
7770986	16210652	0	0	0	0		135442287	0	0	0	0		149484373
7770986	14579476	0	0	0	0		134053459	0	0	0	0		135674704
7770986	7459221	0	0	0	0		133824451	0	0	0	0		140191569
7770986	18754874	0	0	0	0		138170940	0	0	0	0		136245657
7770986	35497190	0	0	0	0		143906734	0	0	0	0		133334424
7770986	9001623	0	0	0	0		149967127	0	0	0	0		122313648
7770986	15178444	0	0	0	0		139451737	0	0	0	0		147401891
17791429	19514897	0	0	0	0		116941242	0	0	0	0		123820868
17791429	16250137	0	0	0	0		152318159	0	0	0	0		127032125
17791429	18130267	0	0	0	0		123621106	0	0	0	0		113445010
17791429	18752428	0	0	0	0		208050453	0	0	0	0		116390718
17791429	18752426	0	0	0	0		171374398	0	0	0	0		149523719
17791429	18130598	0	0	0	0		126758611	0	0	0	0		141282241
17791429	14579088	0	0	0	0		161909657	0	0	0	0		145539669
17791429	18464147	0	0	0	0		111665742	0	0	0	0		127569843
17791429	41522043	0	0	0	0		148801658	0	0	0	0		128459967
17791429	14579494	0	0	0	0		132906641	0	0	0	0		136574971
17791429	15197179	0	0	0	0		143456079	0	0	0	0		149584606
17791429	16272469	0	0	0	0		140564661	0	0	0	0		129102775
17791429	16211076	0	0	0	0		122735191	0	0	0	0		136010124
17791429	16253106	0	0	0	0		148831483	0	0	0	0		150561987
17791429	14579493	0	0	0	0		125090609	0	0	0	0		122676230
17791429	49650310	0	0	0	0		135775881	0	0	0	0		126707214
17791429	7770986	0	0	0	0		143387896	0	0	0	0		140354314
17791429	7461171	0	0	0	0		132505452	0	0	0	0		132636057
17791429	6677293	0	0	0	0		126217915	0	0	0	0		131576272
17791429	21057006	0	0	0	0		136404866	0	0	0	0		120083167
17791429	18021634	0	0	0	0		123383534	0	0	0	0		119783432
17791429	13955186	0	0	0	0		126675354	0	0	0	0		127683826
17791429	16210652	0	0	0	0		123405939	0	0	0	0		153538785
17791429	14579476	0	0	0	0		139226982	0	0	0	0		129634612
17791429	7459221	0	0	0	0		135314412	0	0	0	0		141169467
17791429	18754874	0	0	0	0		124427852	0	0	0	0		161119342
17791429	35497190	0	0	0	0		126262281	0	0	0	0		136509145
17791429	9001623	0	0	0	0		135039223	0	0	0	0		138139799
17791429	15178444	0	0	0	0		145132322	0	0	0	0		151642123
7461171	19514897	0	0	0	0		121151380	0	0	0	0		115448459
7461171	16250137	0	0	0	0		132226196	0	0	0	0		125355661
7461171	18130267	0	0	0	0		115713202	0	0	0	0		143447737
7461171	18752428	0	0	0	0		133610511	0	0	0	0		117865326
7461171	18752426	0	0	0	0		119912315	0	0	0	0		152699739
7461171	18130598	0	0	0	0		125172493	0	0	0	0		113433288
7461171	14579088	0	0	0	0		139074119	0	0	0	0		126329179
7461171	18464147	0	0	0	0		125967626	0	0	0	0		121499248
7461171	41522043	0	0	0	0		144851877	0	0	0	0		147253961
7461171	14579494	0	0	0	0		135189828	0	0	0	0		135739256
7461171	15197179	0	0	0	0		120200941	0	0	0	0		128298841
7461171	16272469	0	0	0	0		134136462	0	0	0	0		155280870
7461171	16211076	0	0	0	0		132835572	0	0	0	0		128187375
7461171	16253106	0	0	0	0		160270560	0	0	0	0		161056576
7461171	14579493	0	0	0	0		120131677	0	0	0	0		133673863
7461171	49650310	0	0	0	0		135335544	0	0	0	0		115818770
7461171	7770986	0	0	0	0		144810824	0	0	0	0		122940613
7461171	17791429	0	0	0	0		136701049	0	0	0	0		197732510
7461171	6677293	0	0	0	0		124479318	0	0	0	0		169336353
7461171	21057006	0	0	0	0		114987261	0	0	0	0		148490236
7461171	18021634	0	0	0	0		150958046	0	0	0	0		123441593
7461171	13955186	0	0	0	0		120385433	0	0	0	0		125586811
7461171	16210652	0	0	0	0		141658060	0	0	0	0		123400606
7461171	14579476	0	0	0	0		134739869	0	0	0	0		125559586
7461171	7459221	0	0	0	0		127319142	0	0	0	0		149456213
7461171	18754874	0	0	0	0		137460729	0	0	0	0		131394120
7461171	35497190	0	0	0	0		126600244	0	0	0	0		125553833
7461171	9001623	0	0	0	0		226951295	0	0	0	0		135007381
7461171	15178444	0	0	0	0		135596864	0	0	0	0		161704543
6677293	19514897	0	0	0	0		124327014	0	0	0	0		130862779
6677293	16250137	0	0	0	0		122275265	0	0	0	0		103994821
6677293	18130267	0	0	0	0		142604450	0	0	0	0		130252799
6677293	18752428	0	0	0	0		163061606	0	0	0	0		142873378
6677293	18752426	0	0	0	0		144691381	0	0	0	0		123778879
6677293	18130598	0	0	0	0		128283151	0	0	0	0		113285484
6677293	14579088	0	0	0	0		141588567	0	0	0	0		143596715
6677293	18464147	0	0	0	0		121761399	0	0	0	0		144436006
6677293	41522043	0	0	0	0		125004651	0	0	0	0		143327085
6677293	14579494	0	0	0	0		123154624	0	0	0	0		132636957
6677293	15197179	0	0	0	0		151742676	0	0	0	0		154212886
6677293	16272469	0	0	0	0		140897532	0	0	0	0		134733265
6677293	16211076	0	0	0	0		134447808	0	0	0	0		106658748
6677293	16253106	0	0	0	0		145067581	0	0	0	0		138728883
6677293	14579493	0	0	0	0		109990945	0	0	0	0		204465775
6677293	49650310	0	0	0	0		138567725	0	0	0	0		146151351
6677293	7770986	0	0	0	0		135652731	0	0	0	0		123622301
6677293	17791429	0	0	0	0		127247217	0	0	0	0		132158154
6677293	7461171	0	0	0	0		126595457	0	0	0	0		120331833
6677293	21057006	0	0	0	0		128628549	0	0	0	0		118257147
6677293	18021634	0	0	0	0		119378268	0	0	0	0		114725005
6677293	13955186	0	0	0	0		130034672	0	0	0	0		128229989
6677293	16210652	0	0	0	0		143926341	0	0	0	0		134589797
6677293	14579476	0	0	0	0		139305485	0	0	0	0		152123243
6677293	7459221	0	0	0	0		135862421	0	0	0	0		128768408
6677293	18754874	0	0	0	0		143611545	0	0	0	0		160309443
6677293	35497190	0	0	0	0		146630484	0	0	0	0		215440634
6677293	9001623	0	0	0	0		157797331	0	0	0	0		123714552
6677293	15178444	0	0	0	0		138958997	0	0	0	0		131581834
21057006	19514897	0	0	0	0		137852031	0	0	0	0		123686393
21057006	16250137	0	0	0	0		125493056	0	0	0	0		134409180
21057006	18130267	0	0	0	0		153540944	0	0	0	0		134739142
21057006	18752428	0	0	0	0		135413414	0	0	0	0		144490372
21057006	18752426	0	0	0	0		127767425	0	0	0	0		129231578
21057006	18130598	0	0	0	0		154000446	0	0	0	0		104287182
21057006	14579088	0	0	0	0		166676772	0	0	0	0		136373397
21057006	18464147	0	0	0	0		132955152	0	0	0	0		109230076
21057006	41522043	0	0	0	0		126652576	0	0	0	0		141995774
21057006	14579494	0	0	0	0		141207355	0	0	0	0		317125546
21057006	15197179	0	0	0	0		134620955	0	0	0	0		149877292
21057006	16272469	0	0	0	0		143703676	0	0	0	0		225688502
21057006	16211076	0	0	0	0		216258672	0	0	0	0		114919253
21057006	16253106	0	0	0	0		145706430	0	0	0	0		148101504
21057006	14579493	0	0	0	0		156558955	0	0	0	0		122706516
21057006	49650310	0	0	0	0		135798609	0	0	0	0		140907581
21057006	7770986	0	0	0	0		120534484	0	0	0	0		164111509
21057006	17791429	0	0	0	0		119080519	0	0	0	0		116456233
21057006	7461171	0	0	0	0		142552889	0	0	0	0		136124238
21057006	6677293	0	0	0	0		121945426	0	0	0	0		139872760
21057006	18021634	0	0	0	0		131277800	0	0	0	0		121591737
21057006	13955186	0	0	0	0		124057474	0	0	0	0		145746761
21057006	16210652	0	0	0	0		110354457	0	0	0	0		111447199
21057006	14579476	0	0	0	0		144947968	0	0	0	0		118752945
21057006	7459221	0	0	0	0		136727574	0	0	0	0		148296938
21057006	18754874	0	0	0	0		148602655	0	0	0	0		146642964
21057006	35497190	0	0	0	0		153830525	0	0	0	0		136607828
21057006	9001623	0	0	0	0		123655421	0	0	0	0		156481105
21057006	15178444	0	0	0	0		147033927	0	0	0	0		137034684
18021634	19514897	0	0	0	0		137145518	0	0	0	0		146156267
18021634	16250137	0	0	0	0		139017686	0	0	0	0		119614284
18021634	18130267	0	0	0	0		119555473	0	0	0	0		127343701
18021634	18752428	0	0	0	0		147256410	0	0	0	0		142012420
18021634	18752426	0	0	0	0		148061331	0	0	0	0		130108120
18021634	18130598	0	0	0	0		136963974	0	0	0	0		123889888
18021634	14579088	0	0	0	0		128857152	0	0	0	0		171496533
18021634	18464147	0	0	0	0		160568847	0	0	0	0		139167862
18021634	41522043	0	0	0	0		169668946	0	0	0	0		189472834
18021634	14579494	0	0	0	0		186312154	0	0	0	0		156030849
18021634	15197179	0	0	0	0		307384975	0	0	0	0		135747625
18021634	16272469	0	0	0	0		156756715	0	0	0	0		162090340
18021634	16211076	0	0	0	0		138366879	0	0	0	0		237755696
18021634	16253106	0	0	0	0		184930672	0	0	0	0		131979173
18021634	14579493	0	0	0	0		123417915	0	0	0	0		113179307
18021634	49650310	0	0	0	0		102992337	0	0	0	0		120989927
18021634	7770986	0	0	0	0		104190535	0	0	0	0		121856097
18021634	17791429	0	0	0	0		113395801	0	0	0	0		135064575
18021634	7461171	0	0	0	0		124408666	0	0	0	0		113622836
18021634	6677293	0	0	0	0		104021860	0	0	0	0		101891446
18021634	21057006	0	0	0	0		100422748	0	0	0	0		118906218
18021634	13955186	0	0	0	0		97473714	0	0	0	0		116108568
18021634	16210652	0	0	0	0		87297114	0	0	0	0		109031218
18021634	14579476	0	0	0	0		101569189	0	0	0	0		98587294
18021634	7459221	0	0	0	0		114396881	0	0	0	0		110159999
18021634	18754874	0	0	0	0		113036856	0	0	0	0		109225144
18021634	35497190	0	0	0	0		116407335	0	0	0	0		109176281
18021634	9001623	0	0	0	0		130329548	0	0	0	0		111935578
18021634	15178444	0	0	0	0		108697054	0	0	0	0		110145138
13955186	19514897	0	0	0	0		103956193	0	0	0	0		101207848
13955186	16250137	0	0	0	0		104239731	0	0	0	0		105502708
13955186	18130267	0	0	0	0		104828301	0	0	0	0		110483351
13955186	18752428	0	0	0	0		102204541	0	0	0	0		110206839
13955186	18752426	0	0	0	0		113675413	0	0	0	0		118075758
13955186	18130598	0	0	0	0		119974910	0	0	0	0		99429426
13955186	14579088	0	0	0	0		104600396	0	0	0	0		112208679
13955186	18464147	0	0	0	0		117314315	0	0	0	0		107528434
13955186	41522043	0	0	0	0		105395482	0	0	0	0		115615629
13955186	14579494	0	0	0	0		116430047	0	0	0	0		100091561
13955186	15197179	0	0	0	0		128642591	0	0	0	0		119871615
13955186	16272469	0	0	0	0		102405995	0	0	0	0		112231223
13955186	16211076	0	0	0	0		125143529	0	0	0	0		109209469
13955186	16253106	0	0	0	0		119577376	0	0	0	0		113193005
13955186	14579493	0	0	0	0		99070988	0	0	0	0		91742271
13955186	49650310	0	0	0	0		106674401	0	0	0	0		107735475
13955186	7770986	0	0	0	0		100890515	0	0	0	0		128966495
13955186	17791429	0	0	0	0		102060660	0	0	0	0		101578734
13955186	7461171	0	0	0	0		108320591	0	0	0	0		105056140
13955186	6677293	0	0	0	0		111766494	0	0	0	0		102487926
13955186	21057006	0	0	0	0		91188239	0	0	0	0		114018451
13955186	18021634	0	0	0	0		101999207	0	0	0	0		109582439
13955186	16210652	0	0	0	0		114852694	0	0	0	0		111876105
13955186	14579476	0	0	0	0		119687477	0	0	0	0		106245885
13955186	7459221	0	0	0	0		95578892	0	0	0	0		103954491
13955186	18754874	0	0	0	0		112419209	0	0	0	0		124586879
13955186	35497190	0	0	0	0		114004145	0	0	0	0		104273248
13955186	9001623	0	0	0	0		105589218	0	0	0	0		114016377
13955186	15178444	0	0	0	0		129671573	0	0	0	0		108619655
16210652	19514897	0	0	0	0		104416060	0	0	0	0		105730199
16210652	16250137	0	0	0	0		104110098	0	0	0	0		105634272
16210652	18130267	0	0	0	0		105761382	0	0	0	0		96587958
16210652	18752428	0	0	0	0		93455652	0	0	0	0		104942294
16210652	18752426	0	0	0	0		91012986	0	0	0	0		100054318
16210652	18130598	0	0	0	0		139377915	0	0	0	0		97906559
16210652	14579088	0	0	0	0		106325738	0	0	0	0		98093836
16210652	18464147	0	0	0	0		95778815	0	0	0	0		104847312
16210652	41522043	0	0	0	0		109222780	0	0	0	0		98164713
16210652	14579494	0	0	0	0		103769017	0	0	0	0		108121217
16210652	15197179	0	0	0	0		111731810	0	0	0	0		110741177
16210652	16272469	0	0	0	0		125588891	0	0	0	0		107515125
16210652	16211076	0	0	0	0		106223917	0	0	0	0		92933152
16210652	16253106	0	0	0	0		97775059	0	0	0	0		113653134
16210652	14579493	0	0	0	0		100671321	0	0	0	0		103674771
16210652	49650310	0	0	0	0		99092591	0	0	0	0		102688644
16210652	7770986	0	0	0	0		96812795	0	0	0	0		97734513
16210652	17791429	0	0	0	0		106409834	0	0	0	0		91662672
16210652	7461171	0	0	0	0		131404141	0	0	0	0		108783900
16210652	6677293	0	0	0	0		105818579	0	0	0	0		110294164
16210652	21057006	0	0	0	0		116656150	0	0	0	0		101422471
16210652	18021634	0	0	0	0		98177920	0	0	0	0		97949477
16210652	13955186	0	0	0	0		108957549	0	0	0	0		120033677
16210652	14579476	0	0	0	0		101113733	0	0	0	0		108674283
16210652	7459221	0	0	0	0		96381827	0	0	0	0		111484000
16210652	18754874	0	0	0	0		111895272	0	0	0	0		95284854
16210652	35497190	0	0	0	0		101847424	0	0	0	0		103118144
16210652	9001623	0	0	0	0		109051836	0	0	0	0		103139368
16210652	15178444	0	0	0	0		202783875	0	0	0	0		118553603
14579476	19514897	0	0	0	0		119640977	0	0	0	0		96360989
14579476	16250137	0	0	0	0		103363763	0	0	0	0		94934029
14579476	18130267	0	0	0	0		122466487	0	0	0	0		116856762
14579476	18752428	0	0	0	0		105458324	0	0	0	0		108348604
14579476	18752426	0	0	0	0		115145660	0	0	0	0		110905203
14579476	18130598	0	0	0	0		131851847	0	0	0	0		93150679
14579476	14579088	0	0	0	0		111158994	0	0	0	0		114892470
14579476	18464147	0	0	0	0		114514445	0	0	0	0		113876589
14579476	41522043	0	0	0	0		114190160	0	0	0	0		110922070
14579476	14579494	0	0	0	0		95608302	0	0	0	0		125792445
14579476	15197179	0	0	0	0		116198950	0	0	0	0		116028074
14579476	16272469	0	0	0	0		99490211	0	0	0	0		120745044
14579476	16211076	0	0	0	0		106321989	0	0	0	0		101580626
14579476	16253106	0	0	0	0		219933797	0	0	0	0		144930460
14579476	14579493	0	0	0	0		118976246	0	0	0	0		104405605
14579476	49650310	0	0	0	0		127657401	0	0	0	0		100609286
14579476	7770986	0	0	0	0		107647144	0	0	0	0		103905089
14579476	17791429	0	0	0	0		99726300	0	0	0	0		116086976
14579476	7461171	0	0	0	0		117882338	0	0	0	0		115535790
14579476	6677293	0	0	0	0		102193634	0	0	0	0		122074552
14579476	21057006	0	0	0	0		131066470	0	0	0	0		108732563
14579476	18021634	0	0	0	0		106773688	0	0	0	0		99907050
14579476	13955186	0	0	0	0		108378227	0	0	0	0		100488080
14579476	16210652	0	0	0	0		109216065	0	0	0	0		106265639
14579476	7459221	0	0	0	0		92481494	0	0	0	0		118053596
14579476	18754874	0	0	0	0		114891266	0	0	0	0		102935919
14579476	35497190	0	0	0	0		96906546	0	0	0	0		110514333
14579476	9001623	0	0	0	0		106832563	0	0	0	0		110196820
14579476	15178444	0	0	0	0		102175768	0	0	0	0		106190949
7459221	19514897	0	0	0	0		106367222	0	0	0	0		110431065
7459221	16250137	0	0	0	0		82300139	0	0	0	0		125536581
7459221	18130267	0	0	0	0		97765875	0	0	0	0		94086873
7459221	18752428	0	0	0	0		109139453	0	0	0	0		104919625
7459221	18752426	0	0	0	0		102876760	0	0	0	0		95078283
7459221	18130598	0	0	0	0		94019472	0	0	0	0		103731998
7459221	14579088	0	0	0	0		96041385	0	0	0	0		123281097
7459221	18464147	0	0	0	0		100129183	0	0	0	0		165864877
7459221	41522043	0	0	0	0		107237561	0	0	0	0		105212834
7459221	14579494	0	0	0	0		104961520	0	0	0	0		90418403
7459221	15197179	0	0	0	0		105559083	0	0	0	0		111515645
7459221	16272469	0	0	0	0		97802221	0	0	0	0		109993552
7459221	16211076	0	0	0	0		102323980	0	0	0	0		94208466
7459221	16253106	0	0	0	0		90729490	0	0	0	0		105014179
7459221	14579493	0	0	0	0		105978062	0	0	0	0		105045565
7459221	49650310	0	0	0	0		102756780	0	0	0	0		99943058
7459221	7770986	0	0	0	0		118612790	0	0	0	0		102641289
7459221	17791429	0	0	0	0		105343883	0	0	0	0		107572369
7459221	7461171	0	0	0	0		100195923	0	0	0	0		118376415
7459221	6677293	0	0	0	0		109308035	0	0	0	0		103971547
7459221	21057006	0	0	0	0		112385057	0	0	0	0		103263848
7459221	18021634	0	0	0	0		103307733	0	0	0	0		102558509
7459221	13955186	0	0	0	0		108256169	0	0	0	0		120251586
7459221	16210652	0	0	0	0		101810741	0	0	0	0		105175595
7459221	14579476	0	0	0	0		100352288	0	0	0	0		102893861
7459221	18754874	0	0	0	0		110521786	0	0	0	0		119670058
7459221	35497190	0	0	0	0		88016318	0	0	0	0		94929117
7459221	9001623	0	0	0	0		100693151	0	0	0	0		110169090
7459221	15178444	0	0	0	0		108018734	0	0	0	0		109442487
18754874	19514897	0	0	0	0		118754124	0	0	0	0		98991393
18754874	16250137	0	0	0	0		115334257	0	0	0	0		109160039
18754874	18130267	0	0	0	0		111417678	0	0	0	0		100375343
18754874	18752428	0	0	0	0		104344536	0	0	0	0		117565000
18754874	18752426	0	0	0	0		117019406	0	0	0	0		97240742
18754874	18130598	0	0	0	0		104770344	0	0	0	0		95489757
18754874	14579088	0	0	0	0		98611421	0	0	0	0		97365784
18754874	18464147	0	0	0	0		107489869	0	0	0	0		108968111
18754874	41522043	0	0	0	0		108867582	0	0	0	0		129868525
18754874	14579494	0	0	0	0		112293862	0	0	0	0		117710107
18754874	15197179	0	0	0	0		116066068	0	0	0	0		113255063
18754874	16272469	0	0	0	0		113751885	0	0	0	0		109482997
18754874	16211076	0	0	0	0		109102488	0	0	0	0		124778662
18754874	16253106	0	0	0	0		160418276	0	0	0	0		173729014
18754874	14579493	0	0	0	0		109271372	0	0	0	0		105969459
18754874	49650310	0	0	0	0		133873751	0	0	0	0		107206931
18754874	7770986	0	0	0	0		101184106	0	0	0	0		118433386
18754874	17791429	0	0	0	0		106782118	0	0	0	0		109929878
18754874	7461171	0	0	0	0		118881418	0	0	0	0		102553752
18754874	6677293	0	0	0	0		106399651	0	0	0	0		116154403
18754874	21057006	0	0	0	0		112741516	0	0	0	0		128612863
18754874	18021634	0	0	0	0		113682913	0	0	0	0		120859990
18754874	13955186	0	0	0	0		115314136	0	0	0	0		116979597
18754874	16210652	0	0	0	0		99265022	0	0	0	0		119729674
18754874	14579476	0	0	0	0		121194664	0	0	0	0		117688266
18754874	7459221	0	0	0	0		105346771	0	0	0	0		112910573
18754874	35497190	0	0	0	0		104835336	0	0	0	0		117862429
18754874	9001623	0	0	0	0		174232439	0	0	0	0		116020983
18754874	15178444	0	0	0	0		104113058	0	0	0	0		115075536
35497190	19514897	0	0	0	0		130053267	0	0	0	0		104835194
35497190	16250137	0	0	0	0		115750923	0	0	0	0		107288427
35497190	18130267	0	0	0	0		102726813	0	0	0	0		108859934
35497190	18752428	0	0	0	0		109506651	0	0	0	0		100944923
35497190	18752426	0	0	0	0		117780178	0	0	0	0		110785834
35497190	18130598	0	0	0	0		99620585	0	0	0	0		100077530
35497190	14579088	0	0	0	0		110038476	0	0	0	0		211129034
35497190	18464147	0	0	0	0		117296450	0	0	0	0		117872588
35497190	41522043	0	0	0	0		114830284	0	0	0	0		112563626
35497190	14579494	0	0	0	0		125020498	0	0	0	0		104949040
35497190	15197179	0	0	0	0		108935755	0	0	0	0		117408487
35497190	16272469	0	0	0	0		139701005	0	0	0	0		111278399
35497190	16211076	0	0	0	0		105196514	0	0	0	0		111528710
35497190	16253106	0	0	0	0		107350940	0	0	0	0		127595604
35497190	14579493	0	0	0	0		121001641	0	0	0	0		110306833
35497190	49650310	0	0	0	0		134901838	0	0	0	0		102907216
35497190	7770986	0	0	0	0		118411999	0	0	0	0		116081984
35497190	17791429	0	0	0	0		126006660	0	0	0	0		232775054
35497190	7461171	0	0	0	0		128953691	0	0	0	0		100227538
35497190	6677293	0	0	0	0		112462332	0	0	0	0		108294820
35497190	21057006	0	0	0	0		118781414	0	0	0	0		108111252
35497190	18021634	0	0	0	0		110878647	0	0	0	0		106086547
35497190	13955186	0	0	0	0		120696366	0	0	0	0		96877103
35497190	16210652	0	0	0	0		99616611	0	0	0	0		104658909
35497190	14579476	0	0	0	0		115097854	0	0	0	0		140876809
35497190	7459221	0	0	0	0		114238261	0	0	0	0		114377784
35497190	18754874	0	0	0	0		122841311	0	0	0	0		117896693
35497190	9001623	0	0	0	0		112012315	0	0	0	0		105222133
35497190	15178444	0	0	0	0		132152402	0	0	0	0		101087099
9001623	19514897	0	0	0	0		106215685	0	0	0	0		102436026
9001623	16250137	0	0	0	0		110151613	0	0	0	0		101103108
9001623	18130267	0	0	0	0		131430132	0	0	0	0		111303661
9001623	18752428	0	0	0	0		102255445	0	0	0	0		109661200
9001623	18752426	0	0	0	0		116404696	0	0	0	0		119020866
9001623	18130598	0	0	0	0		103400217	0	0	0	0		102373685
9001623	14579088	0	0	0	0		115381427	0	0	0	0		108789586
9001623	18464147	0	0	0	0		113822795	0	0	0	0		110980240
9001623	41522043	0	0	0	0		116963600	0	0	0	0		107206853
9001623	14579494	0	0	0	0		122025736	0	0	0	0		108465641
9001623	15197179	0	0	0	0		119537188	0	0	0	0		120479102
9001623	16272469	0	0	0	0		130577816	0	0	0	0		119956184
9001623	16211076	0	0	0	0		103033074	0	0	0	0		108945129
9001623	16253106	0	0	0	0		102305318	0	0	0	0		105326289
9001623	14579493	0	0	0	0		103977762	0	0	0	0		104960971
9001623	49650310	0	0	0	0		102948208	0	0	0	0		110250345
9001623	7770986	0	0	0	0		114416406	0	0	0	0		122056700
9001623	17791429	0	0	0	0		106429401	0	0	0	0		114215116
9001623	7461171	0	0	0	0		111597357	0	0	0	0		115016529
9001623	6677293	0	0	0	0		105739077	0	0	0	0		114762886
9001623	21057006	0	0	0	0		110637843	0	0	0	0		101531817
9001623	18021634	0	0	0	0		121243089	0	0	0	0		143837790
9001623	13955186	0	0	0	0		123271001	0	0	0	0		126449410
9001623	16210652	0	0	0	0		383149216	0	0	0	0		275570560
9001623	14579476	0	0	0	0		302256152	0	0	0	0		104528529
9001623	7459221	0	0	0	0		96260387	0	0	0	0		107305489
9001623	18754874	0	0	0	0		112063217	0	0	0	0		109626468
9001623	35497190	0	0	0	0		97590739	0	0	0	0		95470564
9001623	15178444	0	0	0	0		102756917	0	0	0	0		106529577
15178444	19514897	0	0	0	0		108656819	0	0	0	0		109888403
15178444	16250137	0	0	0	0		103533971	0	0	0	0		105658327
15178444	18130267	0	0	0	0		95852332	0	0	0	0		106091305
15178444	18752428	0	0	0	0		98007998	0	0	0	0		101719357
15178444	18752426	0	0	0	0		110308653	0	0	0	0		94613022
15178444	18130598	0	0	0	0		101491659	0	0	0	0		98196835
15178444	14579088	0	0	0	0		101469386	0	0	0	0		107114552
15178444	18464147	0	0	0	0		105492296	0	0	0	0		114644213
15178444	41522043	0	0	0	0		110300021	0	0	0	0		108231897
15178444	14579494	0	0	0	0		110312578	0	0	0	0		105384322
15178444	15197179	0	0	0	0		113341539	0	0	0	0		125814750
15178444	16272469	0	0	0	0		101089120	0	0	0	0		106787731
15178444	16211076	0	0	0	0		93821459	0	0	0	0		98103463
15178444	16253106	0	0	0	0		105391915	0	0	0	0		111439196
15178444	14579493	0	0	0	0		99749387	0	0	0	0		110264089
15178444	49650310	0	0	0	0		107035794	0	0	0	0		88738101
15178444	7770986	0	0	0	0		113184682	0	0	0	0		110255500
15178444	17791429	0	0	0	0		102984375	0	0	0	0		110946230
15178444	7461171	0	0	0	0		103912291	0	0	0	0		99847771
15178444	6677293	0	0	0	0		125198682	0	0	0	0		108800508
15178444	21057006	0	0	0	0		95852736	0	0	0	0		104009788
15178444	18021634	0	0	0	0		131762572	0	0	0	0		112426289
15178444	13955186	0	0	0	0		103683856	0	0	0	0		113495562
15178444	16210652	0	0	0	0		114312793	0	0	0	0		101289709
15178444	14579476	0	0	0	0		123643712	0	0	0	0		107186397
15178444	7459221	0	0	0	0		101177809	0	0	0	0		103522099
15178444	18754874	0	0	0	0		99130517	0	0	0	0		98260881
15178444	35497190	0	0	0	0		107117789	0	0	0	0		108346916
15178444	9001623	0	0	0	0		109511903	0	0	0	0		111917851
