Source --> 51.51376, -0.14247
Destination --> 51.51361, -0.14312


41522043	6677293	21057006	1465	0.22457604173065246
41522043	6677293	14579476	1497	0.3238860152760525
16250137	7461171	14579476	1674	0.44732822595297095
16250137	6677293	14579476	1812	0.5724724492411689
18464147	6677293	14579476	2089	0.6766740305589395


s--> 14579088

14579493	14579476	1730	0.29373808515802324
15197179	14579476	1764	0.6976774029402202
6677293	14579476	1982	0.8812397066853395

s--> 14579494


14579493	14579476	1338	0.29373808515802324
7461171	14579476	1388	0.6885980192643313
6677293	14579476	1526	0.8812397066853395


s--> 41522043

6677293	21057006	765	0.6110338693524551
6677293	14579476	797	0.8812397066853395

s--> 16250137

14579493	14579476	783	0.29373808515802324
7461171	14579476	897	0.6885980192643313
6677293	14579476	1035	0.8812397066853395

s--> 18464147

14579493	14579476	1018	0.29373808515802324
15197179	14579476	1052	0.6976774029402202
6677293	14579476	1270	0.8812397066853395

s--> 19514897

16272469	14579476	1283	0.25416639930154383
15197179	14579476	1291	0.6976774029402202
6677293	14579476	1487	0.8812397066853395


Other non-type1 nodes : 

s--> 14579476 51.5113, -0.14262 Q

41522043	6677293	21057006	1176	0.22457604173065246
41522043	6677293	14579476	1208	0.3238860152760525
16250137	7461171	14579476	1385	0.44732822595297095
16250137	6677293	14579476	1523	0.5724724492411689
18464147	6677293	14579476	1974	0.6766740305589395

s--> 14579493 51.51381, -0.14179 R

41522043	6677293	21057006	915	0.22457604173065246
41522043	6677293	14579476	947	0.3238860152760525
16250137	7461171	14579476	1041	0.44732822595297095
16250137	6677293	14579476	1179	0.5724724492411689
18464147	6677293	14579476	1649	0.6766740305589395

s--> 17791429 51.51351, -0.14025 R

41522043	6677293	21057006	919	0.22457604173065246
41522043	6677293	14579476	951	0.3238860152760525
16250137	7461171	14579476	1148	0.44732822595297095
16250137	6677293	14579476	1286	0.5724724492411689
18464147	6677293	14579476	1746	0.6766740305589395

s--> 7461171 51.51333, -0.14236 S

41522043	6677293	21057006	1512	0.22457604173065246
41522043	6677293	14579476	1544	0.3238860152760525
16250137	7461171	14579476	1721	0.44732822595297095
16250137	6677293	14579476	1859	0.5724724492411689
18464147	6677293	14579476	2136	0.6766740305589395

s--> 21057006 51.51432, -0.13942 T

41522043	6677293	21057006	819	0.22457604173065246
41522043	6677293	14579476	851	0.3238860152760525
16250137	7461171	14579476	1048	0.44732822595297095
16250137	6677293	14579476	1186	0.5724724492411689
18464147	6677293	14579476	1797	0.6766740305589395

s--> 6677293 51.51412, -0.13923 U

41522043	6677293	21057006	822	0.22457604173065246
41522043	6677293	14579476	854	0.3238860152760525
16250137	7461171	14579476	1051	0.44732822595297095
16250137	6677293	14579476	1189	0.5724724492411689
18464147	6677293	14579476	1800	0.6766740305589395

s--> 18021634 51.51744, -0.14314 V

16250137	14579493	14579476	1205	0.19081863852722164
18752426	16253106	14579476	1228	0.23419101515410254
16250137	7461171	14579476	1319	0.44732822595297095
16250137	6677293	14579476	1457	0.5724724492411689
18464147	6677293	14579476	1810	0.6766740305589395

s--> 16210652 51.51786, -0.14419 W

18464147	14579493	14579476	1473	0.2255514958128376
18464147	15197179	14579476	1507	0.535722774060183
18464147	6677293	14579476	1725	0.6766740305589395

s--> 49650310 51.51761, -0.14187 X

18464147	14579493	14579476	1160	0.2255514958128376
18464147	15197179	14579476	1194	0.535722774060183
18464147	6677293	14579476	1412	0.6766740305589395

s--> 16253106 51.51649, -0.14281 Y

18464147	14579493	14579476	1109	0.2255514958128376
18752426	16253106	14579476	1127	0.23419101515410254
18464147	15197179	14579476	1143	0.535722774060183
18464147	6677293	14579476	1361	0.6766740305589395

s--> 7770986 51.51608, -0.14366 Z

16250137	14579493	14579476	1173	0.19081863852722164
18752426	16253106	14579476	1196	0.23419101515410254
16250137	7461171	14579476	1287	0.44732822595297095
16250137	6677293	14579476	1425	0.5724724492411689
18464147	6677293	14579476	1775	0.6766740305589395

s--> 35497190 51.50904, -0.14242 G 

41522043	6677293	21057006	1809	0.22457604173065246
41522043	6677293	14579476	1841	0.3238860152760525
16250137	7461171	14579476	2018	0.44732822595297095
16250137	6677293	14579476	2156	0.5724724492411689
18464147	6677293	14579476	2488	0.6766740305589395

s--> 13955186 51.51777, -0.14295 H

18464147	14579493	14579476	1142	0.2255514958128376
18464147	15197179	14579476	1176	0.535722774060183
18464147	6677293	14579476	1394	0.6766740305589395

s--> 15197179 51.51514, -0.14131 I

41522043	6677293	21057006	1074	0.22457604173065246
41522043	6677293	14579476	1106	0.3238860152760525
16250137	7461171	14579476	1283	0.44732822595297095
18464147	15197179	14579476	1374	0.535722774060183
16250137	6677293	14579476	1421	0.5724724492411689
18464147	6677293	14579476	1592	0.6766740305589395

s--> 7459221 51.51989, -0.14328 J

18464147	14579493	14579476	1485	0.2255514958128376
18464147	15197179	14579476	1519	0.535722774060183
18464147	6677293	14579476	1737	0.6766740305589395

s--> 18754874 51.51592, -0.14245 K

41522043	6677293	21057006	1405	0.22457604173065246
41522043	6677293	14579476	1437	0.3238860152760525
16250137	7461171	14579476	1634	0.44732822595297095
18464147	15197179	14579476	1646	0.535722774060183
16250137	6677293	14579476	1772	0.5724724492411689
18464147	6677293	14579476	1864	0.6766740305589395

s--> 9001623 51.51859, -0.13561 L

18464147	14579493	14579476	1736	0.2255514958128376
18464147	15197179	14579476	1770	0.535722774060183
18464147	6677293	14579476	1988	0.6766740305589395



Source --> 51.51737, -0.14282
Destination --> 51.51361, -0.14312

18464147	14579493	14579476	1078	0.2255514958128376
18464147	15197179	14579476	1112	0.535722774060183
18464147	6677293	14579476	1330	0.6766740305589395

s--> 19514897

16272469	14579476	1283	0.25416639930154383	313 0.1837096057443155
15197179	14579476	1291	0.6976774029402202	313
6677293	14579476	1487	0.8812397066853395	313

s--> 18464147

14579493	14579476	1018	0.29373808515802324	60	0.7678660249027528
15197179	14579476	1052	0.6976774029402202	60
6677293	14579476	1270	0.8812397066853395		60





51.51361
-0.14312
ource --> 51.51608, -0.14553
Destination --> 51.51361, -0.14312

18464147	14579493	14579476	1393	0.2255514958128376
18464147	15197179	14579476	1427	0.535722774060183
18464147	6677293	14579476	1645	0.6766740305589395


Source --> 51.51377, -0.14329
Destination --> 51.51361, -0.14312

18464147	14579493	14579476	1746	0.2255514958128376
18464147	15197179	14579476	1780	0.535722774060183
18464147	6677293	14579476	1998	0.6766740305589395


s--> 14579088

14579493	14579476	1730	0.29373808515802324
15197179	14579476	1764	0.6976774029402202
6677293	14579476	1982	0.8812397066853395

s--> 18464147

14579493	14579476	1018	0.29373808515802324
15197179	14579476	1052	0.6976774029402202
6677293	14579476	1270	0.8812397066853395

s--> 19514897

16272469	14579476	1283	0.25416639930154383
15197179	14579476	1291	0.6976774029402202
6677293	14579476	1487	0.8812397066853395
