Start--> 19514897       51.51589, -0.14068
End--> 16272469  51.51671, -0.14134

Route : [51.51579,-0.14063, 51.51588,-0.14007, 51.51589,-0.14001, 51.51595,-0.1396, 51.51598,-0.13951, 51.51607,-0.13949, 51.51637,-0.13961, 51.5164,-0.13964, 51.51678,-0.1398, 51.51691,-0.13984, 51.51676,-0.14069, 51.51668,-0.1412, 51.51666,-0.14132]


&marker=size:mid|label:A|51.51589, -0.14068
&marker=size:mid|label:B|51.51579, -0.14063
&marker=size:mid|label:C|51.51588, -0.14007
&marker=size:mid|label:D|51.51589, -0.14001
&marker=size:mid|label:E|51.51598, -0.13951
&marker=size:mid|label:F|51.51607, -0.13949
&marker=size:mid|label:G|51.51637, -0.13961
&marker=size:mid|label:H|51.5164, -0.13964
&marker=size:mid|label:I|51.51678, -0.1398
&marker=size:mid|label:J|51.51691,-0.13984
&marker=size:mid|label:K|51.51676, -0.14069
&marker=size:mid|label:L|51.51668, -0.1412
&marker=size:mid|label:M|51.51666, -0.14132
&marker=size:mid|label:N|51.51361, -0.14312

Statistics : 

S : 51.51589, -0.14068
D : 51.51361, -0.14312


18464147	14579493	14579476	1433	0.2255514958128376
18464147	15197179	14579476	1467	0.535722774060183
18464147	6677293	14579476	1685	0.6766740305589395


S : 51.51579, -0.14063
D : 51.51361, -0.14312

19514897	15197179	14579476	1698	0.12817004063086576
19514897	16272469	14579476	1690	0.04669280900913888
19514897	6677293	14579476	1894	0.16189219908139996

S : 51.51588, -0.14007
D : 51.51361, -0.14312

18464147	14579493	14579476	1393	0.2255514958128376
18464147	15197179	14579476	1427	0.535722774060183
18464147	6677293	14579476	1645	0.6766740305589395

S : 51.51589, -0.14001
D : 51.51361, -0.14312

18464147	14579493	14579476	1389	0.2255514958128376
18464147	15197179	14579476	1423	0.535722774060183
18464147	6677293	14579476	1641	0.6766740305589395

S : 51.51598, -0.13951
D : 51.51361, -0.14312

18464147	14579493	14579476	1353	0.2255514958128376
18464147	15197179	14579476	1387	0.535722774060183
18464147	6677293	14579476	1605	0.6766740305589395

S : 51.51607, -0.13949
D : 51.51361, -0.14312

18464147	14579493	14579476	1344	0.2255514958128376
18464147	15197179	14579476	1378	0.535722774060183
18464147	6677293	14579476	1596	0.6766740305589395

S : 51.51637, -0.13961
D : 51.51361, -0.14312

18464147	14579493	14579476	1309	0.2255514958128376
18464147	15197179	14579476	1343	0.535722774060183
18464147	6677293	14579476	1561	0.6766740305589395

S : 51.5164,-0.13964
D : 51.51361, -0.14312

18464147	14579493	14579476	1305	0.2255514958128376
18464147	15197179	14579476	1339	0.535722774060183
18464147	6677293	14579476	1557	0.6766740305589395

S : 51.51678,-0.1398
D : 51.51361, -0.14312

18464147	14579493	14579476	1261	0.2255514958128376
18464147	15197179	14579476	1295	0.535722774060183
18464147	6677293	14579476	1513	0.6766740305589395

S : 51.51691,-0.13984
D : 51.51361, -0.14312

18464147	14579493	14579476	1246	0.2255514958128376
18464147	15197179	14579476	1280	0.535722774060183
18464147	6677293	14579476	1498	0.6766740305589395

S : 51.51676, -0.14069
D : 51.51361, -0.14312

18464147	14579493	14579476	1184	0.2255514958128376
18464147	15197179	14579476	1218	0.535722774060183
18464147	6677293	14579476	1436	0.6766740305589395

S : 51.51668, -0.1412
D : 51.51361, -0.14312

18464147	14579493	14579476	1147	0.2255514958128376
18464147	15197179	14579476	1181	0.535722774060183
18464147	6677293	14579476	1399	0.6766740305589395

S : 51.51666, -0.14132
D : 51.51361, -0.14312

18464147	14579493	14579476	1155	0.2255514958128376
18464147	15197179	14579476	1189	0.535722774060183
18464147	6677293	14579476	1407	0.6766740305589395

S : 51.51671, -0.14134
D : 51.51361, -0.14312


#######################################################################################################################################################


Start--> 16272469  51.51671, -0.14134
End--> 19514897       51.51589, -0.14068

Route : 51.51666,-0.14132| 51.51668,-0.1412| 51.51613,-0.14097| 51.51575,-0.14083| 51.51579,-0.14063

51.51671, -0.14134
&marker=size:mid|label:S|51.51671, -0.14134
&marker=size:mid|label:A|51.51666,-0.14132
&marker=size:mid|label:B|51.51668,-0.1412
&marker=size:mid|label:C|51.51613,-0.14097
&marker=size:mid|label:D|51.51575,-0.14083
&marker=size:mid|label:E|51.51579,-0.14063
&marker=size:mid|label:F|51.51589, -0.14068


S : 51.51666, -0.14132 A
D : 51.51361, -0.14312

18464147	14579493	14579476	1155	0.2255514958128376
18464147	15197179	14579476	1189	0.535722774060183
18464147	6677293	14579476	1407	0.6766740305589395

Sequence : 2 3 1 : 

6677293	21057006	41522043	1177	0.1034569130018491
6677293	21057006	16250137	1351	0.3232096388885803
6677293	14579476	16250137	2153	0.388149195889763



S : 51.51668, -0.1412 B
D : 51.51361, -0.14312

18464147	14579493	14579476	1147	0.2255514958128376
18464147	15197179	14579476	1181	0.535722774060183
18464147	6677293	14579476	1399	0.6766740305589395

Sequence : 2 3 1 : 

6677293	21057006	41522043	1169	0.1034569130018491
6677293	21057006	16250137	1343	0.3232096388885803
6677293	14579476	16250137	2145	0.388149195889763


S : 51.51613, -0.14097 C
D : 51.51361, -0.14312

41522043	6677293	21057006	1193	0.22457604173065246
18464147	14579493	14579476	1210	0.2255514958128376
41522043	6677293	14579476	1225	0.3238860152760525
18464147	15197179	14579476	1244	0.535722774060183
18464147	6677293	14579476	1462	0.6766740305589395

Sequence : 2 3 1 

6677293	21057006	41522043	1106	0.1034569130018491
6677293	21057006	16250137	1280	0.3232096388885803
6677293	14579476	16250137	2082	0.388149195889763


S : 51.51575,-0.14083 D
D : 51.51361, -0.14312

41522043	6677293	21057006	1160	0.22457604173065246
41522043	6677293	14579476	1192	0.3238860152760525
18464147	15197179	14579476	1288	0.535722774060183
18464147	6677293	14579476	1506	0.6766740305589395

2--3--1

6677293	21057006	41522043	1062	0.1034569130018491
6677293	21057006	16250137	1236	0.3232096388885803
6677293	14579476	16250137	2038	0.388149195889763


S : 51.51579, -0.14063 E
D : 51.51361, -0.14312

19514897	15197179	14579476	1698	0.12817004063086576
19514897	16272469	14579476	1690	0.04669280900913888
19514897	6677293	14579476	1894	0.16189219908139996

2--3--1

6677293	21057006	41522043	1455	0.1034569130018491
6677293	21057006	16250137	1629	0.3232096388885803
6677293	14579476	16250137	2431	0.388149195889763


S : 51.51589, -0.14068
D : 51.51361, -0.14312


18464147	14579493	14579476	1433	0.2255514958128376
18464147	15197179	14579476	1467	0.535722774060183
18464147	6677293	14579476	1685	0.6766740305589395


S : 51.51671, -0.14134
D : 51.51361, -0.14312

18464147	14579493	14579476	1155	0.2255514958128376
18464147	15197179	14579476	1189	0.535722774060183
18464147	6677293	14579476	1407	0.6766740305589395


51.51613, -0.14097
51.51623, -0.14097
51.51633, -0.14097
51.51643, -0.14097
51.51653, -0.14097
51.51657, -0.14097

&marker=size:mid|label:G|51.51613, -0.14097
&marker=size:mid|label:H|51.51623, -0.14097
&marker=size:mid|label:I|51.51633, -0.14097
&marker=size:mid|label:J|51.51619, -0.14097
&marker=size:mid|label:K|51.51621, -0.14097
&marker=size:mid|label:L|51.51622, -0.14097
&marker=size:mid|label:M|51.516225, -0.14097
&marker=size:mid|label:N|51.516228, -0.14097

S : 51.51613, -0.14097 G
D : 51.51361, -0.14312

41522043	6677293	21057006	1193	0.22457604173065246
18464147	14579493	14579476	1210	0.2255514958128376
41522043	6677293	14579476	1225	0.3238860152760525
18464147	15197179	14579476	1244	0.535722774060183
18464147	6677293	14579476	1462	0.6766740305589395

S : 51.51619, -0.14097 J
D : 51.51361, -0.14312

41522043	6677293	21057006	1199	0.22457604173065246
18464147	14579493	14579476	1204	0.2255514958128376
41522043	6677293	14579476	1231	0.3238860152760525
18464147	15197179	14579476	1238	0.535722774060183
18464147	6677293	14579476	1456	0.6766740305589395

S : 51.51621, -0.14097 K
D : 51.51361, -0.14312

18464147	14579493	14579476	1201	0.2255514958128376
41522043	6677293	14579476	1233	0.3238860152760525
18464147	15197179	14579476	1235	0.535722774060183
18464147	6677293	14579476	1453	0.6766740305589395

S : 51.51622, -0.14097 L
D : 51.51361, -0.14312

18464147	14579493	14579476	1201	0.2255514958128376
18464147	15197179	14579476	1235	0.535722774060183
41522043	6677293	14579476	1234	0.3238860152760525
18464147	6677293	14579476	1453	0.6766740305589395

S : 51.516225, -0.14097 M
D : 51.51361, -0.14312
18464147	14579493	14579476	1201	0.2255514958128376
18464147	15197179	14579476	1235	0.535722774060183
41522043	6677293	14579476	1234	0.3238860152760525
18464147	6677293	14579476	1453	0.6766740305589395

**REVISED***
41522043	6677293	21057006	796	0.22457604173065246
18464147	6677293	21057006	1015	0.4691921483406177
18464147	15197179	14579476	1439	0.535722774060183
18464147	6677293	14579476	1657	0.6766740305589395

S : 51.516228, -0.14097 N
D : 51.51361, -0.14312
18464147	14579493	14579476	1199	0.2255514958128376
18464147	15197179	14579476	1233	0.535722774060183
18464147	6677293	14579476	1451	0.6766740305589395


**REVISED***
41522043	6677293	21057006	798	0.22457604173065246
18464147	6677293	21057006	1013	0.4691921483406177
18464147	15197179	14579476	1437	0.535722774060183
18464147	6677293	14579476	1655	0.6766740305589395


S : 51.51623, -0.14097 H
D : 51.51361, -0.14312

18464147	14579493	14579476	1199	0.2255514958128376
18464147	15197179	14579476	1233	0.535722774060183
18464147	6677293	14579476	1451	0.6766740305589395

S : 51.51633, -0.14097 I
D : 51.51361, -0.14312

18464147	14579493	14579476	1189	0.2255514958128376
18464147	15197179	14579476	1223	0.535722774060183
18464147	6677293	14579476	1441	0.6766740305589395


NOW DESTINATION : 

Start--> 16272469  51.51671, -0.14134
End--> 19514897       51.51589, -0.14068


Route : [Reverse : 51.51666,-0.14132| 51.51668,-0.1412| 51.51613,-0.14097| 51.51575,-0.14083| 51.51579,-0.14063]

S : 51.51361, -0.14312
D : 51.51666, -0.14132

41522043	6677293	21057006	1183	0.22457604173065246
16250137	6677293	21057006	1498	0.39694086989479016
18464147	6677293	21057006	1930	0.4691921483406177
16250137	6677293	14579476	2207	0.5724724492411689
18464147	6677293	14579476	2639	0.6766740305589395


S : 51.51361, -0.14312
D : 51.51579, -0.14063

41522043	6677293	21057006	1461	0.22457604173065246
16250137	6677293	21057006	1776	0.39694086989479016
18464147	6677293	21057006	2208	0.4691921483406177
16250137	6677293	14579476	2499	0.5724724492411689
18464147	6677293	14579476	2931	0.6766740305589395


MORE DESTINATIONS!!

Route : 51.51579,-0.14063| 51.51588,-0.14007| 51.51589,-0.14001| 51.51595,-0.1396| 51.51598,-0.13951| 51.51607,-0.13949| 51.51637,-0.13961| 51.5164,-0.13964| 51.51678,-0.1398| 51.51691,-0.13984| 51.51676,-0.14069| 51.51668,-0.1412| 51.51613,-0.14097| 51.51575,-0.14083| 51.51546,-0.14073| 51.51541,-0.14071| 51.5154,-0.14088| 51.51534,-0.14136| 51.51534,-0.14138

&marker=size:mid|label:A|51.51613, -0.14097
&marker=size:mid|label:B|51.51623, -0.14097

&marker=size:mid|label:A|51.51579,-0.14063 &marker=size:mid|label:B|51.51588,-0.14007&marker=size:mid|label:C| 51.51589,-0.14001&marker=size:mid|label:D| 51.51595,-0.1396&marker=size:mid|label:E| 51.51598,-0.13951&marker=size:mid|label:F| 51.51607,-0.13949&marker=size:mid|label:G| 51.51637,-0.13961&marker=size:mid|label:H| 51.5164,-0.13964&marker=size:mid|label:I| 51.51678,-0.1398&marker=size:mid|label:J| 51.51691,-0.13984&marker=size:mid|label:K| 51.51676,-0.14069&marker=size:mid|label:L| 51.51668,-0.1412&marker=size:mid|label:M| 51.51613,-0.14097&marker=size:mid|label:N| 51.51575,-0.14083&marker=size:mid|label:O| 51.51546,-0.14073&marker=size:mid|label:P| 51.51541,-0.14071&marker=size:mid|label:Q| 51.5154,-0.14088&marker=size:mid|label:R| 51.51534,-0.14136&marker=size:mid|label:S| 51.51534,-0.14138 &marker=size:mid|label:Z|51.51361, -0.14312


S : 51.51361, -0.14312
D : 51.51691,-0.13984  J

41522043	6677293	21057006	1274	0.22457604173065246
16250137	6677293	21057006	1589	0.39694086989479016
18464147	6677293	21057006	2021	0.4691921483406177
16250137	6677293	14579476	2312	0.5724724492411689
18464147	6677293	14579476	2744	0.6766740305589395

2-->3-->1

6677293	21057006	41522043	1355	0.1034569130018491
6677293	21057006	16250137	1529	0.3232096388885803
6677293	14579476	16250137	2331	0.388149195889763


S : 51.51361, -0.14312
D : 51.51676,-0.14069  K

41522043	6677293	21057006	1212	0.22457604173065246
16250137	6677293	21057006	1527	0.39694086989479016
18464147	6677293	21057006	1959	0.4691921483406177
16250137	6677293	14579476	2250	0.5724724492411689
18464147	6677293	14579476	2682	0.6766740305589395

2-->3-->1

6677293	21057006	41522043	1293	0.1034569130018491
6677293	21057006	16250137	1467	0.3232096388885803
6677293	14579476	16250137	2269	0.388149195889763


NEW SET : A and C

S : 51.51361, -0.14312
D : 51.51579,-0.14063 A

41522043	6677293	21057006	1461	0.22457604173065246
16250137	6677293	21057006	1776	0.39694086989479016
18464147	6677293	21057006	2208	0.4691921483406177
16250137	6677293	14579476	2499	0.5724724492411689
18464147	6677293	14579476	2931	0.6766740305589395

2-->3-->1
6677293	21057006	19514897	1653	0.0258480013324136

S : 51.51361, -0.14312
D : 51.51589,-0.14001 C

41522043	6677293	21057006	1417	0.22457604173065246
16250137	6677293	21057006	1732	0.39694086989479016
18464147	6677293	21057006	2164	0.4691921483406177
16250137	6677293	14579476	2455	0.5724724492411689
18464147	6677293	14579476	2887	0.6766740305589395

2-->3-->1
6677293	21057006	41522043	1498	0.1034569130018491
6677293	21057006	16250137	1672	0.3232096388885803
6677293	14579476	16250137	2474	0.388149195889763

S : 51.51361, -0.14312
D : 51.51588,-0.14007 B

6677293	21057006	41522043	1502	0.1034569130018491
6677293	21057006	16250137	1676	0.3232096388885803
6677293	14579476	16250137	2478	0.388149195889763

Points between A and B

51.51582,-0.14063 D
51.51587,-0.14050 E
51.51587,-0.14040 F
51.51587,-0.14030 G
51.51587,-0.14020 H
51.51586,-0.14015 I


S : 51.51361, -0.14312
D : 51.51582,-0.14063  D

6677293	21057006	19514897	1652	0.0258480013324136

S : 51.51361, -0.14312
D : 51.51582,-0.14061 J
6677293	21057006		19514897	1651	0.0258480013324136


*****REVISED***********
6677293	21057006	19514897	1249	0.0258480013324136
6677293	21057006	41522043	1356	0.1034569130018491
6677293	21057006	16250137	1593	0.3232096388885803
6677293	14579476	16250137	2395	0.388149195889763


Path : 51.51412, -0.13923|51.51432, -0.13942|51.51589, -0.14068

&path=color:black|weight:5|51.51361,%20-0.14312|51.5135,%20-0.14315|51.51343,%20-0.14344|51.51304,%20-0.14333|51.51297,%20-0.14337|51.5126,%20-0.14319|51.51151,%20-0.1427|51.51168,%20-0.14257|51.51191,%20-0.14228|51.5122,%20-0.14181|51.51305,%20-0.14068|51.5137,%20-0.14125|51.51385,%20-0.1407|51.51399,%20-0.14019|51.51412,%20-0.13971|51.51414,%20-0.13965|51.51416,%20-0.13956|51.5142,%20-0.13941|51.51423,%20-0.13931|51.51423,%20-0.13931|51.51422,%20-0.13935|51.51422,%20-0.13935|51.51441,%20-0.13863|51.5148,%20-0.13721|51.51574,%20-0.1377|51.51567,%20-0.13834|51.51556,%20-0.13936|51.5155,%20-0.13987|51.51545,%20-0.14031|51.51541,%20-0.14071|51.51546,%20-0.14073|51.51575,%20-0.14083|51.51579,%20-0.14063|51.51579,%20-0.14063|51.51579,%20-0.1406&marker=size:mid|label:V|51.51361,%20-0.14312&marker=size:mid|label:W|51.51412,%20-0.13923&marker=size:mid|label:X|51.51432,%20-0.13942&marker=size:mid|label:Y|51.51589,%20-0.14068&marker=size:mid|label:Z|51.51582,%20-0.14061



http://staticmaps.cloudmade.com/8ee2a50541944fb9bcedded5165f09d9/staticmap?size=1024x600&path=color:blue|weight:8|51.51412, -0.13923|51.51432, -0.13942|51.51589, -0.14068&path=color:red|weight:8|51.51412, -0.13923|51.51432, -0.13942|51.51409, -0.14011&marker=size:small|label:A|51.51589, -0.14068&marker=size:small|label:B|51.51409, -0.14011

S : 51.51361, -0.14312
D : 51.51583,-0.14060


6677293	21057006	41522043	1539	0.1034569130018491
6677293	21057006	16250137	1713	0.3232096388885803
6677293	14579476	16250137	2515	0.388149195889763

*******REVISED*************
6677293	21057006	19514897	1250	0.0258480013324136
6677293	21057006	41522043	1357	0.1034569130018491
6677293	21057006	16250137	1594	0.3232096388885803
6677293	14579476	16250137	2396	0.388149195889763



Path : 51.51412, -0.13923|51.51432, -0.13942|51.51409, -0.14011


S : 51.51361, -0.14312
D : 51.51583,-0.14058 I
6677293	21057006	41522043	1538	0.1034569130018491
6677293	21057006	16250137	1712	0.3232096388885803
6677293	14579476	16250137	2514	0.388149195889763



S : 51.51361, -0.14312
D : 51.51585,-0.14055 H

6677293	21057006	41522043	1535	0.1034569130018491
6677293	21057006	16250137	1709	0.3232096388885803
6677293	14579476	16250137	2511	0.388149195889763


S : 51.51361, -0.14312
D : 51.51587,-0.14050 E

6677293	21057006	41522043	1531	0.1034569130018491
6677293	21057006	16250137	1705	0.3232096388885803
6677293	14579476	16250137	2507	0.388149195889763




S : 51.51361, -0.14312
D : 51.51587,-0.14040 F
6677293	21057006	41522043	1524	0.1034569130018491
6677293	21057006	16250137	1698	0.3232096388885803
6677293	14579476	16250137	2500	0.388149195889763



S : 51.51361, -0.14312
D : 51.51586,-0.14015  I

6677293	21057006	41522043	1508	0.1034569130018491
6677293	21057006	16250137	1682	0.3232096388885803
6677293	14579476	16250137	2484	0.388149195889763

