Start--> 19514897       51.51589, -0.14068
End--> 16272469  51.51671, -0.14134

Route : [51.51579,-0.14063, 51.51588,-0.14007, 51.51589,-0.14001, 51.51595,-0.1396, 51.51598,-0.13951, 51.51607,-0.13949, 51.51637,-0.13961, 51.5164,-0.13964, 51.51678,-0.1398, 51.51691,-0.13984, 51.51676,-0.14069, 51.51668,-0.1412, 51.51666,-0.14132]

S : 51.51589, -0.14068
D : 51.51361, -0.14312


19514897	6677293	21057006	1049	0.11225279123516313
19514897	15197179	14579476	1495	0.12817004063086576
19514897	6677293	14579476	1691	0.16189219908139996

S : 51.51671, -0.14134
D : 51.51361, -0.14312


41522043	6677293	21057006	845	0.22457604173065246
18464147	6677293	21057006	969	0.4691921483406177
18464147	15197179	14579476	1393	0.535722774060183
18464147	6677293	14579476	1611	0.6766740305589395


Start--> 16272469  51.51671, -0.14134
End--> 19514897       51.51589, -0.14068

Route : 51.51666,-0.14132| 51.51668,-0.1412| 51.51613,-0.14097| 51.51575,-0.14083| 51.51579,-0.14063

51.51671, -0.14134
&marker=size:mid|label:S|51.51671, -0.14134
&marker=size:mid|label:A|51.51666,-0.14132
&marker=size:mid|label:B|51.51668,-0.1412
&marker=size:mid|label:C|51.51613,-0.14097
&marker=size:mid|label:D|51.51575,-0.14083
&marker=size:mid|label:E|51.51579,-0.14063
&marker=size:mid|label:F|51.51589, -0.14068



S : 51.51668, -0.1412 B
D : 51.51361, -0.14312

41522043	6677293	21057006	850	0.22457604173065246
18464147	6677293	21057006	961	0.4691921483406177
18464147	15197179	14579476	1385	0.535722774060183
18464147	6677293	14579476	1603	0.6766740305589395



S : 51.51613, -0.14097 C
D : 51.51361, -0.14312

41522043	6677293	21057006	787	0.22457604173065246
18464147	6677293	21057006	1024	0.4691921483406177
18464147	15197179	14579476	1448	0.535722774060183
18464147	6677293	14579476	1666	0.6766740305589395




Start : 16250137  51.51487, -0.14081 A
End : 14579476    51.5113, -0.14262  B

Route : 

http://staticmaps.cloudmade.com/8ee2a50541944fb9bcedded5165f09d9/staticmap?styleid=1&size=1024x600&path=color:red|weight:5|
51.51467,-0.14081| 51.51467,-0.14081| 51.51455,-0.14115| 51.51439,-0.14166| 51.51397,-0.14144| 51.5137,-0.14125| 51.51305,-0.14068| 51.5122,-0.14181| 51.51191,-0.14228| 51.51168,-0.14257| 51.51151,-0.1427| 51.51146,-0.14283| 51.51142,-0.14288

&marker=size:mid|label:C|51.51467,-0.14081
&marker=size:mid|label:D|51.51455,-0.14115
&marker=size:mid|label:E|51.51439,-0.14166
&marker=size:mid|label:F|51.51397,-0.14144
&marker=size:mid|label:G|51.5137,-0.14125 
&marker=size:mid|label:H|51.51305,-0.14068
&marker=size:mid|label:I|51.5122,-0.14181
&marker=size:mid|label:J|51.51191,-0.14228
&marker=size:mid|label:K|51.51168,-0.14257
&marker=size:mid|label:L|51.51151,-0.1427
&marker=size:mid|label:M| 51.51146,-0.14283
&marker=size:mid|label:N| 51.51142,-0.14288

S : 51.51487, -0.14081  A
D : 51.51361, -0.14312

16250137	6677293	21057006	597	0.39694086989479016
16250137	7461171	14579476	1101	0.44732822595297095
16250137	6677293	14579476	1239	0.5724724492411689

NEW POINT : 
S : 51.51402,-0.14032
D : 51.51361, -0.14312

16250137	6677293	21057006	677	0.39694086989479016
16250137	7461171	14579476	1181	0.44732822595297095
16250137	6677293	14579476	1319	0.5724724492411689


S : 51.51467,-0.14081  C (Google maps A)
D : 51.51361, -0.14312

41522043	6677293	21057006	597	0.22457604173065246
41522043	6677293	14579476	1239	0.3238860152760525

S : 51.51464,-0.14090 (Google maps E)
D : 51.51361, -0.14312

41522043	6677293	21057006	590	0.22457604173065246
16250137	6677293	21057006	905	0.39694086989479016
16250137	7461171	14579476	1409	0.44732822595297095
16250137	6677293	14579476	1547	0.5724724492411689

S : 51.51449,-0.14096 (Google maps D)
D : 51.51361, -0.14312

41522043	6677293	21057006	578	0.22457604173065246
16250137	6677293	21057006	893	0.39694086989479016
16250137	7461171	14579476	1397	0.44732822595297095
16250137	6677293	14579476	1535	0.5724724492411689


S : 51.51449,-0.14146 (Google maps C)
D : 51.51361, -0.14312

41522043	6677293	21057006	547	0.22457604173065246
16250137	6677293	21057006	862	0.39694086989479016
16250137	7461171	14579476	1366	0.44732822595297095
16250137	6677293	14579476	1504	0.5724724492411689


S : 51.51439,-0.14166   E (Google maps B)
D : 51.51361, -0.14312

41522043	6677293	21057006	530	0.22457604173065246
16250137	6677293	21057006	845	0.39694086989479016
16250137	7461171	14579476	1349	0.44732822595297095
16250137	6677293	14579476	1487	0.5724724492411689


S : 51.51397,-0.14144   F
D : 51.51361, -0.14312

41522043	6677293	21057006	481	0.22457604173065246
16250137	6677293	21057006	796	0.39694086989479016
16250137	7461171	14579476	1300	0.44732822595297095
16250137	6677293	14579476	1438	0.5724724492411689



S : 51.5137,-0.14125   G  (Google maps : B)
D : 51.51361, -0.14312

41522043	6677293	21057006	1067	0.22457604173065246
16250137	6677293	21057006	1382	0.39694086989479016
16250137	7461171	14579476	1886	0.44732822595297095
18464147	6677293	21057006	1902	0.4691921483406177
16250137	6677293	14579476	2024	0.5724724492411689
18464147	6677293	14579476	2544	0.6766740305589395

S : 51.5136,-0.14120  (Google maps : D)
D : 51.51361, -0.14312

41522043	6677293	21057006	461	0.22457604173065246
16250137	6677293	21057006	776	0.39694086989479016
16250137	7461171	14579476	1280	0.44732822595297095
16250137	6677293	14579476	1418	0.5724724492411689


S : 51.5135,-0.14090  (Google maps : C)
D : 51.51361, -0.14312

41522043	6677293	21057006	480	0.22457604173065246
16250137	6677293	21057006	795	0.39694086989479016
16250137	7461171	14579476	1299	0.44732822595297095
16250137	6677293	14579476	1437	0.5724724492411689


S : 51.51305,-0.14068  H  (Google maps : A)
D : 51.51361, -0.14312

41522043	6677293	21057006	532	0.22457604173065246
16250137	6677293	21057006	847	0.39694086989479016
16250137	7461171	14579476	1351	0.44732822595297095
16250137	6677293	14579476	1489	0.5724724492411689


S : 51.5113, -0.14262  B
D : 51.51361, -0.14312

41522043	6677293	21057006	770	0.22457604173065246
16250137	6677293	21057006	1085	0.39694086989479016
16250137	7461171	14579476	1589	0.44732822595297095
16250137	6677293	14579476	1727	0.5724724492411689



Start--> 18752426  51.51609, -0.1425
End--> 14579476    51.5113, -0.14262

Route : [51.51612,-0.14234, 51.51644,-0.14249, 51.51692,-0.14269, 51.51735,-0.14293, 51.51737,-0.14282, 51.51694,-0.14259, 51.51646,-0.14238, 51.51593,-0.14211, 51.51527,-0.14191, 51.51464,-0.14181, 51.51439,-0.14166, 51.51397,-0.14144, 51.5137,-0.14125, 51.51305,-0.14068, 51.5122,-0.14181, 51.51191,-0.14228, 51.51168,-0.14257, 51.51151,-0.1427, 51.51146,-0.14283, 51.51142,-0.14288]


S : 51.51609, -0.1425
D : 51.51361, -0.14312

18752426	16253106	21057006	920	0.16238333460419793
18752426	6677293	21057006	1026	0.3087731164459666
18752426	15197179	14579476	1450	0.3525566041176676
18752426	6677293	14579476	1668	0.44531595418356085


&marker=size:mid|label:A|51.51612, -0.14234&marker=size:mid|label:B|51.51644, -0.14249&marker=size:mid|label:C|51.51692, -0.14269&marker=size:mid|label:D|51.51735, -0.14293&marker=size:mid|label:E|51.51737, -0.14282&marker=size:mid|label:F|51.51694, -0.14259&marker=size:mid|label:G|51.51646, -0.14238&marker=size:mid|label:H|51.51593, -0.14211&marker=size:mid|label:I|51.51527, -0.14191&marker=size:mid|label:J|51.51464, -0.14181&marker=size:mid|label:K|51.51439, -0.14166&marker=size:mid|label:L|51.51397, -0.14144&marker=size:mid|label:M|51.5137, -0.14125&marker=size:mid|label:N|51.51305, -0.14068&marker=size:mid|label:O|51.5122, -0.14181&marker=size:mid|label:P|51.51191, -0.14228&marker=size:mid|label:Q|51.51168, -0.14257&marker=size:mid|label:R|51.51151, -0.1427&marker=size:mid|label:S|51.51146, -0.14283&marker=size:mid|label:T|51.51142, -0.14288


S : 51.51527, -0.14191 I
D : 51.51361, -0.14312

41522043	6677293	21057006	630	0.22457604173065246
16250137	6677293	21057006	945	0.39694086989479016
18464147	6677293	21057006	1192	0.4691921483406177
16250137	6677293	14579476	1587	0.5724724492411689
18464147	6677293	14579476	1834	0.6766740305589395

S : 51.51485, -0.14190
D : 51.51361, -0.14312

18752426	16253106	21057006	1064	0.16238333460419793
18752426	6677293	21057006	1170	0.3087731164459666
18752426	15197179	14579476	1594	0.3525566041176676
18752426	6677293	14579476	1812	0.44531595418356085


S : 51.51464, -0.14181 J
D : 51.51361, -0.14312

41522043	6677293	21057006	560	0.22457604173065246
16250137	6677293	21057006	875	0.39694086989479016
16250137	7461171	14579476	1379	0.44732822595297095
16250137	6677293	14579476	1517	0.5724724492411689


S : 51.51397, -0.14144 L
D : 51.51361, -0.14312

41522043	6677293	21057006	481	0.22457604173065246
16250137	6677293	21057006	796	0.39694086989479016
16250137	7461171	14579476	1300	0.44732822595297095
16250137	6677293	14579476	1438	0.5724724492411689

S : 51.51305, -0.14068 N
D : 51.51361, -0.14312

41522043	6677293	21057006	532	0.22457604173065246
16250137	6677293	21057006	847	0.39694086989479016
16250137	7461171	14579476	1351	0.44732822595297095
16250137	6677293	14579476	1489	0.5724724492411689


S : 51.5113, -0.14262
D : 51.51361, -0.14312

41522043	6677293	21057006	770	0.22457604173065246
16250137	6677293	21057006	1085	0.39694086989479016
16250137	7461171	14579476	1589	0.44732822595297095
16250137	6677293	14579476	1727	0.5724724492411689



