			ASJQ									Normal Skyline

Source		Destination	Join1	JOin2	Join3	Final		Time		Join1	JOin2	Join3	Final		Time


19514897	16250137	154	624	50	12		493802688	154	1569	658	12		252226776
19514897	18130267	154	624	39	10		226389578	154	1569	501	10		233180355
19514897	18752428	154	624	35	8		222398162	154	1569	450	8		199495019
19514897	18752426	154	624	39	8		209676561	154	1569	506	8		220195656
19514897	18130598	154	624	55	9		206780276	154	1569	759	9		217932028
19514897	14579088	154	624	53	10		208246983	154	1569	669	10		233428561
19514897	18464147	154	624	54	11		191043048	154	1569	659	11		214448533
19514897	41522043	154	624	46	12		210529169	154	1569	608	12		210761308
19514897	14579494	154	624	48	13		199403956	154	1569	608	13		213362439
19514897	15197179	154	624	65	13		203223657	154	1569	812	13		202000097
19514897	16272469	154	624	40	8		179810135	154	1569	506	8		190956780
19514897	16211076	154	624	35	8		180979607	154	1569	450	8		187633853
19514897	16253106	154	624	72	11		181680772	154	1569	919	11		194634414
19514897	14579493	154	624	80	15		181373618	154	1569	1031	15		196738488
19514897	49650310	154	624	75	11		183853027	154	1569	965	11		192832840
19514897	7770986	154	624	75	12		179816610	154	1569	929	12		196137411
19514897	17791429	154	624	67	10		190544445	154	1569	873	10		209733123
19514897	7461171	154	624	63	17		184403955	154	1569	812	17		193429857
19514897	6677293	154	624	72	9		181224516	154	1569	900	9		193653817
19514897	21057006	154	624	65	7		200570555	154	1569	838	7		225868518
19514897	18021634	154	624	80	6		177334186	154	1569	1001	6		191212019
19514897	13955186	154	624	79	7		183221759	154	1569	1001	7		193985344
19514897	16210652	154	624	81	6		191465934	154	1569	1001	6		201631092
19514897	14579476	154	624	68	8		189910318	154	1569	888	8		196911674
19514897	7459221	154	624	44	9		184442655	154	1569	545	9		190797989
19514897	18754874	154	624	70	11		180084689	154	1569	907	11		200108646
19514897	35497190	154	624	70	7		207015021	154	1569	883	7		195366136
19514897	9001623	154	624	64	6		176955983	154	1569	839	6		192269673
19514897	15178444	154	624	35	9		176822705	154	1569	455	9		168036100
16250137	19514897	139	701	125	15		169872845	139	1415	819	15		187114503
16250137	18130267	139	701	71	20		177138407	139	1415	449	20		187447613
16250137	18752428	139	701	64	14		295042072	139	1415	402	14		239724551
16250137	18752426	139	701	69	15		181316999	139	1415	453	15		191871480
16250137	18130598	139	701	108	16		179603126	139	1415	685	16		187332906
16250137	14579088	139	701	93	17		173147495	139	1415	602	17		184438909
16250137	18464147	139	701	92	14		175930861	139	1415	594	14		183841418
16250137	41522043	139	701	86	13		171776431	139	1415	547	13		185772469
16250137	14579494	139	701	89	14		179959585	139	1415	547	14		186112170
16250137	15197179	139	701	113	13		179320879	139	1415	735	13		183950760
16250137	16272469	139	701	75	12		174025273	139	1415	453	12		190886190
16250137	16211076	139	701	64	14		181299908	139	1415	402	14		184363393
16250137	16253106	139	701	128	15		179889579	139	1415	831	15		190622049
16250137	14579493	139	701	141	13		178404118	139	1415	935	13		187904321
16250137	49650310	139	701	134	16		181922931	139	1415	871	16		203683586
16250137	7770986	139	701	125	20		181028871	139	1415	841	20		184175097
16250137	17791429	139	701	114	12		184659896	139	1415	792	12		186042562
16250137	7461171	139	701	117	15		181738841	139	1415	735	15		186903767
16250137	6677293	139	701	126	10		181816370	139	1415	812	10		195170595
16250137	21057006	139	701	117	13		185205532	139	1415	757	13		194513998
16250137	18021634	139	701	137	10		179886510	139	1415	906	10		190835639
16250137	13955186	139	701	135	14		192222267	139	1415	906	14		195433149
16250137	16210652	139	701	141	10		178572365	139	1415	906	10		189085872
16250137	14579476	139	701	130	10		177870887	139	1415	803	10		187825571
16250137	7459221	139	701	78	17		178366305	139	1415	492	17		192568901
16250137	18754874	139	701	121	13		183790656	139	1415	819	13		192383411
16250137	35497190	139	701	123	10		175858265	139	1415	799	10		190509375
16250137	9001623	139	701	112	12		177709212	139	1415	756	12		194025305
16250137	15178444	139	701	61	13		177774299	139	1415	408	13		192878870
18130267	19514897	17	225	42	6		176228370	17	225	130	6		175767548
18130267	16250137	17	225	31	7		177094287	17	225	94	7		169875383
18130267	18752428	17	225	21	5		170710796	17	225	63	5		172488791
18130267	18752426	17	225	22	5		171824397	17	225	71	5		174594397
18130267	18130598	17	225	35	7		168383661	17	225	109	7		172019951
18130267	14579088	17	225	30	7		171070752	17	225	95	7		167922021
18130267	18464147	17	225	30	8		173752203	17	225	95	8		167673559
18130267	41522043	17	225	28	9		173220579	17	225	87	9		169816108
18130267	14579494	17	225	29	10		175286334	17	225	87	10		168001130
18130267	15197179	17	225	36	10		174856791	17	225	119	10		170740121
18130267	16272469	17	225	24	6		166870166	17	225	71	6		172153809
18130267	16211076	17	225	21	5		180308802	17	225	63	5		169878655
18130267	16253106	17	225	41	8		174956137	17	225	134	8		169039696
18130267	14579493	17	225	44	11		171504312	17	225	151	11		173488985
18130267	49650310	17	225	45	8		168961551	17	225	140	8		169842618
18130267	7770986	17	225	40	9		174978950	17	225	135	9		171166921
18130267	17791429	17	225	38	7		175425908	17	225	128	7		171726189
18130267	7461171	17	225	37	13		183624150	17	225	119	13		169835720
18130267	6677293	17	225	41	5		172779761	17	225	130	5		172385474
18130267	21057006	17	225	37	6		174168491	17	225	122	6		166850772
18130267	18021634	17	225	45	7		182326172	17	225	146	7		169758857
18130267	13955186	17	225	44	8		179042316	17	225	146	8		172433399
18130267	16210652	17	225	46	6		178112558	17	225	146	6		184232084
18130267	14579476	17	225	41	7		177073480	17	225	129	7		171501101
18130267	7459221	17	225	25	6		175529754	17	225	79	6		169211834
18130267	18754874	17	225	39	7		167653757	17	225	132	7		183202664
18130267	35497190	17	225	40	5		167132712	17	225	129	5		174212203
18130267	9001623	17	225	39	7		179284299	17	225	121	7		173362738
18130267	15178444	17	225	21	7		179105494	17	225	64	7		164738531
18752428	19514897	17	225	42	6		178014638	17	225	130	6		172392426
18752428	16250137	17	225	31	7		166677004	17	225	94	7		170075169
18752428	18130267	17	225	23	7		173454684	17	225	71	7		172784377
18752428	18752426	17	225	22	5		167308469	17	225	71	5		179389410
18752428	18130598	17	225	35	7		173348382	17	225	109	7		173507002
18752428	14579088	17	225	30	7		183134000	17	225	95	7		173051483
18752428	18464147	17	225	30	8		171946672	17	225	95	8		173334135
18752428	41522043	17	225	28	9		175298104	17	225	87	9		166091959
18752428	14579494	17	225	29	10		172914885	17	225	87	10		171211022
18752428	15197179	17	225	36	10		170719702	17	225	119	10		176095474
18752428	16272469	17	225	24	6		170824372	17	225	71	6		169314976
18752428	16211076	17	225	21	5		177282945	17	225	63	5		172850316
18752428	16253106	17	225	41	8		175616518	17	225	134	8		168321342
18752428	14579493	17	225	44	11		172219548	17	225	151	11		177805118
18752428	49650310	17	225	45	8		174710693	17	225	140	8		170686732
18752428	7770986	17	225	40	9		173040528	17	225	135	9		173614995
18752428	17791429	17	225	38	7		173925388	17	225	128	7		170549708
18752428	7461171	17	225	37	13		166182906	17	225	119	13		170909082
18752428	6677293	17	225	41	5		172937813	17	225	130	5		172323721
18752428	21057006	17	225	37	6		168619162	17	225	122	6		172676315
18752428	18021634	17	225	45	7		182216062	17	225	146	7		178238560
18752428	13955186	17	225	44	8		179908930	17	225	146	8		178252279
18752428	16210652	17	225	46	6		176188596	17	225	146	6		170994357
18752428	14579476	17	225	41	7		179750358	17	225	129	7		167511833
18752428	7459221	17	225	25	6		174683922	17	225	79	6		168189948
18752428	18754874	17	225	39	7		171841278	17	225	132	7		177282285
18752428	35497190	17	225	40	5		170909653	17	225	129	5		172818289
18752428	9001623	17	225	39	7		173414095	17	225	121	7		173920628
18752428	15178444	17	225	21	7		169269664	17	225	64	7		166493278
18752426	19514897	91	486	69	8		170736809	91	844	492	8		179535475
18752426	16250137	91	486	51	10		181596045	91	844	355	10		208563682
18752426	18130267	91	486	39	9		168767552	91	844	271	9		178057660
18752426	18752428	91	486	36	7		172967806	91	844	245	7		175998844
18752426	18130598	91	486	54	9		173485504	91	844	408	9		178126047
18752426	14579088	91	486	58	11		174977056	91	844	361	11		178888004
18752426	18464147	91	486	54	9		173799520	91	844	353	9		178515258
18752426	41522043	91	486	47	13		173030664	91	844	327	13		179142032
18752426	14579494	91	486	49	12		174358108	91	844	327	12		177020966
18752426	15197179	91	486	63	11		175597159	91	844	431	11		179406261
18752426	16272469	91	486	41	7		172557142	91	844	275	7		184033771
18752426	16211076	91	486	36	7		170473600	91	844	245	7		180969070
18752426	16253106	91	486	69	12		175454509	91	844	489	12		180296115
18752426	14579493	91	486	82	16		175727160	91	844	547	16		177538717
18752426	49650310	91	486	73	13		192170838	91	844	516	13		177957906
18752426	7770986	91	486	78	12		179801733	91	844	495	12		176663615
18752426	17791429	91	486	66	11		173870082	91	844	463	11		182583241
18752426	7461171	91	486	61	17		177599885	91	844	431	17		188781488
18752426	6677293	91	486	71	10		183958079	91	844	482	10		180623913
18752426	21057006	91	486	63	7		175877161	91	844	447	7		189581922
18752426	18021634	91	486	84	5		178031550	91	844	533	5		182874297
18752426	13955186	91	486	82	5		187725770	91	844	533	5		175068911
18752426	16210652	91	486	84	5		180609136	91	844	533	5		188449628
18752426	14579476	91	486	66	8		185280534	91	844	475	8		180892805
18752426	7459221	91	486	44	7		178907329	91	844	291	7		176436449
18752426	18754874	91	486	66	9		177471342	91	844	483	9		181324874
18752426	35497190	91	486	67	7		175272147	91	844	471	7		177859920
18752426	9001623	91	486	62	3		173495411	91	844	451	3		181063025
18752426	15178444	91	486	36	9		172356649	91	844	247	9		175850045
18130598	19514897	71	333	65	8		175645670	71	694	401	8		178793955
18130598	16250137	71	333	48	10		172792342	71	694	291	10		179014537
18130598	18130267	71	333	37	9		174310756	71	694	220	9		177163570
18130598	18752428	71	333	34	8		170916740	71	694	197	8		179375463
18130598	18752426	71	333	36	8		175308040	71	694	222	8		172828075
18130598	14579088	71	333	49	9		171421429	71	694	295	9		176861639
18130598	18464147	71	333	49	12		172885920	71	694	291	12		171657341
18130598	41522043	71	333	45	10		172388771	71	694	268	10		178734322
18130598	14579494	71	333	47	13		178494017	71	694	268	13		172749881
18130598	15197179	71	333	59	14		196604814	71	694	360	14		175771102
18130598	16272469	71	333	40	9		168902895	71	694	222	9		176784859
18130598	16211076	71	333	34	8		170022777	71	694	197	8		175814817
18130598	16253106	71	333	66	11		175758756	71	694	407	11		184635484
18130598	14579493	71	333	73	12		182162947	71	694	458	12		181143253
18130598	49650310	71	333	68	11		177923882	71	694	427	11		171605467
18130598	7770986	71	333	65	12		176878647	71	694	412	12		178258730
18130598	17791429	71	333	61	9		175550009	71	694	388	9		179983192
18130598	7461171	71	333	60	15		173089695	71	694	360	15		182926446
18130598	6677293	71	333	66	7		172523610	71	694	398	7		176052429
18130598	21057006	71	333	60	7		178576949	71	694	371	7		179216814
18130598	18021634	71	333	72	9		178586381	71	694	444	9		176993028
18130598	13955186	71	333	70	11		182624133	71	694	444	11		183546619
18130598	16210652	71	333	74	9		180156125	71	694	444	9		181207799
18130598	14579476	71	333	66	9		181662947	71	694	394	9		182977812
18130598	7459221	71	333	41	10		173084100	71	694	241	10		178544223
18130598	18754874	71	333	64	10		172472699	71	694	401	10		184754857
18130598	35497190	71	333	64	7		174695613	71	694	392	7		179334435
18130598	9001623	71	333	59	10		177848321	71	694	371	10		174684731
18130598	15178444	71	333	34	9		170250241	71	694	200	9		182597605
14579088	19514897	99	558	110	12		174355559	99	965	559	12		180921355
14579088	16250137	99	558	79	12		177095605	99	965	405	12		179710417
14579088	18130267	99	558	60	16		174279513	99	965	307	16		179332267
14579088	18752428	99	558	55	13		180310201	99	965	276	13		175691350
14579088	18752426	99	558	62	14		174691770	99	965	311	14		179086417
14579088	18130598	99	558	88	15		177322732	99	965	467	15		184463565
14579088	18464147	99	558	81	17		172331165	99	965	404	17		181271456
14579088	41522043	99	558	75	11		174483233	99	965	373	11		182172108
14579088	14579494	99	558	78	14		172994285	99	965	373	14		185076748
14579088	15197179	99	558	96	11		179473402	99	965	497	11		190487722
14579088	16272469	99	558	64	15		172686163	99	965	311	15		179285616
14579088	16211076	99	558	55	13		175346344	99	965	276	13		176945842
14579088	16253106	99	558	108	15		187130586	99	965	563	15		177289343
14579088	14579493	99	558	122	17		178249544	99	965	633	17		179123350
14579088	49650310	99	558	116	17		178009784	99	965	591	17		174790611
14579088	7770986	99	558	112	18		177095414	99	965	571	18		187590550
14579088	17791429	99	558	99	11		175153756	99	965	536	11		179962055
14579088	7461171	99	558	98	13		174039678	99	965	497	13		183412049
14579088	6677293	99	558	108	9		179818792	99	965	552	9		175602118
14579088	21057006	99	558	99	11		177449108	99	965	513	11		185120073
14579088	18021634	99	558	121	9		176057509	99	965	614	9		177316945
14579088	13955186	99	558	116	9		174882351	99	965	614	9		182910787
14579088	16210652	99	558	124	9		177230279	99	965	614	9		182309358
14579088	14579476	99	558	107	9		175431058	99	965	545	9		184061150
14579088	7459221	99	558	68	13		177952107	99	965	334	13		176090891
14579088	18754874	99	558	104	12		180272842	99	965	555	12		179704760
14579088	35497190	99	558	100	10		179583603	99	965	541	10		181898818
14579088	9001623	99	558	96	9		177844360	99	965	514	9		179976958
14579088	15178444	99	558	54	12		173184735	99	965	280	12		180553793
18464147	19514897	153	630	66	7		177988998	153	1542	896	7		205540241
18464147	16250137	153	630	47	11		175036692	153	1542	647	11		188883248
18464147	18130267	153	630	37	9		185226513	153	1542	492	9		203295759
18464147	18752428	153	630	34	7		172504482	153	1542	442	7		187758180
18464147	18752426	153	630	39	7		178222006	153	1542	497	7		188718372
18464147	18130598	153	630	51	9		177718841	153	1542	746	9		191112446
18464147	14579088	153	630	52	10		178082590	153	1542	657	10		200183163
18464147	41522043	153	630	44	11		180522638	153	1542	597	11		190152492
18464147	14579494	153	630	46	11		175453859	153	1542	597	11		183474622
18464147	15197179	153	630	58	13		175109850	153	1542	797	13		187334381
18464147	16272469	153	630	39	7		176173125	153	1542	497	7		189896543
18464147	16211076	153	630	34	7		173106581	153	1542	442	7		184064305
18464147	16253106	153	630	65	11		181740369	153	1542	902	11		192826417
18464147	14579493	153	630	73	14		178936447	153	1542	1012	14		190128468
18464147	49650310	153	630	69	14		178685227	153	1542	948	14		191627087
18464147	7770986	153	630	68	13		180613040	153	1542	912	13		191406174
18464147	17791429	153	630	60	8		180146965	153	1542	857	8		190511227
18464147	7461171	153	630	58	16		177815099	153	1542	797	16		187994057
18464147	6677293	153	630	65	8		177300108	153	1542	884	8		194403923
18464147	21057006	153	630	59	7		183556139	153	1542	823	7		191738321
18464147	18021634	153	630	74	5		183658564	153	1542	983	5		194321831
18464147	13955186	153	630	72	6		181643263	153	1542	983	6		190676775
18464147	16210652	153	630	74	5		178878234	153	1542	983	5		192590341
18464147	14579476	153	630	61	7		178575597	153	1542	873	7		195304804
18464147	7459221	153	630	41	8		173502924	153	1542	535	8		198385379
18464147	18754874	153	630	62	10		182033527	153	1542	890	10		194248028
18464147	35497190	153	630	62	8		174656889	153	1542	868	8		192373684
18464147	9001623	153	630	59	3		182807859	153	1542	825	3		194393065
18464147	15178444	153	630	34	7		176486242	153	1542	447	7		181204699
41522043	19514897	99	585	110	12		189098740	99	965	559	12		195468153
41522043	16250137	99	585	79	12		176556686	99	965	405	12		176343075
41522043	18130267	99	585	57	16		172602828	99	965	307	16		177789999
41522043	18752428	99	585	51	12		173945363	99	965	276	12		180547823
41522043	18752426	99	585	57	15		170322152	99	965	311	15		180339487
41522043	18130598	99	585	88	14		176176614	99	965	467	14		184704975
41522043	14579088	99	585	81	15		171830319	99	965	412	15		184832811
41522043	18464147	99	585	80	17		174211677	99	965	404	17		182081235
41522043	14579494	99	585	76	15		179484916	99	965	373	15		181788885
41522043	15197179	99	585	97	14		177476326	99	965	497	14		180962322
41522043	16272469	99	585	60	13		170688087	99	965	311	13		174895313
41522043	16211076	99	585	51	12		172540352	99	965	276	12		178449761
41522043	16253106	99	585	110	15		180933677	99	965	563	15		188241363
41522043	14579493	99	585	126	18		180048152	99	965	633	18		182767102
41522043	49650310	99	585	116	14		179712599	99	965	591	14		182755349
41522043	7770986	99	585	113	19		174903353	99	965	571	19		184145647
41522043	17791429	99	585	101	11		182052103	99	965	536	11		180433056
41522043	7461171	99	585	99	14		178730995	99	965	497	14		183327154
41522043	6677293	99	585	109	11		184512862	99	965	552	11		185746967
41522043	21057006	99	585	99	11		181565377	99	965	513	11		188506668
41522043	18021634	99	585	124	10		181185903	99	965	614	10		184185552
41522043	13955186	99	585	120	13		176507839	99	965	614	13		181100558
41522043	16210652	99	585	126	10		178994178	99	965	614	10		187432179
41522043	14579476	99	585	109	11		180074042	99	965	545	11		183067924
41522043	7459221	99	585	63	14		172025993	99	965	334	14		187183849
41522043	18754874	99	585	109	13		173066198	99	965	555	13		183987853
41522043	35497190	99	585	104	11		173796723	99	965	541	11		180389771
41522043	9001623	99	585	98	12		188569522	99	965	514	12		183002747
41522043	15178444	99	585	52	13		174659809	99	965	280	13		182197080
14579494	19514897	119	413	83	10		175444022	119	1190	689	10		184514798
14579494	16250137	119	413	61	11		188083621	119	1190	499	11		176645970
14579494	18130267	119	413	46	11		175790432	119	1190	378	11		190163155
14579494	18752428	119	413	43	9		168506854	119	1190	339	9		177960278
14579494	18752426	119	413	47	10		171984034	119	1190	382	10		186479988
14579494	18130598	119	413	70	11		172199789	119	1190	576	11		183291466
14579494	14579088	119	413	62	11		175092490	119	1190	507	11		180763257
14579494	18464147	119	413	59	11		175206571	119	1190	499	11		179218624
14579494	41522043	119	413	56	13		168824234	119	1190	460	13		179377868
14579494	15197179	119	413	69	10		172156152	119	1190	616	10		185750588
14579494	16272469	119	413	49	10		174477229	119	1190	382	10		179675399
14579494	16211076	119	413	43	9		179334261	119	1190	339	9		179199464
14579494	16253106	119	413	78	11		174331755	119	1190	697	11		185179926
14579494	14579493	119	413	87	13		174024055	119	1190	784	13		195209849
14579494	49650310	119	413	86	13		174975543	119	1190	731	13		188320287
14579494	7770986	119	413	79	13		177847583	119	1190	706	13		184689406
14579494	17791429	119	413	71	9		177974239	119	1190	664	9		183491840
14579494	7461171	119	413	71	12		166977883	119	1190	616	12		193072360
14579494	6677293	119	413	77	11		176096936	119	1190	682	11		180112870
14579494	21057006	119	413	69	9		172649474	119	1190	635	9		187919533
14579494	18021634	119	413	87	9		182132204	119	1190	760	9		189442070
14579494	13955186	119	413	85	10		180274232	119	1190	760	10		184427824
14579494	16210652	119	413	89	9		177527174	119	1190	760	9		188101597
14579494	14579476	119	413	77	9		175381176	119	1190	674	9		184955777
14579494	7459221	119	413	49	11		174852300	119	1190	413	11		189487609
14579494	18754874	119	413	75	9		171241965	119	1190	687	9		185989982
14579494	35497190	119	413	75	9		173434147	119	1190	670	9		181191885
14579494	9001623	119	413	73	9		188365302	119	1190	635	9		182872368
14579494	15178444	119	413	42	10		180002907	119	1190	344	10		219528173
15197179	19514897	213	701	76	10		176372509	213	2240	1300	10		199028331
15197179	16250137	213	701	56	12		176661346	213	2240	939	12		198816055
15197179	18130267	213	701	42	10		181482993	213	2240	713	10		196698325
15197179	18752428	213	701	38	9		183975988	213	2240	639	9		195155946
15197179	18752426	213	701	43	9		174249743	213	2240	719	9		196258381
15197179	18130598	213	701	62	9		180050421	213	2240	1084	9		200661832
15197179	14579088	213	701	57	10		181030533	213	2240	953	10		201505823
15197179	18464147	213	701	56	11		184201726	213	2240	941	11		197751166
15197179	41522043	213	701	51	13		183843653	213	2240	867	13		195242082
15197179	14579494	213	701	52	15		183424136	213	2240	867	15		204759050
15197179	16272469	213	701	43	9		180308198	213	2240	719	9		191585524
15197179	16211076	213	701	38	9		174465718	213	2240	639	9		192279141
15197179	16253106	213	701	76	12		187015850	213	2240	1315	12		207709695
15197179	14579493	213	701	86	15		190591396	213	2240	1477	15		191282114
15197179	49650310	213	701	81	10		179233492	213	2240	1380	10		210796492
15197179	7770986	213	701	79	13		173592760	213	2240	1329	13		199151396
15197179	17791429	213	701	70	10		179226754	213	2240	1251	10		201816596
15197179	7461171	213	701	67	16		175838381	213	2240	1163	16		200083252
15197179	6677293	213	701	75	10		187113976	213	2240	1286	10		196296888
15197179	21057006	213	701	67	8		177266974	213	2240	1199	8		192154781
15197179	18021634	213	701	84	6		187570633	213	2240	1433	6		192023240
15197179	13955186	213	701	84	9		176621844	213	2240	1433	9		199840373
15197179	16210652	213	701	86	6		183473682	213	2240	1433	6		201384658
15197179	14579476	213	701	74	8		179141765	213	2240	1271	8		202394667
15197179	7459221	213	701	45	11		180940363	213	2240	779	11		194064179
15197179	18754874	213	701	73	10		185972278	213	2240	1297	10		202895358
15197179	35497190	213	701	74	8		183188278	213	2240	1265	8		206566482
15197179	9001623	213	701	70	5		180009591	213	2240	1199	5		197598870
15197179	15178444	213	701	38	10		181291084	213	2240	647	10		193358844
16272469	19514897	137	652	73	9		180839383	137	1340	780	9		189069890
16272469	16250137	137	652	52	12		173457733	137	1340	563	12		183765922
16272469	18130267	137	652	41	10		178981025	137	1340	429	10		180221098
16272469	18752428	137	652	37	7		176105091	137	1340	387	7		178692853
16272469	18752426	137	652	41	7		171462266	137	1340	435	7		178754012
16272469	18130598	137	652	56	9		181530578	137	1340	648	9		185350672
16272469	14579088	137	652	56	10		179719394	137	1340	573	10		196052445
16272469	18464147	137	652	57	10		175574161	137	1340	561	10		182174527
16272469	41522043	137	652	48	12		175465051	137	1340	519	12		188352928
16272469	14579494	137	652	51	13		177583324	137	1340	519	13		183646093
16272469	15197179	137	652	68	13		178858713	137	1340	687	13		183930904
16272469	16211076	137	652	37	7		181544337	137	1340	387	7		185261378
16272469	16253106	137	652	75	11		179534953	137	1340	779	11		183244172
16272469	14579493	137	652	83	15		177137877	137	1340	873	15		191604134
16272469	49650310	137	652	78	11		182602960	137	1340	820	11		190432263
16272469	7770986	137	652	78	12		177503138	137	1340	789	12		181822127
16272469	17791429	137	652	69	10		174894802	137	1340	739	10		189107436
16272469	7461171	137	652	66	17		174948780	137	1340	687	17		182358488
16272469	6677293	137	652	75	9		176805662	137	1340	766	9		192059657
16272469	21057006	137	652	67	7		175484532	137	1340	711	7		191736624
16272469	18021634	137	652	84	6		179680991	137	1340	849	6		189449404
16272469	13955186	137	652	81	7		182679324	137	1340	849	7		186134455
16272469	16210652	137	652	84	6		176773332	137	1340	849	6		191027390
16272469	14579476	137	652	71	9		177075056	137	1340	755	9		186870198
16272469	7459221	137	652	46	8		176194162	137	1340	463	8		184820172
16272469	18754874	137	652	71	11		176502280	137	1340	769	11		184493749
16272469	35497190	137	652	72	7		177310891	137	1340	749	7		186861074
16272469	9001623	137	652	66	7		175451740	137	1340	715	7		187129201
16272469	15178444	137	652	37	9		177728607	137	1340	391	9		184742076
16211076	19514897	16	127	40	7		173244319	16	127	77	7		174918477
16211076	16250137	16	127	29	10		174426953	16	127	54	10		316209588
16211076	18130267	16	127	22	8		174250035	16	127	43	8		168162365
16211076	18752428	16	127	20	7		176533402	16	127	40	7		170186071
16211076	18752426	16	127	22	7		166991415	16	127	44	7		177513689
16211076	18130598	16	127	33	8		175794423	16	127	61	8		171486857
16211076	14579088	16	127	29	8		180302334	16	127	55	8		172656480
16211076	18464147	16	127	29	8		174082293	16	127	53	8		167551353
16211076	41522043	16	127	26	10		172944367	16	127	50	10		169898886
16211076	14579494	16	127	27	10		172822809	16	127	50	10		172531969
16211076	15197179	16	127	35	10		175416394	16	127	62	10		170509189
16211076	16272469	16	127	23	7		169707959	16	127	44	7		164745614
16211076	16253106	16	127	40	10		178287079	16	127	71	10		174350369
16211076	14579493	16	127	43	12		172645546	16	127	77	12		170510808
16211076	49650310	16	127	41	10		176898873	16	127	77	10		170514103
16211076	7770986	16	127	39	10		171635183	16	127	71	10		178980672
16211076	17791429	16	127	36	7		180031135	16	127	65	7		179948663
16211076	7461171	16	127	35	14		177626295	16	127	62	14		177604526
16211076	6677293	16	127	40	6		182342226	16	127	72	6		171178573
16211076	21057006	16	127	37	6		182293326	16	127	66	6		174551297
16211076	18021634	16	127	43	5		181480802	16	127	77	5		177867371
16211076	13955186	16	127	43	5		175638052	16	127	77	5		173417203
16211076	16210652	16	127	44	5		176520341	16	127	77	5		171041436
16211076	14579476	16	127	41	6		170840799	16	127	70	6		171696525
16211076	7459221	16	127	24	7		175210641	16	127	43	7		178686013
16211076	18754874	16	127	39	9		174793839	16	127	71	9		168560548
16211076	35497190	16	127	40	6		173909051	16	127	69	6		174211987
16211076	9001623	16	127	37	3		180567538	16	127	69	3		172758969
16211076	15178444	16	127	20	7		173194651	16	127	39	7		169369551
16253106	19514897	213	736	76	9		180607095	213	2240	1300	9		211869025
16253106	16250137	213	736	55	11		178672420	213	2240	939	11		206215562
16253106	18130267	213	736	43	10		183729789	213	2240	713	10		197697047
16253106	18752428	213	736	39	7		188926983	213	2240	639	7		381452042
16253106	18752426	213	736	43	7		193687924	213	2240	719	7		209126892
16253106	18130598	213	736	61	10		225086971	213	2240	1084	10		212798995
16253106	14579088	213	736	58	11		186927541	213	2240	953	11		209048369
16253106	18464147	213	736	57	10		182591796	213	2240	941	10		194075292
16253106	41522043	213	736	51	12		181730907	213	2240	867	12		204422069
16253106	14579494	213	736	53	12		179369104	213	2240	867	12		217326240
16253106	15197179	213	736	69	14		184508383	213	2240	1163	14		208546754
16253106	16272469	213	736	45	7		290200193	213	2240	719	7		243409079
16253106	16211076	213	736	39	7		180145003	213	2240	639	7		200297325
16253106	14579493	213	736	87	14		181368274	213	2240	1477	14		195885217
16253106	49650310	213	736	81	13		181029461	213	2240	1380	13		209523502
16253106	7770986	213	736	80	13		186042621	213	2240	1329	13		204277227
16253106	17791429	213	736	72	10		195247878	213	2240	1251	10		200822918
16253106	7461171	213	736	69	16		188574245	213	2240	1163	16		204191145
16253106	6677293	213	736	77	9		181929610	213	2240	1286	9		197452990
16253106	21057006	213	736	70	8		176501264	213	2240	1199	8		204566815
16253106	18021634	213	736	88	6		180990431	213	2240	1433	6		206966973
16253106	13955186	213	736	85	7		177529781	213	2240	1433	7		206719468
16253106	16210652	213	736	87	6		344977786	213	2240	1433	6		203417201
16253106	14579476	213	736	75	8		178876071	213	2240	1271	8		197114760
16253106	7459221	213	736	47	9		179486085	213	2240	779	9		196647739
16253106	18754874	213	736	74	12		182924312	213	2240	1297	12		208601825
16253106	35497190	213	736	74	8		178989899	213	2240	1265	8		199834928
16253106	9001623	213	736	70	5		174549587	213	2240	1199	5		195557924
16253106	15178444	213	736	39	10		183432902	213	2240	647	10		196194848
14579493	19514897	172	699	124	12		189444788	172	1892	1096	12		192717526
14579493	16250137	172	699	89	13		175227677	172	1892	792	13		193827524
14579493	18130267	172	699	70	18		184118207	172	1892	600	18		190627236
14579493	18752428	172	699	64	14		175463738	172	1892	536	14		188421651
14579493	18752426	172	699	69	16		177006633	172	1892	604	16		196538541
14579493	18130598	172	699	104	16		182574418	172	1892	916	16		190233838
14579493	14579088	172	699	94	16		181213786	172	1892	804	16		196465050
14579493	18464147	172	699	91	13		176446802	172	1892	796	13		192665759
14579493	41522043	172	699	84	13		175403839	172	1892	732	13		192881556
14579493	14579494	172	699	88	15		178329794	172	1892	732	15		188049183
14579493	15197179	172	699	110	12		179416686	172	1892	988	12		192377633
14579493	16272469	172	699	75	11		178951360	172	1892	604	11		191465156
14579493	16211076	172	699	64	14		177459465	172	1892	536	14		183037123
14579493	16253106	172	699	124	17		180970463	172	1892	1116	17		199528620
14579493	49650310	172	699	130	17		178190390	172	1892	1168	17		199748598
14579493	7770986	172	699	123	21		185426447	172	1892	1128	21		198080486
14579493	17791429	172	699	112	12		179871171	172	1892	1064	12		197728484
14579493	7461171	172	699	113	13		181293748	172	1892	988	13		202238372
14579493	6677293	172	699	123	9		180803931	172	1892	1088	9		194886382
14579493	21057006	172	699	114	10		177562943	172	1892	1016	10		194389473
14579493	18021634	172	699	134	12		180616132	172	1892	1216	12		195923886
14579493	13955186	172	699	132	10		184129113	172	1892	1216	10		199064184
14579493	16210652	172	699	138	12		182118434	172	1892	1216	12		199539309
14579493	14579476	172	699	123	10		177642614	172	1892	1076	10		196473148
14579493	7459221	172	699	78	19		174684262	172	1892	660	19		192841192
14579493	18754874	172	699	119	14		186105953	172	1892	1100	14		192988213
14579493	35497190	172	699	117	10		180457422	172	1892	1072	10		194143337
14579493	9001623	172	699	110	8		183507054	172	1892	1012	8		197586179
14579493	15178444	172	699	62	14		176183385	172	1892	544	14		193304359
49650310	19514897	197	692	97	12		184890133	197	2113	1223	12		202260729
49650310	16250137	197	692	73	13		183395151	197	2113	885	13		189332564
49650310	18130267	197	692	53	12		180321006	197	2113	670	12		191837017
49650310	18752428	197	692	49	11		210454311	197	2113	599	11		325560835
49650310	18752426	197	692	53	11		194285962	197	2113	675	11		188713084
49650310	18130598	197	692	86	12		188335215	197	2113	1023	12		246161645
49650310	14579088	197	692	71	12		218148519	197	2113	898	12		270854077
49650310	18464147	197	692	73	14		252136884	197	2113	888	14		237201088
49650310	41522043	197	692	68	15		186197716	197	2113	817	15		216010164
49650310	14579494	197	692	69	16		202671183	197	2113	817	16		235805234
49650310	15197179	197	692	88	16		193340756	197	2113	1101	16		254479604
49650310	16272469	197	692	57	12		186492116	197	2113	675	12		199959920
49650310	16211076	197	692	49	11		189330422	197	2113	599	11		231366705
49650310	16253106	197	692	99	14		191190518	197	2113	1244	14		214321743
49650310	14579493	197	692	112	16		191919105	197	2113	1400	16		347595442
49650310	7770986	197	692	96	14		212393419	197	2113	1258	14		214986573
49650310	17791429	197	692	92	12		251158546	197	2113	1186	12		209180322
49650310	7461171	197	692	88	18		195071961	197	2113	1101	18		297955004
49650310	6677293	197	692	98	10		193696713	197	2113	1214	10		223336818
49650310	21057006	197	692	91	9		204826557	197	2113	1133	9		208028630
49650310	18021634	197	692	110	11		198314313	197	2113	1356	11		210919117
49650310	13955186	197	692	107	12		213155041	197	2113	1356	12		211197435
49650310	16210652	197	692	112	10		193431938	197	2113	1356	10		234897131
49650310	14579476	197	692	98	11		196957488	197	2113	1201	11		244295271
49650310	7459221	197	692	61	11		202984301	197	2113	736	11		288047831
49650310	18754874	197	692	98	11		264456227	197	2113	1226	11		223264147
49650310	35497190	197	692	98	10		187620842	197	2113	1196	10		204748450
49650310	9001623	197	692	88	11		192028132	197	2113	1130	11		207127755
49650310	15178444	197	692	49	13		188889820	197	2113	608	13		199015205
7770986	19514897	197	1030	158	15		235142874	197	2113	1223	15		239331585
7770986	16250137	197	1030	115	16		193131754	197	2113	885	16		234683185
7770986	18130267	197	1030	85	20		261962605	197	2113	670	20		254546981
7770986	18752428	197	1030	77	15		191584051	197	2113	599	15		202338930
7770986	18752426	197	1030	84	15		188685984	197	2113	675	15		207763162
7770986	18130598	197	1030	134	18		185346161	197	2113	1023	18		205659072
7770986	14579088	197	1030	116	17		188094410	197	2113	898	17		207509277
7770986	18464147	197	1030	111	22		192672841	197	2113	888	22		197955386
7770986	41522043	197	1030	105	16		185191457	197	2113	817	16		201736366
7770986	14579494	197	1030	109	21		186680180	197	2113	817	21		211867373
7770986	15197179	197	1030	136	20		197045967	197	2113	1101	20		209080880
7770986	16272469	197	1030	90	18		186418554	197	2113	675	18		202802895
7770986	16211076	197	1030	77	15		186482114	197	2113	599	15		200936069
7770986	16253106	197	1030	155	19		236971415	197	2113	1244	19		208597745
7770986	14579493	197	1030	172	20		193169351	197	2113	1400	20		216885893
7770986	49650310	197	1030	168	20		194936659	197	2113	1303	20		509180386
7770986	17791429	197	1030	144	12		248646562	197	2113	1186	12		210541224
7770986	7461171	197	1030	142	24		182866122	197	2113	1101	24		197015144
7770986	6677293	197	1030	155	13		180187548	197	2113	1214	13		205750852
7770986	21057006	197	1030	143	16		182412424	197	2113	1133	16		201065701
7770986	18021634	197	1030	174	14		181574288	197	2113	1356	14		204699886
7770986	13955186	197	1030	170	16		184828181	197	2113	1356	16		206651566
7770986	16210652	197	1030	176	15		189826826	197	2113	1356	15		199513758
7770986	14579476	197	1030	158	17		184203552	197	2113	1201	17		197840229
7770986	7459221	197	1030	94	19		186914223	197	2113	736	19		201913263
7770986	18754874	197	1030	152	18		184964501	197	2113	1226	18		203840046
7770986	35497190	197	1030	151	15		181806056	197	2113	1196	15		199015782
7770986	9001623	197	1030	145	14		207777700	197	2113	1130	14		240718967
7770986	15178444	197	1030	78	15		184202340	197	2113	608	15		191414156
17791429	19514897	197	633	124	13		176886395	197	2113	1223	13		193519772
17791429	16250137	197	633	91	13		178285238	197	2113	885	13		193209535
17791429	18130267	197	633	68	16		178456910	197	2113	670	16		191064498
17791429	18752428	197	633	63	15		178459965	197	2113	599	15		195438798
17791429	18752426	197	633	68	14		174478254	197	2113	675	14		195470036
17791429	18130598	197	633	107	15		182016266	197	2113	1023	15		196941190
17791429	14579088	197	633	91	15		179578805	197	2113	898	15		183179733
17791429	18464147	197	633	89	11		177153428	197	2113	888	11		193854688
17791429	41522043	197	633	83	14		184057990	197	2113	817	14		197601352
17791429	14579494	197	633	86	15		180274331	197	2113	817	15		197419994
17791429	15197179	197	633	106	12		181545737	197	2113	1101	12		202897377
17791429	16272469	197	633	73	11		174053207	197	2113	675	11		195962204
17791429	16211076	197	633	63	15		180189790	197	2113	599	15		194214575
17791429	16253106	197	633	118	15		177803422	197	2113	1244	15		202830276
17791429	14579493	197	633	133	15		181178341	197	2113	1400	15		217029822
17791429	49650310	197	633	129	13		176698840	197	2113	1303	13		197537354
17791429	7770986	197	633	119	18		180850648	197	2113	1258	18		206705558
17791429	7461171	197	633	108	15		176636248	197	2113	1101	15		197503372
17791429	6677293	197	633	118	13		182179034	197	2113	1214	13		197886404
17791429	21057006	197	633	106	14		180376911	197	2113	1133	14		196984218
17791429	18021634	197	633	130	12		188715997	197	2113	1356	12		201181949
17791429	13955186	197	633	130	10		179471830	197	2113	1356	10		200324108
17791429	16210652	197	633	135	13		184585118	197	2113	1356	13		202293377
17791429	14579476	197	633	120	13		180496060	197	2113	1201	13		205430920
17791429	7459221	197	633	72	20		179287573	197	2113	736	20		197182585
17791429	18754874	197	633	118	12		179575168	197	2113	1226	12		202279472
17791429	35497190	197	633	116	11		174637504	197	2113	1196	11		201468172
17791429	9001623	197	633	109	10		179817317	197	2113	1130	10		202131641
17791429	15178444	197	633	61	14		180258177	197	2113	608	14		198078394
7461171	19514897	197	893	141	17		180733137	197	2113	1223	17		195062230
7461171	16250137	197	893	102	13		178586908	197	2113	885	13		194147488
7461171	18130267	197	893	76	17		174990709	197	2113	670	17		192736871
7461171	18752428	197	893	68	12		179642046	197	2113	599	12		195453212
7461171	18752426	197	893	73	13		178997133	197	2113	675	13		191933129
7461171	18130598	197	893	124	15		178592636	197	2113	1023	15		197195276
7461171	14579088	197	893	100	15		180826441	197	2113	898	15		205103904
7461171	18464147	197	893	98	17		181232496	197	2113	888	17		197267428
7461171	41522043	197	893	94	13		180613768	197	2113	817	13		194033804
7461171	14579494	197	893	97	15		179970551	197	2113	817	15		201500042
7461171	15197179	197	893	124	11		184024987	197	2113	1101	11		202859679
7461171	16272469	197	893	80	13		178886144	197	2113	675	13		193404893
7461171	16211076	197	893	68	12		177647614	197	2113	599	12		198960610
7461171	16253106	197	893	142	15		184189809	197	2113	1244	15		200987190
7461171	14579493	197	893	156	13		180815130	197	2113	1400	13		200013652
7461171	49650310	197	893	149	19		182013313	197	2113	1303	19		200372209
7461171	7770986	197	893	135	19		181244269	197	2113	1258	19		194262334
7461171	17791429	197	893	129	12		207768160	197	2113	1186	12		208809994
7461171	6677293	197	893	140	12		182226564	197	2113	1214	12		197134165
7461171	21057006	197	893	131	15		185914133	197	2113	1133	15		197204635
7461171	18021634	197	893	157	13		180909227	197	2113	1356	13		200129137
7461171	13955186	197	893	153	16		185038000	197	2113	1356	16		195687869
7461171	16210652	197	893	158	14		181567792	197	2113	1356	14		206680770
7461171	14579476	197	893	150	13		181511195	197	2113	1201	13		193606657
7461171	7459221	197	893	85	16		177990121	197	2113	736	16		192768097
7461171	18754874	197	893	138	11		176984597	197	2113	1226	11		199265671
7461171	35497190	197	893	142	10		188880931	197	2113	1196	10		199131423
7461171	9001623	197	893	129	14		185776670	197	2113	1130	14		198513168
7461171	15178444	197	893	67	10		177537168	197	2113	608	10		195436494
6677293	19514897	213	598	98	13		178939245	213	2240	1300	13		206467031
6677293	16250137	213	598	71	14		178526429	213	2240	939	14		196500305
6677293	18130267	213	598	55	12		203997908	213	2240	713	12		200140396
6677293	18752428	213	598	50	10		177759868	213	2240	639	10		195585154
6677293	18752426	213	598	55	10		177194676	213	2240	719	10		194617116
6677293	18130598	213	598	80	12		176544169	213	2240	1084	12		197547235
6677293	14579088	213	598	73	12		178593748	213	2240	953	12		210612541
6677293	18464147	213	598	74	11		178877274	213	2240	941	11		193545406
6677293	41522043	213	598	66	14		175829037	213	2240	867	14		198041333
6677293	14579494	213	598	69	13		185165041	213	2240	867	13		192711862
6677293	15197179	213	598	88	13		184356265	213	2240	1163	13		196876741
6677293	16272469	213	598	58	11		176741106	213	2240	719	11		194880219
6677293	16211076	213	598	50	10		180038227	213	2240	639	10		192487294
6677293	16253106	213	598	99	12		184096903	213	2240	1315	12		202690616
6677293	14579493	213	598	109	13		184828159	213	2240	1477	13		204184400
6677293	49650310	213	598	102	12		186487289	213	2240	1380	12		200034328
6677293	7770986	213	598	99	14		180671396	213	2240	1329	14		241052707
6677293	17791429	213	598	88	10		173853006	213	2240	1251	10		194926065
6677293	7461171	213	598	88	13		175477718	213	2240	1163	13		198820402
6677293	21057006	213	598	89	10		181107934	213	2240	1199	10		198766982
6677293	18021634	213	598	106	11		184980026	213	2240	1433	11		204783431
6677293	13955186	213	598	107	8		186652026	213	2240	1433	8		198220054
6677293	16210652	213	598	109	12		178954209	213	2240	1433	12		198517614
6677293	14579476	213	598	97	9		175042769	213	2240	1271	9		207660039
6677293	7459221	213	598	60	14		178101874	213	2240	779	14		201017174
6677293	18754874	213	598	95	13		179516099	213	2240	1297	13		201384051
6677293	35497190	213	598	95	9		182360795	213	2240	1265	9		203024341
6677293	9001623	213	598	88	7		180615351	213	2240	1199	7		199593148
6677293	15178444	213	598	49	11		174308292	213	2240	647	11		198600778
21057006	19514897	213	598	98	13		179608930	213	2240	1300	13		209316286
21057006	16250137	213	598	71	14		179047458	213	2240	939	14		191850444
21057006	18130267	213	598	55	12		180990552	213	2240	713	12		198077643
21057006	18752428	213	598	50	10		174206074	213	2240	639	10		195344850
21057006	18752426	213	598	55	10		174282245	213	2240	719	10		198686646
21057006	18130598	213	598	80	12		175178344	213	2240	1084	12		194109631
21057006	14579088	213	598	73	12		178294251	213	2240	953	12		191730944
21057006	18464147	213	598	74	11		180192562	213	2240	941	11		193288936
21057006	41522043	213	598	66	14		177335116	213	2240	867	14		193065979
21057006	14579494	213	598	69	13		190932145	213	2240	867	13		196958209
21057006	15197179	213	598	88	13		180661681	213	2240	1163	13		210765140
21057006	16272469	213	598	58	11		177767280	213	2240	719	11		196999146
21057006	16211076	213	598	50	10		178392018	213	2240	639	10		200063827
21057006	16253106	213	598	99	12		178234604	213	2240	1315	12		198288482
21057006	14579493	213	598	109	13		183698864	213	2240	1477	13		200334465
21057006	49650310	213	598	102	12		180022383	213	2240	1380	12		208393807
21057006	7770986	213	598	99	14		193970179	213	2240	1329	14		202244729
21057006	17791429	213	598	88	10		180452307	213	2240	1251	10		202751049
21057006	7461171	213	598	88	13		180074860	213	2240	1163	13		201892891
21057006	6677293	213	598	98	11		181082249	213	2240	1286	11		201792870
21057006	18021634	213	598	106	11		186372118	213	2240	1433	11		202143840
21057006	13955186	213	598	107	8		185296416	213	2240	1433	8		200666242
21057006	16210652	213	598	109	12		179012918	213	2240	1433	12		198839343
21057006	14579476	213	598	97	9		177162193	213	2240	1271	9		204391837
21057006	7459221	213	598	60	14		177257699	213	2240	779	14		200798110
21057006	18754874	213	598	95	13		180681992	213	2240	1297	13		195756640
21057006	35497190	213	598	95	9		178928121	213	2240	1265	9		198854043
21057006	9001623	213	598	88	7		177984845	213	2240	1199	7		206197854
21057006	15178444	213	598	49	11		181095378	213	2240	647	11		200213954
18021634	19514897	213	885	87	8		184564445	213	2240	1300	8		207188646
18021634	16250137	213	885	62	11		188485123	213	2240	939	11		201202618
18021634	18130267	213	885	47	11		194970572	213	2240	713	11		197611084
18021634	18752428	213	885	42	7		184109325	213	2240	639	7		196874755
18021634	18752426	213	885	48	7		176268366	213	2240	719	7		198651640
18021634	18130598	213	885	69	11		186408168	213	2240	1084	11		197715644
18021634	14579088	213	885	67	12		184592650	213	2240	953	12		198623202
18021634	18464147	213	885	64	11		177509397	213	2240	941	11		201035728
18021634	41522043	213	885	57	11		184225257	213	2240	867	11		198906464
18021634	14579494	213	885	60	13		181767362	213	2240	867	13		197950449
18021634	15197179	213	885	79	14		180430299	213	2240	1163	14		202318102
18021634	16272469	213	885	50	7		181959253	213	2240	719	7		200926192
18021634	16211076	213	885	42	7		176461250	213	2240	639	7		195511511
18021634	16253106	213	885	89	13		184249045	213	2240	1315	13		206536278
18021634	14579493	213	885	101	15		182837044	213	2240	1477	15		196695221
18021634	49650310	213	885	95	14		186855978	213	2240	1380	14		202251139
18021634	7770986	213	885	92	15		182875444	213	2240	1329	15		203448020
18021634	17791429	213	885	84	8		187944135	213	2240	1251	8		200630837
18021634	7461171	213	885	80	18		179665597	213	2240	1163	18		196025777
18021634	6677293	213	885	88	8		187983154	213	2240	1286	8		197910900
18021634	21057006	213	885	81	9		180099413	213	2240	1199	9		197094792
18021634	13955186	213	885	99	8		181196592	213	2240	1433	8		202509817
18021634	16210652	213	885	100	6		180825689	213	2240	1433	6		213123965
18021634	14579476	213	885	86	10		180560225	213	2240	1271	10		199737562
18021634	7459221	213	885	53	10		181258821	213	2240	779	10		194371774
18021634	18754874	213	885	85	11		178426600	213	2240	1297	11		204167714
18021634	35497190	213	885	84	9		181933777	213	2240	1265	9		200604753
18021634	9001623	213	885	81	5		182815109	213	2240	1199	5		199744228
18021634	15178444	213	885	44	9		182313969	213	2240	647	9		195886371
13955186	19514897	213	680	78	11		178661668	213	2240	1300	11		199288189
13955186	16250137	213	680	57	14		178571815	213	2240	939	14		200696638
13955186	18130267	213	680	45	11		180917320	213	2240	713	11		194993198
13955186	18752428	213	680	41	9		178253900	213	2240	639	9		193507257
13955186	18752426	213	680	45	9		177567977	213	2240	719	9		191050684
13955186	18130598	213	680	64	10		182453937	213	2240	1084	10		197020095
13955186	14579088	213	680	60	11		181584964	213	2240	953	11		198033547
13955186	18464147	213	680	61	14		178556432	213	2240	941	14		194332926
13955186	41522043	213	680	53	12		181983573	213	2240	867	12		200487543
13955186	14579494	213	680	56	14		180551156	213	2240	867	14		198023879
13955186	15197179	213	680	72	18		184542929	213	2240	1163	18		196285861
13955186	16272469	213	680	48	12		178203784	213	2240	719	12		199307842
13955186	16211076	213	680	41	9		180590024	213	2240	639	9		198433980
13955186	16253106	213	680	81	13		185160592	213	2240	1315	13		205036273
13955186	14579493	213	680	89	14		181683427	213	2240	1477	14		213393754
13955186	49650310	213	680	81	12		179670649	213	2240	1380	12		210620499
13955186	7770986	213	680	82	13		184312564	213	2240	1329	13		202963682
13955186	17791429	213	680	73	10		181556812	213	2240	1251	10		203704013
13955186	7461171	213	680	71	15		183732787	213	2240	1163	15		199016571
13955186	6677293	213	680	81	10		183060688	213	2240	1286	10		199864057
13955186	21057006	213	680	72	7		179546500	213	2240	1199	7		199781025
13955186	18021634	213	680	88	9		180660861	213	2240	1433	9		201401642
13955186	16210652	213	680	90	9		185221663	213	2240	1433	9		201194641
13955186	14579476	213	680	78	9		180301367	213	2240	1271	9		203236726
13955186	7459221	213	680	50	10		180993506	213	2240	779	10		204885577
13955186	18754874	213	680	77	13		181228118	213	2240	1297	13		209901034
13955186	35497190	213	680	78	8		184208858	213	2240	1265	8		186779655
13955186	9001623	213	680	71	10		178650999	213	2240	1199	10		194216689
13955186	15178444	213	680	41	9		177354477	213	2240	647	9		204520724
16210652	19514897	213	680	72	8		182207679	213	2240	1300	8		196114318
16210652	16250137	213	680	50	11		190316985	213	2240	939	11		196793992
16210652	18130267	213	680	40	10		185737776	213	2240	713	10		196403170
16210652	18752428	213	680	36	8		182401330	213	2240	639	8		200474475
16210652	18752426	213	680	40	8		178301020	213	2240	719	8		208230446
16210652	18130598	213	680	56	9		177231801	213	2240	1084	9		186503085
16210652	14579088	213	680	54	10		181009821	213	2240	953	10		202026440
16210652	18464147	213	680	56	10		181073145	213	2240	941	10		197355554
16210652	41522043	213	680	46	13		179344073	213	2240	867	13		193144070
16210652	14579494	213	680	49	13		193564954	213	2240	867	13		198749298
16210652	15197179	213	680	67	13		191693069	213	2240	1163	13		197789667
16210652	16272469	213	680	42	8		180741889	213	2240	719	8		200908920
16210652	16211076	213	680	36	8		176428030	213	2240	639	8		199377700
16210652	16253106	213	680	74	11		184404020	213	2240	1315	11		197717125
16210652	14579493	213	680	82	15		192908432	213	2240	1477	15		196503929
16210652	49650310	213	680	76	11		183346356	213	2240	1380	11		205182301
16210652	7770986	213	680	77	12		179558622	213	2240	1329	12		198729009
16210652	17791429	213	680	69	10		181102422	213	2240	1251	10		213101794
16210652	7461171	213	680	64	15		177780871	213	2240	1163	15		202020253
16210652	6677293	213	680	74	10		184237352	213	2240	1286	10		206582277
16210652	21057006	213	680	65	7		182156710	213	2240	1199	7		206913432
16210652	18021634	213	680	82	8		186450230	213	2240	1433	8		207222950
16210652	13955186	213	680	81	9		181808056	213	2240	1433	9		204534371
16210652	14579476	213	680	69	8		179704704	213	2240	1271	8		201660073
16210652	7459221	213	680	44	9		183091691	213	2240	779	9		198201212
16210652	18754874	213	680	72	11		179237417	213	2240	1297	11		204174806
16210652	35497190	213	680	71	7		176094998	213	2240	1265	7		197556814
16210652	9001623	213	680	67	8		179612539	213	2240	1199	8		196734080
16210652	15178444	213	680	37	9		182302768	213	2240	647	9		192713537
14579476	19514897	213	656	108	12		177909304	213	2240	1300	12		201389577
14579476	16250137	213	656	78	14		176742833	213	2240	939	14		193491205
14579476	18130267	213	656	62	16		171703195	213	2240	713	16		192156031
14579476	18752428	213	656	56	12		184656222	213	2240	639	12		192588302
14579476	18752426	213	656	62	14		194698184	213	2240	719	14		198316443
14579476	18130598	213	656	85	13		181139284	213	2240	1084	13		206003168
14579476	14579088	213	656	83	13		177543292	213	2240	953	13		193247190
14579476	18464147	213	656	82	11		175992900	213	2240	941	11		200575825
14579476	41522043	213	656	73	12		176680862	213	2240	867	12		194402312
14579476	14579494	213	656	76	12		177456165	213	2240	867	12		199746986
14579476	15197179	213	656	98	13		180553021	213	2240	1163	13		200406714
14579476	16272469	213	656	63	10		174338573	213	2240	719	10		198444420
14579476	16211076	213	656	56	12		181614021	213	2240	639	12		190154214
14579476	16253106	213	656	108	15		178222151	213	2240	1315	15		205254903
14579476	14579493	213	656	121	12		179675356	213	2240	1477	12		200782915
14579476	49650310	213	656	117	13		184614273	213	2240	1380	13		201022445
14579476	7770986	213	656	114	17		177519232	213	2240	1329	17		204961744
14579476	17791429	213	656	97	10		178903185	213	2240	1251	10		199619388
14579476	7461171	213	656	98	12		182678503	213	2240	1163	12		195957626
14579476	6677293	213	656	109	9		185722756	213	2240	1286	9		200697414
14579476	21057006	213	656	101	12		182350609	213	2240	1199	12		188063667
14579476	18021634	213	656	120	11		183084695	213	2240	1433	11		195868378
14579476	13955186	213	656	121	9		180850215	213	2240	1433	9		201200661
14579476	16210652	213	656	124	12		177708644	213	2240	1433	12		200601091
14579476	7459221	213	656	69	16		180495052	213	2240	779	16		204139252
14579476	18754874	213	656	103	11		174195639	213	2240	1297	11		204300588
14579476	35497190	213	656	104	11		182104878	213	2240	1265	11		213137765
14579476	9001623	213	656	98	8		180927084	213	2240	1199	8		201928530
14579476	15178444	213	656	52	10		184818920	213	2240	647	10		193630440
7459221	19514897	97	496	91	10		174560465	97	942	545	10		190396335
7459221	16250137	97	496	68	11		171559757	97	942	395	11		172232407
7459221	18130267	97	496	50	10		172275119	97	942	299	10		178905066
7459221	18752428	97	496	46	9		174016755	97	942	268	9		175406862
7459221	18752426	97	496	49	9		170632561	97	942	302	9		177714500
7459221	18130598	97	496	79	10		175905314	97	942	456	10		178257201
7459221	14579088	97	496	67	10		172691869	97	942	401	10		177454698
7459221	18464147	97	496	69	12		170347396	97	942	395	12		180456543
7459221	41522043	97	496	63	14		182145475	97	942	364	14		179371631
7459221	14579494	97	496	65	14		172470959	97	942	364	14		173550477
7459221	15197179	97	496	83	14		183302202	97	942	488	14		184601232
7459221	16272469	97	496	54	10		176802647	97	942	302	10		181586887
7459221	16211076	97	496	46	9		169796807	97	942	268	9		176931149
7459221	16253106	97	496	93	12		180424199	97	942	552	12		182486397
7459221	14579493	97	496	103	14		176203374	97	942	621	14		188991481
7459221	49650310	97	496	95	11		173321880	97	942	579	11		182945617
7459221	7770986	97	496	90	12		179923173	97	942	559	12		181218716
7459221	17791429	97	496	86	13		174804709	97	942	526	13		193457169
7459221	7461171	97	496	83	16		179094902	97	942	488	16		184733058
7459221	6677293	97	496	92	10		179186316	97	942	540	10		181147723
7459221	21057006	97	496	84	9		179682249	97	942	503	9		181248509
7459221	18021634	97	496	101	10		175728045	97	942	602	10		190146563
7459221	13955186	97	496	98	13		175679933	97	942	602	13		184830147
7459221	16210652	97	496	104	10		176245735	97	942	602	10		177277580
7459221	14579476	97	496	92	12		178489685	97	942	534	12		178569247
7459221	18754874	97	496	91	11		181626221	97	942	544	11		179740832
7459221	35497190	97	496	91	9		175186705	97	942	531	9		179999367
7459221	9001623	97	496	82	11		181144906	97	942	503	11		178096056
7459221	15178444	97	496	46	13		173761240	97	942	272	13		176778991
18754874	19514897	213	597	74	9		180366295	213	2240	1300	9		203129763
18754874	16250137	213	597	52	12		181215474	213	2240	939	12		198857087
18754874	18130267	213	597	41	10		176624814	213	2240	713	10		195313635
18754874	18752428	213	597	37	8		177128157	213	2240	639	8		190291185
18754874	18752426	213	597	42	8		177866292	213	2240	719	8		191980221
18754874	18130598	213	597	57	9		180372349	213	2240	1084	9		199982967
18754874	14579088	213	597	56	10		177952772	213	2240	953	10		197428379
18754874	18464147	213	597	55	11		175425219	213	2240	941	11		199340607
18754874	41522043	213	597	48	12		180572134	213	2240	867	12		197791439
18754874	14579494	213	597	50	14		177426892	213	2240	867	14		202076636
18754874	15197179	213	597	66	11		185064797	213	2240	1163	11		202519584
18754874	16272469	213	597	42	8		175387634	213	2240	719	8		194097947
18754874	16211076	213	597	37	8		177136381	213	2240	639	8		197275867
18754874	16253106	213	597	73	11		183081794	213	2240	1315	11		205408381
18754874	14579493	213	597	83	15		183468748	213	2240	1477	15		204012790
18754874	49650310	213	597	80	11		180076808	213	2240	1380	11		206512388
18754874	7770986	213	597	78	13		184349117	213	2240	1329	13		203973487
18754874	17791429	213	597	68	9		185482514	213	2240	1251	9		196902261
18754874	7461171	213	597	65	16		180553493	213	2240	1163	16		197653774
18754874	6677293	213	597	73	9		179351998	213	2240	1286	9		200961130
18754874	21057006	213	597	66	7		176415421	213	2240	1199	7		195436949
18754874	18021634	213	597	83	6		181732222	213	2240	1433	6		205828615
18754874	13955186	213	597	82	7		187934726	213	2240	1433	7		208278700
18754874	16210652	213	597	84	6		176426147	213	2240	1433	6		202972026
18754874	14579476	213	597	70	8		180710365	213	2240	1271	8		201886951
18754874	7459221	213	597	43	9		179867927	213	2240	779	9		199859298
18754874	35497190	213	597	69	8		180694353	213	2240	1265	8		208782359
18754874	9001623	213	597	69	6		177871357	213	2240	1199	6		199200094
18754874	15178444	213	597	37	10		181041283	213	2240	647	10		199070309
35497190	19514897	213	679	99	10		176342916	213	2240	1300	10		202757381
35497190	16250137	213	679	70	14		184213823	213	2240	939	14		202184649
35497190	18130267	213	679	55	12		175998738	213	2240	713	12		192522266
35497190	18752428	213	679	50	10		186088229	213	2240	639	10		235034114
35497190	18752426	213	679	56	11		174257977	213	2240	719	11		198952381
35497190	18130598	213	679	77	10		176359953	213	2240	1084	10		204409734
35497190	14579088	213	679	74	12		176834666	213	2240	953	12		193589793
35497190	18464147	213	679	73	12		181032671	213	2240	941	12		196957017
35497190	41522043	213	679	65	13		178505247	213	2240	867	13		197987485
35497190	14579494	213	679	67	13		177160720	213	2240	867	13		196877235
35497190	15197179	213	679	87	12		177317942	213	2240	1163	12		206708128
35497190	16272469	213	679	56	10		178428106	213	2240	719	10		194984380
35497190	16211076	213	679	50	10		175217672	213	2240	639	10		194723322
35497190	16253106	213	679	96	13		180035015	213	2240	1315	13		202326976
35497190	14579493	213	679	108	13		181502516	213	2240	1477	13		200591601
35497190	49650310	213	679	105	12		176201701	213	2240	1380	12		202350034
35497190	7770986	213	679	101	13		177751796	213	2240	1329	13		201922971
35497190	17791429	213	679	88	10		181418410	213	2240	1251	10		203206673
35497190	7461171	213	679	86	12		178082040	213	2240	1163	12		200401306
35497190	6677293	213	679	96	10		178829660	213	2240	1286	10		198853290
35497190	21057006	213	679	88	8		180652616	213	2240	1199	8		200789541
35497190	18021634	213	679	107	9		183408585	213	2240	1433	9		208109787
35497190	13955186	213	679	106	11		178272168	213	2240	1433	11		213124619
35497190	16210652	213	679	109	10		180469771	213	2240	1433	10		199108965
35497190	14579476	213	679	93	10		181889885	213	2240	1271	10		200956702
35497190	7459221	213	679	59	11		177837441	213	2240	779	11		199357399
35497190	18754874	213	679	94	12		183067368	213	2240	1297	12		207967619
35497190	9001623	213	679	89	6		175416984	213	2240	1199	6		202422465
35497190	15178444	213	679	48	10		184223220	213	2240	647	10		194544907
9001623	19514897	213	651	80	11		177228253	213	2240	1300	11		206383004
9001623	16250137	213	651	58	14		175008083	213	2240	939	14		198078098
9001623	18130267	213	651	46	11		175101868	213	2240	713	11		197179964
9001623	18752428	213	651	42	9		172597039	213	2240	639	9		190400023
9001623	18752426	213	651	46	9		178948205	213	2240	719	9		189515518
9001623	18130598	213	651	65	10		177479505	213	2240	1084	10		191419284
9001623	14579088	213	651	61	11		176694305	213	2240	953	11		194432604
9001623	18464147	213	651	63	14		180280493	213	2240	941	14		194614218
9001623	41522043	213	651	54	12		182891725	213	2240	867	12		196827363
9001623	14579494	213	651	57	15		183684090	213	2240	867	15		196209175
9001623	15197179	213	651	74	18		176576704	213	2240	1163	18		198257184
9001623	16272469	213	651	49	12		180615466	213	2240	719	12		189766845
9001623	16211076	213	651	42	9		185489453	213	2240	639	9		197634319
9001623	16253106	213	651	83	13		184246818	213	2240	1315	13		201026637
9001623	14579493	213	651	91	15		179935418	213	2240	1477	15		202426283
9001623	49650310	213	651	83	12		182020363	213	2240	1380	12		196285920
9001623	7770986	213	651	84	13		179703604	213	2240	1329	13		195493230
9001623	17791429	213	651	75	10		172993254	213	2240	1251	10		199682525
9001623	7461171	213	651	72	16		182217319	213	2240	1163	16		201469848
9001623	6677293	213	651	83	10		178698380	213	2240	1286	10		198974569
9001623	21057006	213	651	74	7		179607208	213	2240	1199	7		194326155
9001623	18021634	213	651	90	9		182610659	213	2240	1433	9		199792777
9001623	13955186	213	651	88	10		183654835	213	2240	1433	10		205959845
9001623	16210652	213	651	92	9		174392461	213	2240	1433	9		200186131
9001623	14579476	213	651	79	9		183961382	213	2240	1271	9		214479578
9001623	7459221	213	651	51	10		174339224	213	2240	779	10		198638827
9001623	18754874	213	651	79	13		181596312	213	2240	1297	13		200134391
9001623	35497190	213	651	79	8		187830616	213	2240	1265	8		203828901
9001623	15178444	213	651	42	10		180259879	213	2240	647	10		194816679
15178444	19514897	143	638	110	11		177031536	143	1438	833	11		189436873
15178444	16250137	143	638	79	13		177672116	143	1438	603	13		192019514
15178444	18130267	143	638	57	13		173077344	143	1438	457	13		185802765
15178444	18752428	143	638	53	12		170348170	143	1438	410	12		189372095
15178444	18752426	143	638	58	13		185925683	143	1438	462	13		179475574
15178444	18130598	143	638	95	14		176580332	143	1438	696	14		195557291
15178444	14579088	143	638	77	14		174668159	143	1438	613	14		185465686
15178444	18464147	143	638	75	12		188431113	143	1438	603	12		188498111
15178444	41522043	143	638	73	13		177762785	143	1438	556	13		188182579
15178444	14579494	143	638	75	12		175727194	143	1438	556	12		180998310
15178444	15197179	143	638	90	10		195851538	143	1438	744	10		183142562
15178444	16272469	143	638	61	9		172029116	143	1438	462	9		186950700
15178444	16211076	143	638	53	12		171193998	143	1438	410	12		178550589
15178444	16253106	143	638	102	12		180013408	143	1438	842	12		183837083
15178444	14579493	143	638	116	12		186755230	143	1438	947	12		196741515
15178444	49650310	143	638	112	13		180980534	143	1438	883	13		193204836
15178444	7770986	143	638	100	15		185869106	143	1438	853	15		186722725
15178444	17791429	143	638	92	12		173153348	143	1438	802	12		194338857
15178444	7461171	143	638	94	11		172659716	143	1438	744	11		184998953
15178444	6677293	143	638	99	12		184065720	143	1438	824	12		189332150
15178444	21057006	143	638	91	10		181727573	143	1438	767	10		189413110
15178444	18021634	143	638	114	10		172717422	143	1438	918	10		191169500
15178444	13955186	143	638	112	13		184181933	143	1438	918	13		188699329
15178444	16210652	143	638	117	9		180631917	143	1438	918	9		187827641
15178444	14579476	143	638	105	12		172183556	143	1438	814	12		187005378
15178444	7459221	143	638	63	13		176709707	143	1438	499	13		183119558
15178444	18754874	143	638	103	10		184082029	143	1438	830	10		188721541
15178444	35497190	143	638	101	10		177284190	143	1438	809	10		183851401
15178444	9001623	143	638	96	9		175689039	143	1438	767	9		184447851
