16272469	1333	0.04282090245507437	8
18464147	1346	0.127689889161652	0
13955186	1403	0.2086861965496396	6
16253106	1437	0.16825016798577752	7
19514897	1446	0.05311541832567308	143
7770986	1506	0.20407740387567735	144
15197179	1518	0.17388514413742967	145
18021634	1538	0.1730260756609439	146
7459221	1540	0.13826775269186606	147
18754874	1716	0.05979249763284494	148
14579494	1739	0.16714973376524864	149
6677293	1786	0.025761829846508454	150
21057006	1789	0.18436857577744395	151
41522043	1816	0.14162820747511842	152
16250137	1893	0.09394055485724456	153
16210652	1960	0.12750894635866336	154
9001623	2004	0.22066626477925944	155
14579476	2047	0.18739679758346217	156
35497190	2561	0.21262584813184485	157
18130267	1461	0.07229899895477981	158
18752428	1462	0.09509642342820034	159
18752426	1426	0.0435482702276361	160
14579088	1944	0.09924028962981986	161
16211076	1496	0.1290435463925768	162
14579493	2079	0.024608757520211886	163
17791429	1948	0.1540259898715786	164
7461171	2080	0.16493419661318182	165
15178444	2276	0.13057782303944404	166
7770986	1336	0.2755819698983016	9
16211076	1394	0.1742577769128883	167
18130598	1402	0.29207946910829147	168
15197179	1544	0.2348109572514716	169
18021634	1622	0.2336508886768454	170
19514897	1644	0.07172597914406291	171
14579493	1683	0.03323116496670558	172
14579494	1700	0.22571559626006138	173
41522043	1777	0.19125184693615288	174
17791429	1780	0.20799355978775477	175
16210652	1790	0.17218548428116948	176
7461171	1796	0.22272378001213713	177
21057006	1831	0.24896756982975246	178
6677293	1834	0.03478825035235468	179
16250137	1854	0.12685541206056267	180
13955186	1886	0.2818055896613064	181
14579476	2008	0.25305681888301795	182
18754874	2199	0.08074257105327091	183
9001623	2487	0.29798322980928643	184
35497190	2522	0.28712561492191035	185
18130267	1359	0.09763109572763493	186
18752428	1360	0.12841627343805048	187
18752426	1324	0.05880669719959059	188
14579088	2070	0.13401206596162152	189
18464147	1358	0.17242982575719545	190
16272469	1371	0.057824474573291346	191
49650310	1500	0.16825016798577752	192
7459221	1807	0.18671395723677678	193
15178444	2402	0.17632963284932607	194
18021634	1787	0.283404571568964	10
16210652	1790	0.20885070747832887	195
18464147	1841	0.20914707909378397	196
49650310	1851	0.20407740387567735	197
16253106	1914	0.2755819698983016	198
16272469	1981	0.07013763369549766	199
16211076	2041	0.21136427465876476	200
13955186	2051	0.34181334749451936	201
15197179	2063	0.2848116654569623	202
19514897	2094	0.086999328377483	203
7459221	2188	0.2264728773611486	204
14579493	2202	0.040307418146191126	205
17791429	2299	0.252283764185802	206
7461171	2315	0.2701506414549116	207
21057006	2350	0.30198279091398733	208
6677293	2353	0.04219606971141802	209
18754874	2364	0.09793591578578296	210
14579476	2527	0.3069428057572536	211
9001623	2652	0.3614358586739066	212
35497190	3041	0.3482662203607673	213
16250137	1726	0.15386803752307282	214
18130267	1497	0.11842068743323754	215
18752428	1498	0.15576126914085314	216
18752426	1462	0.07132901107124	217
14579088	2208	0.16254863122499583	218
41522043	1830	0.2319770665100185	219
14579494	2326	0.2737795358569728	220
15178444	2540	0.21387731215390932	221
19514897	1516	0.07412820070954068	12
16272469	1617	0.059761111779085135	11
14579493	1631	0.03434413159444074	222
14579494	1648	0.23327518456364577	223
16253106	1721	0.2348109572514716	224
41522043	1725	0.19765718732508938	225
17791429	1728	0.21495960780501625	226
18464147	1738	0.17820478555430821	227
7461171	1744	0.23018316744573722	228
21057006	1779	0.25730590515102264	229
6677293	1782	0.03595336634266854	230
7770986	1790	0.2848116654569623	231
16250137	1802	0.1311040094333136	232
18021634	1822	0.2414762430361804	233
18130598	1856	0.30186169317686756	234
49650310	1886	0.1738851441374297	235
13955186	1895	0.2912437245300809	236
14579476	1956	0.26153210991238146	237
7459221	2032	0.19296731620102325	238
16210652	2244	0.17795226067848685	239
18754874	2432	0.08344677318129923	240
35497190	2470	0.29674192622776413	241
9001623	2496	0.30796318057943695	242
18130267	1885	0.10090092245453243	243
18752428	1886	0.13271714663758646	244
18752426	1850	0.06077623066421771	245
14579088	2368	0.13850035149956647	246
16211076	1920	0.180093957814812	247
15178444	2700	0.18223520363020948	248
14579494	1572	0.033013817717931986	15
14579476	1922	0.037012824232394104	13
17791429	2304	0.030421741266940208	14
7461171	2320	0.032576225996796694	249
21057006	2355	0.03641471880643059	250
6677293	2358	0.005088230387656369	251
18021634	2366	0.0341744566003438	252
16210652	2369	0.02518434829458083	253
49650310	2430	0.024608757520211886	254
16253106	2493	0.03323116496670558	255
7770986	2562	0.040307418146191126	256
35497190	2604	0.041995825145638536	257
13955186	2630	0.0412177028221549	258
15197179	2642	0.03434413159444074	259
7459221	2767	0.02730932488380907	260
18754874	2943	0.011809642607764799	261
9001623	3231	0.043583891387770704	262
16250137	1699	0.01855424046761627	263
18130267	2163	0.014279807205880807	264
18752428	2164	0.01878253657941872	265
18752426	2128	0.008601238080615642	266
14579088	2646	0.01960099342255016	267
18464147	1934	0.02522008638749116	268
41522043	1705	0.027973049791797596	269
16272469	1947	0.008457575350700821	270
16211076	2198	0.025487447824854115	271
15178444	2423	0.02579048348280911	272
21057006	1762	0.22791939436393646	16
6677293	1765	0.031847187795228035	273
41522043	1806	0.17508306465167212	274
16250137	1903	0.11613082261437517	275
14579493	1956	0.030421741266940208	276
7461171	2005	0.2038943027219385	277
14579476	2217	0.23166293079424705	278
16253106	2231	0.20799355978775477	279
15197179	2291	0.21495960780501625	280
19514897	2297	0.06566213317603563	281
7770986	2300	0.252283764185802	282
18021634	2332	0.21389761355761186	283
49650310	2396	0.1540259898715786	284
16272469	2398	0.05293588732528341	285
16210652	2754	0.15762860730199169	286
18754874	2850	0.07391644585048851	287
35497190	3868	0.262851488264614	288
18130267	2357	0.08937718364101116	289
18752428	2358	0.11755972590521882	290
18752426	2322	0.053835071047363216	291
14579088	2840	0.1226824398547934	292
18464147	2128	0.1578522917010157	293
14579494	2384	0.20663318533119307	294
16211076	2392	0.15952570450982956	295
13955186	2234	0.25798122770727777	296
7459221	2577	0.17092881647919164	297
15178444	2553	0.16142240194140722	298
14579088	1936	0.1313708788553554	17
14579476	2036	0.24806942911038393	299
14579493	2385	0.0325762259967967	300
14579494	2402	0.22126706307577354	301
41522043	2415	0.18748254520535196	302
17791429	2418	0.2038943027219385	303
21057006	2469	0.2440607733365093	304
6677293	2472	0.03410262344539758	305
18021634	2480	0.22904596217181233	306
16210652	2483	0.16879195342477737	307
16250137	2492	0.12435527241798462	308
18464147	2534	0.16903147927803555	309
49650310	2544	0.16493419661318182	310
16253106	2607	0.22272378001213713	311
7770986	2676	0.2701506414549116	312
35497190	2718	0.28146677766297534	313
13955186	2744	0.27625160252927966	314
15197179	2756	0.23018316744573722	315
19514897	2787	0.07031236216905212	316
7459221	2881	0.18303409085403682	317
18754874	3057	0.0791512498833268	318
9001623	3345	0.2921104044124956	319
18130267	2389	0.09570692577057814	320
18752428	2390	0.12588537143899872	321
18752426	2354	0.05764770088615315	322
16272469	2173	0.05668483647000795	323
16211076	2424	0.17082340411782426	324
15178444	2585	0.1728544267222326	325
21057006	1709	0.03812097335792835	19
41522043	1763	0.02928375999610376	18
17791429	1819	0.031847187795228035	326
16250137	1860	0.019423621264313885	327
14579493	1913	0.005088230387656369	328
7461171	1962	0.03410262344539758	329
14579476	2174	0.038747103718280364	330
16253106	2188	0.03478825035235467	331
15197179	2232	0.03595336634266854	332
19514897	2238	0.010982410849300071	333
7770986	2257	0.04219606971141802	334
16211076	2315	0.02668169222059937	335
16272469	2339	0.008853865008008848	336
49650310	2353	0.025761829846508454	337
18754874	2791	0.012362997325624165	338
18130267	2465	0.014948904396197213	339
18752428	2466	0.019662614459400783	340
18752426	2430	0.009004259224389367	341
18130598	2492	0.044722104440706324	342
14579088	2948	0.020519421062178064	343
18464147	2236	0.026401803248098207	344
14579494	2492	0.0345607190421732	345
18021634	2758	0.035775741026821434	346
13955186	2342	0.0431490068483215	347
16210652	2673	0.026364390604739905	348
7459221	2685	0.028588935475587187	349
35497190	2807	0.04396358901001296	350
9001623	2862	0.04562606596689269	351
15178444	2661	0.026998926971327823	352
14579494	1601	0.055604944954419484	28
14579476	1951	0.062340443981187606	1
17791429	2333	0.05123912850730325	20
7461171	2349	0.054867912243627574	21
21057006	2384	0.06133305914700114	22
6677293	2387	0.008570071266473326	23
18021634	2395	0.057559801000450585	24
16210652	2398	0.04241782373059083	25
49650310	2459	0.041448360168439016	26
16253106	2522	0.05597102142298512	27
7770986	2591	0.06788950573433175	353
35497190	2633	0.07073327797137101	354
13955186	2659	0.06942269192116661	355
15197179	2671	0.05784558342002749	356
7459221	2796	0.04599690710964778	357
18754874	2972	0.019890899402992865	358
9001623	3260	0.07340804696453011	359
16250137	1728	0.03125077895224692	360
18130267	2192	0.02405138055909953	361
18752428	2193	0.031635296515121446	362
18752426	2157	0.014487005837943687	363
14579088	2675	0.03301381771793199	364
18464147	1963	0.04247801715341861	365
41522043	1734	0.04711481438377479	366
16272469	1976	0.014245035695103278	367
16211076	2227	0.04292833217407212	368
15178444	2452	0.043438733037849266	369
21057006	1727	0.38388306029712904	30
6677293	1730	0.05363999824064102	29
41522043	1771	0.29489119542570535	370
16250137	1868	0.1955983417051557	371
14579493	1921	0.05123912850730325	372
7461171	1970	0.34341776453242395	373
14579476	2182	0.39018827282725155	374
16253106	2196	0.3503221148697956	375
15197179	2256	0.3620549813882677	376
19514897	2262	0.11059427697936453	377
7770986	2265	0.42491979995472046	378
18021634	2297	0.3602662718190392	379
49650310	2361	0.2594249099433022	380
16272469	2363	0.08915954907077979	381
16210652	2719	0.2654927735760848	382
18754874	2815	0.12449695875403904	383
35497190	3833	0.4427189445649078	384
18130267	2322	0.1505373725329571	385
18752428	2323	0.19800503363976932	386
18752426	2287	0.0906740379977299	387
14579088	2805	0.20663318533119307	388
18464147	2093	0.2658695236630078	389
14579494	2349	0.34803084557701625	390
16211076	2357	0.2686880412884194	391
13955186	2199	0.43451599837679494	392
7459221	2542	0.2878942239475384	393
15178444	2518	0.2718826356603626	394
14579088	1901	0.22126706307577354	31
14579476	2001	0.41782162452132254	395
14579493	2350	0.054867912243627574	396
14579494	2367	0.3726785846967218	397
41522043	2380	0.315775554803393	398
17791429	2383	0.343417764532424	399
21057006	2434	0.4110698733136323	400
6677293	2437	0.0574388129141646	401
18021634	2445	0.3857805306678561	402
16210652	2448	0.28429512027734094	403
16250137	2457	0.20945072565291373	404
18464147	2499	0.28469855201611705	405
49650310	2509	0.27779752714863737	406
16253106	2572	0.3751321229622061	407
7770986	2641	0.45501285782353457	408
35497190	2683	0.47407254780917113	409
13955186	2709	0.46528866438452576	410
15197179	2721	0.38769591764911165	411
19514897	2752	0.1184266255247943	412
7459221	2846	0.3082830538920921	413
18754874	3022	0.1333139029978137	414
9001623	3310	0.49199953476290936	415
18130267	2354	0.161198513443633	416
18752428	2355	0.21202786085627698	417
18752426	2319	0.09709562407810436	418
16272469	2138	0.09547387819837104	419
16211076	2389	0.2877166786360137	420
15178444	2550	0.291137515967952	421
21057006	1674	0.06420689189257686	33
41522043	1728	0.04932243451981416	32
17791429	1784	0.05363999824064102	422
16250137	1825	0.03271507101800648	423
14579493	1878	0.008570071266473326	424
7461171	1927	0.05743881291416459	425
14579476	2139	0.06526147893001463	426
16253106	2153	0.058593609573743606	427
15197179	2197	0.060556006381663426	428
19514897	2203	0.01849759867094835	429
7770986	2222	0.07107054850920225	430
16211076	2280	0.04493978975389238	431
16272469	2304	0.014912503625316317	432
49650310	2318	0.04339047191631358	433
18754874	2756	0.020822910928885722	434
18130267	2430	0.025178336331212244	435
18752428	2431	0.033117605604306974	436
18752426	2395	0.01516581156427545	437
18130598	2457	0.0753251313410065	438
14579088	2913	0.034560719042173206	439
18464147	2201	0.04446837469240972	440
14579494	2457	0.05821038016095213	441
18021634	2723	0.060256833290124094	442
13955186	2307	0.07267557394113705	443
16210652	2638	0.04440536083583876	444
7459221	2650	0.04815214638330097	445
35497190	2772	0.07404756904478431	446
9001623	2827	0.07684766749038385	447
15178444	2626	0.04547410605146808	448
16272469	1872	0.07212294997981007	38
18464147	1885	0.2150671975817266	34
13955186	1942	0.35148871817956956	35
16253106	1976	0.28338259480785155	36
19514897	1985	0.08946193189361996	37
7770986	2045	0.3437261605398693	449
15197179	2057	0.2928735461849137	450
18021634	2077	0.29142662308879685	451
7459221	2079	0.2328834199998153	452
18754874	2255	0.1007080904113584	453
14579494	2278	0.2815291410576289	454
6677293	2325	0.04339047191631358	455
21057006	2328	0.3105307176231562	456
41522043	2355	0.23854341076008018	457
16250137	2432	0.15822342712540777	458
16210652	2499	0.2147624368695289	459
9001623	2543	0.37166666427928313	460
14579476	2586	0.3156311306766261	461
35497190	3100	0.35812424610426413	462
18130267	2000	0.12177270412917246	463
18752428	2001	0.1601702485688311	464
18752426	1965	0.0733480504907681	465
14579088	2483	0.16714973376524864	466
16211076	2035	0.2173471530978026	467
14579493	2618	0.041448360168439016	468
17791429	2487	0.2594249099433022	469
7461171	2619	0.2777975271486373	470
15178444	2815	0.21993132464750992	471
7770986	1875	0.46416080677340815	39
16211076	1933	0.2935011689925702	472
18130598	1941	0.4919474306438973	473
15197179	2083	0.3954904720265265	474
18021634	2161	0.3935365765459561	475
19514897	2183	0.12080757082332645	476
14579493	2222	0.05597102142298512	477
14579494	2239	0.38017121838585366	478
41522043	2316	0.3221241636510132	479
17791429	2319	0.3503221148697956	480
16210652	2329	0.29001082083893676	481
7461171	2335	0.3751321229622061	482
21057006	2370	0.4193343567260165	483
6677293	2373	0.05859360957374361	484
16250137	2393	0.21366169356918727	485
13955186	2425	0.4746432065157182	486
14579476	2547	0.42622185063703527	487
18754874	2738	0.13599415424338482	488
9001623	3026	0.5018910939792824	489
35497190	3061	0.4836036882842755	490
18130267	1898	0.16443937960032035	491
18752428	1899	0.21629064159689587	492
18752426	1863	0.09904771355656718	493
14579088	2609	0.2257155962600614	494
18464147	1897	0.2904223634978498	495
16272469	1910	0.09739336277729667	496
49650310	2039	0.28338259480785155	497
7459221	2346	0.3144810274012489	498
15178444	2941	0.2969907816233607	499
18021634	2326	0.4773363606888606	40
16210652	2329	0.35176580279948	500
18464147	2380	0.35226497946254376	501
49650310	2390	0.3437261605398693	502
16253106	2453	0.46416080677340815	503
16272469	2520	0.1181323315647023	504
16211076	2580	0.3559993866249415	505
13955186	2590	0.5757138581944407	506
15197179	2602	0.47970631919703244	507
19514897	2633	0.14653236735095287	508
7459221	2727	0.3814467017092532	509
14579493	2741	0.06788950573433175	510
17791429	2838	0.4249197999547205	511
7461171	2854	0.4550128578235345	512
21057006	2889	0.5086275270985557	513
6677293	2892	0.07107054850920225	514
18754874	2903	0.16495278591700688	515
14579476	3066	0.51698164580998	516
9001623	3191	0.6087639181214588	517
35497190	3580	0.586582387353693	518
16250137	2265	0.25915887189465464	519
18130267	2036	0.19945514518949625	520
18752428	2037	0.26234762882037854	521
18752426	2001	0.12013896024255163	522
14579088	2747	0.2737795358569728	523
41522043	2369	0.3907173694416731	524
14579494	2865	0.46112497957800863	525
15178444	3079	0.3602320783051287	526
19514897	2055	0.12485361599925766	43
16272469	2156	0.10065522743484438	41
14579493	2170	0.05784558342002749	42
14579494	2187	0.3929037807053749	527
16253106	2260	0.3954904720265265	528
41522043	2264	0.3329126341873267	529
17791429	2267	0.36205498138826775	530
18464147	2277	0.30014908836123994	531
7461171	2283	0.38769591764911165	532
21057006	2318	0.4333785572638682	533
6677293	2321	0.060556006381663426	534
7770986	2329	0.47970631919703244	535
16250137	2341	0.22081757675312413	536
18021634	2361	0.40671676679591023	537
18130598	2395	0.508423563017086	538
49650310	2425	0.2928735461849137	539
13955186	2434	0.49053979182840485	540
14579476	2495	0.44049672472723983	541
7459221	2571	0.32501351667462014	542
16210652	2783	0.2997237624586243	543
18754874	2971	0.14054882319319745	544
35497190	3009	0.49980037493818286	545
9001623	3035	0.5187002560690281	546
18130267	2424	0.1699467261517877	547
18752428	2425	0.2235345725944987	548
18752426	2389	0.10236498515545264	549
14579088	2907	0.2332751845636458	550
16211076	2459	0.3033310081395657	551
15178444	3239	0.3069374936637887	552
16253106	1398	0.09739336277729667	48
19514897	1423	0.030746413320059448	44
18464147	1431	0.07391462277270847	45
7770986	1467	0.1181323315647023	46
15197179	1495	0.10065522743484437	47
18021634	1499	0.10015794669639073	553
18130598	1533	0.12520423125168886	554
49650310	1563	0.07212294997981009	555
13955186	1588	0.12080017922413822	556
14579493	1686	0.014245035695103278	557
14579494	1703	0.09675636496305626	558
7459221	1725	0.08003772929046218	559
6677293	1763	0.014912503625316317	560
21057006	1766	0.10672367106904751	561
41522043	1780	0.0819829635551297	562
17791429	1783	0.08915954907077979	563
7461171	1799	0.09547387819837104	564
16250137	1857	0.05437846896821853	565
18754874	1901	0.03461151024710169	566
16210652	1921	0.07380988214591215	567
14579476	2011	0.10847658881322822	568
9001623	2189	0.127734966542049	569
35497190	2525	0.12308068759066954	570
21057006	958	0.05440335920047373	50
41522043	1012	0.041791559172692484	2
17791429	1068	0.0454498887234838	49
16250137	1109	0.0277199177128738	571
14579493	1162	0.0072615361332808975	572
7461171	1211	0.048668675260690825	573
14579476	1423	0.05529692491771605	574
16253106	1437	0.04964714993253283	575
15197179	1481	0.05130991502344775	576
19514897	1487	0.01567326302798584	577
7770986	1506	0.06021902735285396	578
16211076	1564	0.038078085580987846	579
16272469	1588	0.01263556399309598	580
49650310	1602	0.03676532783257477	581
18754874	2040	0.01764353123896674	582
18130267	1714	0.02133394149944272	583
18752428	1715	0.028060990657593796	584
18752426	1679	0.012850195201449467	585
18130598	1741	0.06382399235309213	586
14579088	2197	0.029283759996103765	587
18464147	1485	0.03767864928736903	588
14579494	1741	0.04932243451981416	589
18021634	2007	0.051056421657200375	590
13955186	1591	0.06157898689186319	591
16210652	1922	0.03762525680297074	592
7459221	1934	0.0407999583650206	593
35497190	2056	0.06274149671354859	594
9001623	2111	0.06511405761849799	595
15178444	1910	0.03853081893416607	596
21057006	1107	0.32526925700224324	52
6677293	1110	0.0454498887234838	51
41522043	1151	0.2498652583377351	597
16250137	1248	0.1657330938959973	598
14579493	1301	0.04341559965191731	599
7461171	1350	0.2909824700896505	600
14579476	1562	0.33061174800282755	601
16253106	1576	0.2968326185764887	602
15197179	1636	0.30677403347511967	603
19514897	1642	0.09370801168964012	604
7770986	1645	0.3600402359766418	605
18021634	1677	0.3052584359071378	606
49650310	1741	0.21981419977171845	607
16272469	1743	0.07554607973183461	608
16210652	2099	0.2249555818735973	609
18754874	2195	0.10548794010765067	610
35497190	3213	0.3751216895269755	611
18130267	1702	0.12755233137134353	612
18752428	1703	0.16777231619666133	613
18752426	1667	0.07682932647792938	614
14579088	2185	0.17508306465167212	615
18464147	1473	0.2252748072667525	616
14579494	1729	0.29489119542570535	617
16211076	1737	0.22766297498938073	618
13955186	1579	0.3681712233882205	619
7459221	1922	0.24393663071814778	620
15178444	1898	0.23036979757483486	621
14579494	1065	0.04711481438377478	53
14579476	1415	0.05282189289429947	622
17791429	1797	0.043415599651917304	623
7461171	1813	0.04649031669940163	624
21057006	1848	0.05196832223588714	625
6677293	1851	0.007261536133280897	626
18021634	1859	0.04877119008617416	627
16210652	1862	0.03594119000151303	628
49650310	1923	0.03511975054464355	629
16253106	1986	0.04742499587718109	630
7770986	2055	0.05752368721704901	631
35497190	2097	0.05993325351025667	632
13955186	2123	0.05882277640179157	633
15197179	2135	0.049013337356773004	634
7459221	2260	0.038973795270820455	635
18754874	2436	0.016853825393884508	636
9001623	2724	0.06219962109205123	637
16250137	1192	0.026479203439378006	638
18130267	1656	0.020379056784327214	639
18752428	1657	0.026805010318909767	640
18752426	1621	0.012275034020641163	641
14579088	2139	0.027973049791797596	642
18464147	1427	0.03599219269463645	643
41522043	1198	0.03992101307243756	644
16272469	1440	0.012070009478746797	645
16211076	1691	0.03637375064114116	646
15178444	1916	0.03680622012704553	647
14579088	1365	0.18748254520535193	55
14579476	1465	0.3540258568907142	54
14579493	1814	0.04649031669940164	648
14579494	1831	0.3157755548033929	649
41522043	1844	0.2675608556701373	650
17791429	1847	0.2909824700896505	651
21057006	1898	0.3483050076896852	652
6677293	1901	0.048668675260690825	653
18021634	1909	0.32687700905359046	654
16210652	1912	0.24088706198809479	655
16250137	1921	0.1774704042917974	656
18464147	1963	0.24122889510211978	657
49650310	1973	0.23538156433044755	658
16253106	2036	0.31785447062745387	659
7770986	2105	0.38553848684068975	660
35497190	2147	0.4016880173657476	661
13955186	2173	0.39424531532800394	662
15197179	2185	0.32849994208893335	663
19514897	2216	0.10034446548362273	664
7459221	2310	0.2612123593269511	665
18754874	2486	0.1129586550201113	666
9001623	2774	0.41687779344552045	667
18130267	1818	0.1365856588125901	668
18752428	1819	0.17965404545622768	669
18752426	1783	0.08227042234582892	670
16272469	1602	0.08089629534752113	671
16211076	1853	0.24378619419844522	672
15178444	2014	0.24668471547318932	673
7770986	1392	0.3932896664726244	57
16211076	1450	0.24868747032914362	56
18130598	1458	0.4168336449278321	674
15197179	1600	0.335104372378311	675
18021634	1678	0.33344881057588793	676
19514897	1700	0.10236187231479968	677
14579493	1739	0.047424995877181096	678
14579494	1756	0.3221241636510132	679
41522043	1833	0.2729401169515936	680
17791429	1836	0.2968326185764887	681
16210652	1846	0.24573005160446024	682
7461171	1852	0.3178544706274539	683
21057006	1887	0.35530761514251963	684
6677293	1890	0.04964714993253284	685
16250137	1910	0.1810384137901233	686
13955186	1942	0.4021715441286549	687
14579476	2064	0.3611434809536095	688
18754874	2255	0.11522966778777934	689
9001623	2543	0.4252590440128497	690
35497190	2578	0.40976388030776345	691
18130267	1415	0.13933168810081523	692
18752428	1416	0.18326595665437065	693
18752426	1380	0.08392445389848467	694
14579088	2126	0.1912518469361529	695
18464147	1414	0.24607875720971864	696
16272469	1427	0.08252270033223484	697
49650310	1556	0.2401138669395123	698
7459221	1863	0.26646398526919146	699
15178444	2458	0.2516442658354739	700
18021634	1843	0.40445348971961825	58
16210652	1846	0.2980558746896084	701
18464147	1897	0.2984788337599616	702
49650310	1907	0.2912437781560356	703
16253106	1970	0.3932896664726244	704
16272469	2037	0.10009510627077997	705
16211076	2097	0.3016430469506056	706
13955186	2107	0.4878100605842258	707
15197179	2119	0.40646158729621495	708
19514897	2150	0.12415883685550755	709
7459221	2244	0.3232048977490477	710
14579493	2258	0.05752368721704902	711
17791429	2355	0.3600402359766418	712
7461171	2371	0.3855384868406898	713
21057006	2406	0.4309669139924611	714
6677293	2409	0.06021902735285396	715
18754874	2420	0.13976670414721132	716
14579476	2583	0.4380454706343464	717
9001623	2708	0.5158138188850482	718
35497190	3097	0.4970191108653217	719
16250137	1782	0.21958878217097583	720
18130267	1553	0.16900101512905227	721
18752428	1554	0.2222906586100877	722
18752426	1518	0.10179534961732996	723
14579088	2264	0.23197706651001854	724
41522043	1886	0.33106005864858024	725
14579494	2382	0.3907173694416732	726
15178444	2596	0.3052294632849665	727
19514897	1581	0.10579014056699611	60
16272469	1682	0.08528652193139893	59
14579493	1696	0.049013337356773004	728
14579494	1713	0.33291263418732664	729
16253106	1786	0.3351043723783109	730
41522043	1790	0.2820813324895263	731
17791429	1793	0.3067740334751196	732
18464147	1803	0.25432034142271137	733
7461171	1809	0.32849994208893335	734
21057006	1844	0.3672074543034395	735
6677293	1847	0.05130991502344775	736
7770986	1855	0.40646158729621495	737
16250137	1867	0.18710168942576197	738
18021634	1887	0.3446165622511833	739
18130598	1921	0.4307940924952492	740
49650310	1951	0.24815567712064393	741
13955186	1960	0.41564093371184785	742
14579476	2021	0.37323877290404756	743
7459221	2097	0.27538830445556517	744
16210652	2309	0.2539599570905126	745
18754874	2497	0.11908889977381708	746
35497190	2535	0.42348754977558756	747
9001623	2561	0.4395016721182158	748
18130267	1950	0.14399813657463723	749
18752428	1951	0.189403836381447	750
18752426	1915	0.08673522254091696	751
14579088	2433	0.19765718732508938	752
16211076	1985	0.2570164246552866	753
15178444	2765	0.26007224812909496	754
16272469	1617	0.061110741210057565	62
18464147	1630	0.1822293161589814	61
13955186	1687	0.29782109718112637	755
16253106	1721	0.2401138669395123	756
19514897	1730	0.07580229274638998	757
7770986	1790	0.2912437781560356	758
15197179	1802	0.24815567712064393	759
18021634	1822	0.2469296798076887	760
7459221	1824	0.19732523996461376	761
18754874	2000	0.08533131343920951	762
14579494	2023	0.23854341076008018	763
6677293	2070	0.03676532783257477	764
21057006	2073	0.2631168349014352	765
41522043	2100	0.20212102592038358	766
16250137	2177	0.13406482834016017	767
16210652	2244	0.1819710883269346	768
9001623	2288	0.31491814108456173	769
14579476	2331	0.26743848317375707	770
35497190	2845	0.30344346883829837	771
18130267	1745	0.10317964268752118	772
18752428	1746	0.13571439621619047	773
18752426	1710	0.06214878527650831	774
14579088	2228	0.14162820747511845	775
16211076	1780	0.18416115299527785	776
14579493	2363	0.03511975054464356	777
17791429	2232	0.21981419977171845	778
7461171	2364	0.23538156433044755	779
15178444	2560	0.18635075615017885	780
16253106	1488	0.08252270033223484	69
19514897	1513	0.02605184768600847	63
18464147	1521	0.06262884955713106	64
7770986	1557	0.10009510627077996	65
15197179	1585	0.08528652193139893	66
18021634	1589	0.08486516930335344	67
18130598	1623	0.10608722156495336	68
49650310	1653	0.061110741210057565	781
13955186	1678	0.10235560931383747	782
14579493	1776	0.012070009478746799	783
14579494	1793	0.0819829635551297	784
7459221	1815	0.067817039695122	785
6677293	1853	0.01263556399309598	786
21057006	1856	0.09042839547624733	787
41522043	1870	0.06946526273334092	788
17791429	1873	0.07554607973183462	789
7461171	1889	0.08089629534752113	790
16250137	1947	0.04607560485873375	791
18754874	1991	0.029326796064109865	792
16210652	2011	0.06254010142161913	793
14579476	2101	0.09191366615163057	794
9001623	2279	0.10823154746182324	795
35497190	2615	0.10428791458772713	796
14579494	1136	0.03125077895224692	3
14579476	1486	0.03503622629674384	70
17791429	1868	0.028797127305855538	797
7461171	1884	0.030836555966424095	798
21057006	1919	0.03447006152850581	799
6677293	1922	0.00481650333388693	800
18021634	1930	0.032349436171097846	801
16210652	1933	0.02383942712517171	802
49650310	1994	0.023294574657321977	803
16253106	2057	0.03145651919366144	804
7770986	2126	0.03815487882633496	805
35497190	2168	0.03975311973176341	806
13955186	2194	0.039016551518515304	807
15197179	2206	0.03251005000193532	808
7459221	2331	0.025850923470006774	809
18754874	2507	0.011178971598908218	810
9001623	2795	0.041256378382986944	811
16250137	1263	0.017563387319648408	812
18130267	1727	0.013517221857964435	813
18752428	1728	0.017779491721343233	814
18752426	1692	0.008141905679298865	815
14579088	2210	0.018554240467616275	816
18464147	1498	0.023873256694694926	817
41522043	1269	0.02647920343937801	818
16272469	1511	0.008005914978235358	819
16211076	1762	0.024126340214170663	820
15178444	1987	0.02441319284182834	821
21057006	1326	0.21574780211888622	73
6677293	1329	0.030146450632965772	71
41522043	1370	0.1657330938959973	72
16250137	1467	0.10992908175818723	822
14579493	1520	0.028797127305855538	823
7461171	1569	0.19300572379803385	824
14579476	1781	0.21929142226251402	825
16253106	1795	0.19688606800804861	826
15197179	1855	0.2034801077709789	827
19514897	1861	0.06215557458241842	828
7770986	1864	0.23881104012787135	829
18021634	1896	0.20247482726214017	830
49650310	1960	0.1458005312655262	831
16272469	1962	0.0501089491550966	832
16210652	2318	0.14921075791453928	833
18754874	2414	0.0699690817325456	834
35497190	3432	0.2488144154429265	835
18130267	1921	0.08460416887267473	836
18752428	1922	0.11128167724616798	837
18752426	1886	0.05096011371825803	838
14579088	2404	0.11613082261437517	839
18464147	1692	0.1494224968830127	840
14579494	1948	0.19559834170515572	841
16211076	1956	0.15100654433341393	842
13955186	1798	0.24420424168424326	843
7459221	2141	0.16180069527248256	844
15178444	2117	0.15280195232530253	845
14579088	1500	0.12435527241798461	74
14579476	1600	0.23482176342567834	846
14579493	1949	0.030836555966424088	847
14579494	1966	0.20945072565291367	848
41522043	1979	0.17747040429179736	849
17791429	1982	0.19300572379803382	850
21057006	2033	0.23102718212171242	851
6677293	2036	0.03228143912616814	852
18021634	2044	0.2168142077627122	853
16210652	2047	0.15977794723603075	854
16250137	2056	0.11771432080604337	855
18464147	2098	0.16000468167666632	856
49650310	2108	0.15612620642856834	857
16253106	2171	0.21082964945273724	858
7770986	2240	0.25572377154458925	859
35497190	2282	0.2664355914938354	860
13955186	2308	0.26149892265132657	861
15197179	2320	0.21789068279938914	862
19514897	2351	0.06655746713479516	863
7459221	2445	0.17325951099857487	864
18754874	2621	0.07492433123099128	865
9001623	2909	0.27651081604500294	866
18130267	1953	0.09059588342704385	867
18752428	1954	0.11916270786292074	868
18752426	1918	0.05456913747118339	869
16272469	1737	0.053657692957645844	870
16211076	1988	0.16170091225338207	871
15178444	2149	0.16362347204333652	872
21057006	1273	0.03608519687215797	77
41522043	1327	0.0277199177128738	75
17791429	1383	0.03014645063296577	76
16250137	1424	0.01838634052472921	873
14579493	1477	0.00481650333388693	874
7461171	1526	0.03228143912616815	875
14579476	1738	0.03667788995763603	876
16253106	1752	0.032930451460824336	877
15197179	1796	0.03403334669633204	878
19514897	1802	0.010395916544599306	879
7770986	1821	0.03994267062572634	880
16211076	1879	0.025256808309235084	881
16272469	1903	0.008381041556670061	882
49650310	1917	0.024386069397279737	883
18754874	2355	0.01170277548362565	884
18130267	2029	0.014150587213368029	885
18752428	2030	0.018612570752767787	886
18752426	1994	0.008523404262248678	887
18130598	2056	0.04233380738019536	888
14579088	2512	0.01942362126431389	889
18464147	1800	0.0249918662632852	890
14579494	2056	0.03271507101800648	891
18021634	2322	0.03386520711522428	892
13955186	1906	0.04084471800707425	893
16210652	2237	0.024956451569425834	894
7459221	2249	0.027062198945332707	895
35497190	2371	0.041615798991738326	896
9001623	2426	0.04318949459812175	897
15178444	2225	0.025557101754715678	898
7770986	1365	0.26086505044942915	78
16211076	1423	0.16495187904477684	899
18130598	1431	0.27648153278059034	900
15197179	1573	0.22227133448566513	901
18021634	1651	0.22117321711842103	902
19514897	1673	0.06789559264292779	903
14579493	1712	0.03145651919366144	904
14579494	1729	0.21366169356918724	905
41522043	1806	0.1810384137901233	906
17791429	1809	0.1968860680080486	907
16210652	1819	0.16299025317310314	908
7461171	1825	0.21082964945273724	909
21057006	1860	0.235671940685661	910
6677293	1863	0.032930451460824336	911
16250137	1883	0.12008094535057517	912
13955186	1915	0.26675630989595045	913
14579476	2037	0.23954281134158253	914
18754874	2228	0.07643067098693362	915
9001623	2516	0.2820700146165927	916
35497190	2551	0.271792229548139	917
18130267	1388	0.09241729682758718	918
18752428	1389	0.1215584519600721	919
18752426	1353	0.05566623983926333	920
14579088	2099	0.12685541206056267	921
18464147	1387	0.1632215460675328	922
16272469	1400	0.05473647090315811	923
49650310	1529	0.15926509479532275	924
7459221	1836	0.17674286126976593	925
15178444	2431	0.16691309154203215	926
18021634	1816	0.268269901282799	79
16210652	1819	0.19769744139226073	927
18464147	1870	0.1979779858576552	928
49650310	1880	0.19317904679055423	929
16253106	1943	0.2608650504494292	930
16272469	2010	0.06639206969574805	931
16211076	2070	0.20007677640309038	932
13955186	2080	0.32355947006022034	933
15197179	2092	0.269601852056702	934
19514897	2123	0.08235329834761598	935
7459221	2217	0.21437853354501157	936
14579493	2231	0.03815487882633496	937
17791429	2328	0.23881104012787135	938
7461171	2344	0.2557237715445893	939
21057006	2379	0.2858559869345147	940
6677293	2382	0.03994267062572634	941
18754874	2393	0.09270583856301395	942
14579476	2556	0.29055112182594484	943
9001623	2681	0.3421340791706942	944
35497190	3070	0.3296677397936094	945
16250137	1755	0.14565101405517758	946
18130267	1526	0.11209666079724899	947
18752428	1527	0.14744314131831812	948
18752426	1491	0.06751982387844013	949
14579088	2237	0.15386803752307282	950
41522043	1859	0.21958878217097583	951
14579494	2355	0.25915887189465464	952
15178444	2569	0.20245561001544216	953
16272469	1590	0.04053413539120618	83
18464147	1603	0.12087085882406874	80
13955186	1660	0.1975417158499553	81
16253106	1694	0.15926509479532278	82
19514897	1703	0.05027889265136804	954
7770986	1763	0.19317904679055423	955
15197179	1775	0.1645991459983987	956
18021634	1795	0.1637859544041131	957
7459221	1797	0.13088383211283205	958
18754874	1973	0.05659939551649747	959
14579494	1996	0.1582234271254078	960
6677293	2043	0.02438606939727974	961
21057006	2046	0.1745227303485094	962
41522043	2073	0.13406482834016017	963
16250137	2150	0.0889238421190105	964
16210652	2217	0.12069957891977197	965
9001623	2261	0.2088820118216427	966
14579476	2304	0.17738923585498548	967
35497190	2818	0.20127097799698332	968
18130267	1718	0.0684380114444421	969
18752428	1719	0.09001798377561655	970
18752426	1683	0.04122265950167184	971
14579088	2201	0.09394055485724458	972
16211076	1753	0.1221522266217035	973
14579493	2336	0.023294574657321973	974
17791429	2205	0.14580053126552617	975
7461171	2337	0.15612620642856836	976
15178444	2533	0.12360456820644541	977
19514897	1773	0.07016952823494176	85
16272469	1874	0.05656968576325246	84
14579493	1888	0.03251005000193531	978
14579494	1905	0.22081757675312413	979
16253106	1978	0.22227133448566513	980
41522043	1982	0.18710168942576197	981
17791429	1985	0.20348010777097889	982
18464147	1995	0.1686881053615722	983
7461171	2001	0.21789068279938917	984
21057006	2036	0.2435649834164685	985
6677293	2039	0.03403334669633204	986
7770986	2047	0.269601852056702	987
16250137	2059	0.12410265463870816	988
18021634	2079	0.22858067363847537	989
18130598	2113	0.285741356186666	990
49650310	2143	0.1645991459983987	991
13955186	2152	0.27569041951712764	992
14579476	2213	0.2475654959270959	993
7459221	2289	0.1826622717532912	994
16210652	2501	0.168449066085907	995
18754874	2689	0.07899046045652007	996
35497190	2727	0.2808950004400979	997
9001623	2753	0.29151700551407006	998
18130267	2142	0.09551250481375473	999
18752428	2143	0.12562964538607013	1000
18752426	2107	0.05753059419742905	1001
14579088	2625	0.1311040094333136	1002
16211076	2177	0.17047639004952128	1003
15178444	2957	0.17250328679412483	1004
16253106	1642	0.05473647090315811	92
19514897	1667	0.017279926578962105	86
18464147	1675	0.04154108127437393	87
7770986	1711	0.06639206969574805	88
15197179	1739	0.05656968576325246	89
18021634	1743	0.05629020683476214	90
18130598	1777	0.07036657905047615	91
49650310	1807	0.04053413539120617	1005
13955186	1832	0.06789143845785442	1006
14579493	1930	0.008005914978235357	1007
14579494	1947	0.054378468968218525	1008
7459221	1969	0.04498235521942034	1009
6677293	2007	0.008381041556670061	1010
21057006	2010	0.05998023838140732	1011
41522043	2024	0.04607560485873375	1012
17791429	2027	0.050108949155096595	1013
7461171	2043	0.053657692957645844	1014
16250137	2101	0.030561481804908246	1015
18754874	2145	0.019452166652124982	1016
16210652	2165	0.04148221553540027	1017
14579476	2255	0.060965403369696886	1018
9001623	2433	0.07178888868877406	1019
35497190	2769	0.06917311696539795	1020
7770986	1222	0.35458412427577396	4
16211076	1280	0.2242129310843586	93
18130598	1288	0.37581102570286395	1021
15197179	1430	0.3021251269743623	1022
18021634	1508	0.30063249703276823	1023
19514897	1530	0.09228794435283814	1024
14579493	1569	0.04275767218273193	1025
14579494	1586	0.2904223634978497	1026
41522043	1663	0.2460787572097186	1027
17791429	1666	0.26761988195221326	1028
16210652	1676	0.2215465662698088	1029
7461171	1682	0.2865728716582503	1030
21057006	1717	0.32034007070102755	1031
6677293	1720	0.04476113328759572	1032
16250137	1740	0.1632215460675328	1033
13955186	1772	0.3625918933047306	1034
14579476	1894	0.32560160067351734	1035
18754874	2085	0.10388935770821257	1036
9001623	2373	0.3834072404293519	1037
35497190	2408	0.36943703088340596	1038
18130267	1245	0.125619381389294	1039
18752428	1246	0.16522986564249134	1040
18752426	1210	0.07566504164173896	1041
14579088	1956	0.17242982575719545	1042
18464147	1244	0.2218609540664157	1043
16272469	1257	0.07440124143768824	1044
49650310	1386	0.21648309755716158	1045
7459221	1693	0.24023997303342748	1046
15178444	2288	0.2268787340144939	1047
16253106	1303	0.07440124143768824	94
19514897	1328	0.02348795909223859	1048
18464147	1336	0.056465240934979614	1049
7770986	1372	0.09024426174132784	1050
15197179	1400	0.07689306195812973	1051
18021634	1404	0.07651317668433952	1052
18130598	1438	0.09564666392799154	1053
49650310	1468	0.05509653698801164	1054
13955186	1493	0.09228229772415492	1055
14579493	1591	0.010882141347386836	1056
14579494	1608	0.07391462277270845	1057
7459221	1630	0.06114283613638768	1058
6677293	1668	0.01139203690096013	1059
21057006	1671	0.08152889880680458	1060
41522043	1685	0.06262884955713105	1061
17791429	1688	0.06811122388349088	1062
7461171	1704	0.07293489885006116	1063
16250137	1762	0.04154108127437392	1064
18754874	1806	0.026440603928073046	1065
16210652	1826	0.05638522693361048	1066
14579476	1916	0.08286799679650453	1067
9001623	2094	0.09757995632065194	1068
35497190	2430	0.09402443547092257	1069
18021634	1673	0.3646492615704005	95
16210652	1676	0.2687227515026029	1070
18464147	1727	0.2691040851209275	1071
49650310	1737	0.2625810664044334	1072
16253106	1800	0.354584124275774	1073
16272469	1867	0.09024426174132784	1074
16211076	1927	0.2719568927557919	1075
13955186	1937	0.4398023082999304	1076
15197179	1949	0.3664597325320305	1077
19514897	1980	0.11193976397183894	1078
7459221	2074	0.29139673731540644	1079
14579493	2088	0.05186250236348538	1080
17791429	2185	0.32460693138172464	1081
7461171	2201	0.3475957757983164	1082
21057006	2236	0.38855337126048417	1083
6677293	2239	0.05429258101327942	1084
18754874	2250	0.12601158539821375	1085
14579476	2413	0.3949352928362804	1086
9001623	2538	0.4650500810232412	1087
35497190	2927	0.4481050513102435	1088
16250137	1612	0.19797798585765516	1089
18130267	1383	0.15236880614920253	1090
18752428	1384	0.20041395754146882	1091
18752426	1348	0.0917771758997376	1092
14579088	2094	0.20914707909378397	1093
41522043	1716	0.29847883375996154	1094
14579494	2212	0.35226497946254376	1095
15178444	2426	0.27519035247674845	1096
19514897	1402	0.09537882011087724	98
16272469	1503	0.07689306195812973	96
14579493	1517	0.044189697279255	97
14579494	1534	0.30014908836123994	1097
16253106	1607	0.30212512697436233	1098
41522043	1611	0.2543203414227114	1099
17791429	1614	0.27658291402856855	1100
18464147	1624	0.2292914440333127	1101
7461171	1630	0.2961706706788208	1102
21057006	1665	0.331068789016313	1103
6677293	1668	0.046260257607149725	1104
7770986	1676	0.36645973253203057	1105
16250137	1688	0.16868810536157222	1106
18021634	1708	0.3107011761400277	1107
18130598	1742	0.3883975579644103	1108
49650310	1772	0.2237334742228985	1109
13955186	1781	0.37473569497824377	1110
14579476	1842	0.33650653632202226	1111
7459221	1918	0.248286006716029	1112
16210652	2130	0.22896652686988575	1113
18754874	2318	0.1073687839703351	1114
35497190	2356	0.3818100875257099	1115
9001623	2382	0.3962481824744903	1116
18130267	1771	0.12982658205237926	1117
18752428	1772	0.17076368687775356	1118
18752426	1736	0.0781991889193869	1119
14579088	2254	0.17820478555430821	1120
16211076	1806	0.23172219264812235	1121
15178444	2586	0.2344772777235069	1122
16272469	1447	0.05509653698801165	100
18464147	1460	0.16429524596243938	99
13955186	1517	0.2685110795866042	1123
16253106	1551	0.2164830975571616	1124
19514897	1560	0.06834222173352082	1125
7770986	1620	0.26258106640443346	1126
15197179	1632	0.2237334742228985	1127
18021634	1652	0.2226281332474347	1128
7459221	1654	0.17790550674239441	1129
18754874	1830	0.07693344531656997	1130
14579494	1853	0.21506719758172663	1131
6677293	1900	0.03314707373358534	1132
21057006	1903	0.23722223195567466	1133
41522043	1930	0.1822293161589814	1134
16250137	2007	0.12087085882406874	1135
16210652	2074	0.16406243158287234	1136
9001623	2118	0.28392552053690073	1137
14579476	2161	0.24111856587619937	1138
35497190	2675	0.27358012639958484	1139
18130267	1575	0.09302523397977096	1140
18752428	1576	0.12235808473061659	1141
18752426	1540	0.05603242210689442	1142
14579088	2058	0.12768988916165203	1143
16211076	1610	0.1660369613728277	1144
14579493	2193	0.03166344568202093	1145
17791429	2062	0.19818121901979888	1146
7461171	2194	0.21221652378345177	1147
15178444	2390	0.16801107506911542	1148
14579494	1458	0.04247801715341861	102
14579476	1808	0.0476234344077729	101
17791429	2190	0.039142860071952223	1149
7461171	2206	0.04191497931285761	1150
21057006	2241	0.04685386777477392	1151
6677293	2244	0.006546893168614493	1152
18021634	2252	0.043971380895147724	1153
16210652	2255	0.03240404330074811	1154
49650310	2316	0.03166344568202093	1155
16253106	2379	0.04275767218273193	1156
7770986	2448	0.05186250236348538	1157
35497190	2490	0.05403493155956479	1158
13955186	2516	0.05303374188538656	1159
15197179	2528	0.044189697279255	1160
7459221	2653	0.035138195187666095	1161
18754874	2829	0.015195158753054392	1162
9001623	3117	0.05607825492344871	1163
16250137	1585	0.023873256694694926	1164
18130267	2049	0.018373455036962996	1165
18752428	2050	0.02416699934015503	1166
18752426	2014	0.01106698843044061	1167
14579088	2532	0.02522008638749116	1168
18464147	1820	0.0324500265716514	1169
41522043	1591	0.03599219269463645	1170
16272469	1833	0.010882141347386838	1171
16211076	2084	0.032794033551380296	1172
15178444	2309	0.03318394161916847	1173
21057006	1648	0.29325793296936314	106
6677293	1651	0.04097694489659226	103
41522043	1692	0.2252748072667525	104
16250137	1789	0.1494224968830127	105
14579493	1842	0.039142860071952223	1174
7461171	1891	0.26234547493131805	1175
14579476	2103	0.2980746435376416	1176
16253106	2117	0.26761988195221326	1177
15197179	2177	0.27658291402856855	1178
19514897	2183	0.08448575209363626	1179
7770986	2186	0.3246069313817246	1180
18021634	2218	0.27521647376275304	1181
49650310	2282	0.19818121901979888	1182
16272469	2284	0.06811122388349088	1183
16210652	2640	0.20281661279078864	1184
18754874	2736	0.09510636066338195	1185
35497190	3754	0.3382041459943365	1186
18130267	2243	0.11499928824544733	1187
18752428	2244	0.15126102943376538	1188
18752426	2208	0.0692681800979136	1189
14579088	2726	0.1578522917010157	1190
18464147	2014	0.20310442166584436	1191
14579494	2270	0.2658695236630078	1192
16211076	2278	0.20525755822838546	1193
13955186	2120	0.3319377089144535	1194
7459221	2463	0.21992964462491923	1195
15178444	2439	0.2076979892843078	1196
14579088	1822	0.16903147927803555	107
14579476	1922	0.319184456490957	1197
14579493	2271	0.041914979312857606	1198
14579494	2288	0.284698552016117	1199
41522043	2301	0.24122889510211978	1200
17791429	2304	0.26234547493131805	1201
21057006	2355	0.314026623786492	1202
6677293	2358	0.043878955050488964	1203
18021634	2366	0.2947074583491997	1204
16210652	2369	0.21718019873364283	1205
16250137	2378	0.16000468167666632	1206
18464147	2420	0.21748839039418688	1207
49650310	2430	0.21221652378345174	1208
16253106	2493	0.2865728716582503	1209
7770986	2562	0.3475957757983164	1210
35497190	2604	0.3621559527540237	1211
13955186	2630	0.355445723095644	1212
15197179	2642	0.29617067067882075	1213
19514897	2673	0.09046908030548939	1214
7459221	2767	0.23550518505271442	1215
18754874	2943	0.10184184631371038	1216
9001623	3231	0.37585082935095626	1217
18130267	2275	0.12314360215223973	1218
18752428	2276	0.161973420130861	1219
18752426	2240	0.07417379135061604	1220
16272469	2059	0.07293489885006116	1221
16211076	2310	0.21979401329222684	1222
15178444	2471	0.22240727704033852	1223
21057006	1595	0.04904926095001559	109
41522043	1649	0.03767864928736903	108
17791429	1705	0.04097694489659226	1224
16250137	1746	0.0249918662632852	1225
14579493	1799	0.006546893168614493	1226
7461171	1848	0.043878955050488964	1227
14579476	2060	0.04985488653426489	1228
16253106	2074	0.04476113328759572	1229
15197179	2118	0.04626025760714972	1230
19514897	2124	0.014130781251302118	1231
7770986	2143	0.05429258101327942	1232
16211076	2201	0.03433063662956009	1233
16272469	2225	0.01139203690096013	1234
49650310	2239	0.03314707373358534	1235
18754874	2677	0.015907145818530553	1236
18130267	2351	0.01923436491931588	1237
18752428	2352	0.025299372566469802	1238
18752426	2316	0.011585545211867073	1239
18130598	2378	0.057542763936006276	1240
14579088	2834	0.026401803248098207	1241
18464147	2122	0.033970510797505855	1242
14579494	2378	0.04446837469240972	1243
18021634	2644	0.04603171175165672	1244
13955186	2228	0.055518700342869376	1245
16210652	2559	0.03392237292626943	1246
7459221	2571	0.036784636721076604	1247
35497190	2693	0.05656680193877793	1248
9001623	2748	0.05870586762620804	1249
15178444	2547	0.034738814299232756	1250
16253106	1713	0.03094883305842072	5
19514897	1738	0.009770333273773583	110
18464147	1746	0.02348795909223859	111
7770986	1782	0.03753908586931182	112
15197179	1810	0.03198536061909696	113
18021634	1814	0.03182733898272773	114
18130598	1848	0.03978633390118145	115
49650310	1878	0.022918616576675998	116
13955186	1903	0.03838685176919126	117
14579493	2001	0.004526666079362094	118
14579494	2018	0.030746413320059448	1251
7459221	2040	0.02543370771424903	1252
6677293	2078	0.004738768351580056	1253
21057006	2081	0.03391373893568558	1254
41522043	2095	0.02605184768600847	1255
17791429	2098	0.02833236188861602	1256
7461171	2114	0.030338875602416028	1257
16250137	2172	0.017279926578962105	1258
18754874	2216	0.010998550845675002	1259
16210652	2236	0.0234546755082169	1260
14579476	2326	0.03447076620204915	1261
9001623	2504	0.04059052940057607	1262
35497190	2840	0.039111532288596866	1263
19514897	1894	0.0396749183734104	120
16272469	1995	0.03198536061909696	119
14579493	2009	0.01838167667058628	1264
14579494	2026	0.12485361599925766	1265
16253106	2099	0.12567559272938705	1266
41522043	2103	0.10579014056699612	1267
17791429	2106	0.1150507473756431	1268
18464147	2116	0.09537882011087724	1269
7461171	2122	0.12319870564681443	1270
21057006	2157	0.1377153456599332	1271
6677293	2160	0.019242971787268866	1272
7770986	2168	0.15243698714712897	1273
16250137	2180	0.07016952823494176	1274
18021634	2200	0.12924298903622522	1275
18130598	2234	0.16156250822516266	1276
49650310	2264	0.09306686030372384	1277
13955186	2273	0.15587955578168763	1278
14579476	2334	0.1399772962715936	1279
7459221	2410	0.10328002630213996	1280
16210652	2622	0.09524366366920499	1281
18754874	2810	0.0446624075966062	1282
35497190	2848	0.15882230498466476	1283
9001623	2874	0.16482814818858046	1284
18130267	2263	0.054004222736653444	1285
18752428	2264	0.07103291202534853	1286
18752426	2228	0.032528672860881326	1287
14579088	2746	0.0741282007095407	1288
16211076	2298	0.09638994346894293	1289
15178444	3078	0.09753598171255523	1290
21057006	2065	0.02040311908037585	126
41522043	2119	0.01567326302798584	121
17791429	2175	0.017045261642722173	122
16250137	2216	0.010395916544599306	123
14579493	2269	0.002723324232384753	124
7461171	2318	0.01825241660480719	125
14579476	2530	0.020738236764338235	1291
16253106	2544	0.01861937804873491	1292
15197179	2588	0.019242971787268866	1293
19514897	2594	0.005878009311146776	1294
7770986	2613	0.0225841934035204	1295
16211076	2671	0.014280583513212035	1296
16272469	2695	0.004738768351580057	1297
49650310	2709	0.013788254490552628	1298
18754874	3147	0.00661692722944643	1299
18130267	2821	0.008000957206758504	1300
18752428	2822	0.010523830555948738	1301
18752426	2786	0.0048192623903077795	1302
18130598	2848	0.023936178487923166	1303
14579088	3304	0.010982410849300073	1304
18464147	2592	0.01413078125130212	1305
14579494	2848	0.01849759867094835	1306
18021634	3114	0.019147903111112825	1307
13955186	2698	0.02309422471090071	1308
16210652	3029	0.01411075724482191	1309
7459221	3041	0.015301378834501144	1310
35497190	3163	0.023530205625912796	1311
9001623	3218	0.024419997053878612	1312
15178444	3017	0.014450373994026183	1313
7770986	1761	0.14749706665268533	137
16211076	1819	0.09326630093236539	127
18130598	1827	0.15632686325177517	128
15197179	1969	0.12567559272938705	129
18021634	2047	0.12505470047022918	130
19514897	2069	0.038389200608606885	131
14579493	2108	0.017785994329924275	132
14579494	2125	0.12080757082332644	133
41522043	2202	0.10236187231479968	134
17791429	2205	0.11132237701423306	135
16210652	2215	0.09215716783292024	136
7461171	2221	0.11920629001132152	1314
21057006	2256	0.13325249926578162	1315
6677293	2259	0.01861937804873491	1316
16250137	2279	0.0678955926429278	1317
13955186	2311	0.15082807433560322	1318
14579476	2433	0.13544114840125124	1319
18754874	2624	0.043215063702274806	1320
9001623	2912	0.15948667586918808	1321
35497190	2947	0.153675459891149	1322
18130267	1784	0.05225414507062212	1323
18752428	1785	0.06873099734925123	1324
18752426	1749	0.03147453855443884	1325
14579088	2495	0.07172597914406291	1326
18464147	1783	0.09228794435283816	1327
16272469	1796	0.030948833058420725	1328
49650310	1925	0.09005090663544413	1329
7459221	2232	0.09993310159479062	1330
15178444	2827	0.09437520030362795	1331
16272469	1686	0.022918616576675998	138
18464147	1699	0.06834222173352082	1332
13955186	1756	0.11169309027487027	1333
16253106	1790	0.09005090663544413	1334
19514897	1799	0.028428450525838807	1335
7770986	1859	0.10922637084300511	1336
15197179	1871	0.09306686030372383	1337
18021634	1891	0.09260706940963086	1338
7459221	1893	0.07400370910417411	1339
18754874	2069	0.032002158965395405	1340
14579494	2092	0.08946193189361996	1341
6677293	2139	0.013788254490552626	1342
21057006	2142	0.09867780580907268	1343
41522043	2169	0.07580229274638998	1344
16250137	2246	0.050278892651368035	1345
16210652	2313	0.06824537747087697	1346
9001623	2357	0.11810506607582721	1347
14579476	2400	0.10029857161507302	1348
35497190	2914	0.11380167180588743	1349
18130267	1814	0.0386958924478655	1350
18752428	1815	0.05089753698327017	1351
18752426	1779	0.023307918579525255	1352
14579088	2297	0.05311541832567308	1353
16211076	1849	0.06906672657281886	1354
14579493	2432	0.01317110676557666	1355
17791429	2301	0.08243783765214341	1356
7461171	2433	0.08827613141795569	1357
15178444	2629	0.06988790259144644	1358
18021634	2524	0.15168388192380372	139
16210652	2527	0.11178113986469987	1359
18464147	2578	0.11193976397183894	1360
49650310	2588	0.10922637084300513	1361
16253106	2651	0.14749706665268533	1362
16272469	2718	0.03753908586931182	1363
16211076	2778	0.11312645206377286	1364
13955186	2788	0.18294544493161827	1365
15197179	2800	0.15243698714712897	1366
19514897	2831	0.04656380728088972	1367
7459221	2925	0.12121288304706553	1368
14579493	2939	0.02157334873214088	1369
17791429	3036	0.13502739382854276	1370
7461171	3052	0.14459010937343023	1371
21057006	3087	0.16162732219325365	1372
6677293	3090	0.022584193403520397	1373
18754874	3101	0.052417290955856656	1374
14579476	3264	0.1642820228625519	1375
9001623	3389	0.19344781139770895	1376
35497190	3778	0.1863991535309345	1377
16250137	2463	0.08235329834761598	1378
18130267	2234	0.06338115673475596	1379
18752428	2235	0.08336659435613122	1380
18752426	2199	0.03817673523462848	1381
14579088	2945	0.086999328377483	1382
41522043	2567	0.12415883685550753	1383
14579494	3063	0.14653236735095287	1384
15178444	3277	0.1144714807645214	1385
21057006	2070	0.12198708832200851	140
6677293	2073	0.017045261642722173	1386
41522043	2114	0.09370801168964012	1387
16250137	2211	0.06215557458241841	1388
14579493	2264	0.01628233371361891	1389
7461171	2313	0.1091283713872092	1390
14579476	2525	0.12399070504113582	1391
16253106	2539	0.11132237701423306	1392
15197179	2599	0.1150507473756431	1393
19514897	2605	0.035143707105357025	1394
7770986	2608	0.13502739382854276	1395
18021634	2640	0.11448234648805246	1396
49650310	2704	0.08243783765214342	1397
16272469	2706	0.02833236188861602	1398
16210652	3062	0.08436603166082209	1399
18754874	3158	0.03956158287264751	1400
35497190	4176	0.14068345435889942	1401
18130267	2665	0.04783648370607269	1402
18752428	2666	0.06292035264103954	1403
18752426	2630	0.02881362327678869	1404
14579088	3148	0.06566213317603563	1405
18464147	2436	0.08448575209363626	1406
14579494	2692	0.11059427697936453	1407
16211076	2700	0.08538139661163634	1408
13955186	2542	0.1380767920061103	1409
7459221	2885	0.09148457370560123	1410
15178444	2861	0.08639654759407771	1411
14579088	2702	0.07031236216905212	141
14579476	2802	0.1327717961138407	1412
14579493	3151	0.017435457693098066	1413
14579494	3168	0.11842662552479429	1414
41522043	3181	0.10034446548362273	1415
17791429	3184	0.1091283713872092	1416
21057006	3235	0.13062628213814395	1417
6677293	3238	0.01825241660480719	1418
18021634	3246	0.1225900502904869	1419
16210652	3249	0.09034088120466977	1420
16250137	3258	0.06655746713479516	1421
18464147	3300	0.09046908030548939	1422
49650310	3310	0.08827613141795569	1423
16253106	3373	0.1192062900113215	1424
7770986	3442	0.14459010937343023	1425
35497190	3484	0.15064673527369357	1426
13955186	3510	0.14785546763530633	1427
15197179	3522	0.12319870564681441	1428
19514897	3553	0.037632604096645386	1429
7459221	3647	0.09796356237809849	1430
18754874	3823	0.042363356296468486	1431
9001623	4111	0.15634342045480187	1432
18130267	3155	0.05122429023464778	1433
18752428	3156	0.06737640720322928	1434
18752426	3120	0.030854220191244085	1435
16272469	2939	0.030338875602416028	1436
16211076	3190	0.09142815486914264	1437
15178444	3351	0.09251519941188278	1438
