NEW
19514897
2
16272469
294
15197179
479
NEW
16250137
9
14579493
144
14579494
161
41522043
238
17791429
241
7461171
257
18752426
265
21057006
292
6677293
295
14579476
469
NEW
18130267
-1
NEW
18752428
0
NEW
18752426
8
16253106
57
7770986
126
18021634
158
18464147
212
49650310
222
15197179
434
18754874
735
14579476
898
NEW
18130598
-1
NEW
14579088
7
18021634
676
16210652
679
18464147
730
49650310
740
15197179
952
18754874
1253
14579476
1416
NEW
18464147
14
16253106
91
16272469
137
7770986
160
18021634
192
15197179
240
49650310
256
14579493
379
41522043
473
17791429
476
7461171
492
16250137
550
18754874
620
14579476
704
35497190
1218
NEW
41522043
8
21057006
54
6677293
57
16250137
97
17791429
99
14579493
150
7461171
199
14579476
411
15197179
583
NEW
14579494
13
14579088
250
14579476
350
14579493
699
41522043
729
17791429
732
18021634
794
16210652
797
16250137
806
18464147
848
49650310
858
35497190
1032
15197179
1070
18754874
1371
NEW
15197179
18
19514897
100
16272469
201
14579493
215
14579494
232
16253106
305
41522043
309
17791429
312
18464147
322
7461171
328
21057006
363
6677293
366
7770986
374
16250137
386
18021634
406
49650310
470
14579476
540
18754874
1016
35497190
1054
NEW
16272469
17
16253106
104
19514897
129
18464147
137
7770986
173
15197179
201
18021634
205
49650310
269
14579493
392
6677293
469
21057006
472
41522043
486
17791429
489
7461171
505
16250137
563
18754874
607
14579476
717
35497190
1231
NEW
16211076
0
NEW
16253106
11
7770986
69
15197179
277
19514897
377
14579493
416
41522043
510
17791429
513
16210652
523
7461171
529
16250137
587
14579476
741
35497190
1255
NEW
14579493
2
14579494
17
14579476
367
NEW
49650310
7
16272469
129
18464147
142
13955186
199
15197179
314
7459221
336
18754874
512
14579476
843
NEW
7770986
18
18021634
451
16210652
454
18464147
505
49650310
515
16253106
578
16272469
645
13955186
715
15197179
727
7459221
852
14579493
866
41522043
960
17791429
963
7461171
979
18754874
1028
16250137
1037
14579476
1191
9001623
1316
35497190
1705
NEW
17791429
7
21057006
110
6677293
113
41522043
154
16250137
251
14579476
565
15197179
639
18754874
1198
NEW
7461171
13
14579088
268
14579476
368
14579493
717
41522043
747
17791429
750
18021634
812
16210652
815
16250137
824
18464147
866
49650310
876
35497190
1050
15197179
1088
18754874
1389
NEW
6677293
8
21057006
3
41522043
57
17791429
113
16250137
154
14579476
468
15197179
526
19514897
532
16272469
633
NEW
21057006
8
6677293
3
41522043
54
17791429
110
16250137
151
14579476
465
15197179
529
19514897
535
16272469
636
NEW
18021634
1
16210652
843
NEW
13955186
4
18464147
124
49650310
134
15197179
346
14579476
810
NEW
16210652
0
NEW
14579476
11
14579493
381
14579494
398
41522043
411
17791429
414
14579088
427
7461171
430
21057006
465
6677293
468
16250137
488
18752426
600
16210652
974
NEW
7459221
0
NEW
18754874
19
16272469
473
15197179
576
16253106
577
19514897
582
6677293
583
21057006
586
18464147
594
41522043
640
7770986
646
18021634
678
17791429
696
16250137
737
49650310
742
14579493
791
14579494
808
9001623
824
7461171
904
14579476
1116
35497190
1630
NEW
35497190
6
14579476
987
14579493
1014
41522043
1044
17791429
1047
7461171
1063
16250137
1121
NEW
9001623
4
16272469
703
18464147
718
15197179
888
14579476
1417
NEW
15178444
23
14579088
464
14579476
486
14579493
868
14579494
885
41522043
898
17791429
901
7461171
917
21057006
952
6677293
955
16250137
975
18021634
1008
16210652
1011
18464147
1062
49650310
1072
35497190
1083
18752426
1087
16253106
1135
16272469
1202
7770986
1204
13955186
1272
15197179
1284
7459221
1409
18754874
1585
