NEW
19514897
4
16272469
294
0.5854052988253937
15197179
479
0.898780175996493
16250137
854
0.9466211810299454
19591127
1731
0.4488387887963532
NEW
16250137
5
14579493
144
0.2842821569829109
18752426
265
0.6729442821462198
48865594
677
0.6822972591642814
15197179
698
0.06516549186253962
19591127
1845
0.511347056509377
NEW
18130267
-1
NEW
18752428
0
NEW
18752426
8
16253106
57
0.08578626263814615
16272469
352
0.15215363081083455
15197179
434
0.8533711482580731
14579493
573
0.013082272959156538
16250137
744
0.5751565332052074
48865594
1106
0.27797532628881094
15431724
1515
0.8891944448342067
19591127
1581
0.06935865207937941
NEW
15197179
8
19514897
100
0.5186099465012859
16272469
201
0.4873425027539058
14579493
215
0.4952082321171314
16253106
305
0.5600732631924819
16250137
386
0.009965483961384969
48865594
748
0.9325206466329732
15431724
1572
0.7707555108467457
19591127
1638
0.9323692200863559
NEW
16272469
8
16253106
104
0.6877314396564639
19514897
129
0.9311154809402474
15197179
201
0.12445010241732002
14579493
392
0.0020621092762677096
16250137
563
0.7240692442570557
48865594
925
0.24229227539699194
15431724
1387
0.5863716403579874
19591127
1453
0.6410613250471433
NEW
16211076
-1
NEW
16253106
6
16211076
127
0.9901957200027053
15197179
277
0.551148948724781
19514897
377
0.8499369667381219
14579493
416
0.05198881155898516
16250137
587
0.10259980035413685
48865594
949
0.3238711261125493
NEW
14579493
8
48865594
743
0.4475309390890796
16250137
823
0.5118613753335544
16253106
938
0.5241766934678107
16272469
1005
0.017586347860815033
15197179
1087
0.19933156839571342
22337371
1285
0.17861743616012937
15431724
2168
0.14535852235391922
19591127
2234
0.48137354505405217
NEW
48865594
4
14579493
640
0.09136594602170933
16250137
747
0.7974325509844654
15431724
2564
0.8025478717330742
19591127
2630
0.26867350946678104
NEW
19591127
9
15431724
734
0.03668454728980153
15197179
1761
0.9181824492475607
19514897
1767
0.004635984926874781
16272469
1868
0.49638449532306506
16253106
1972
0.5526440546841282
14579493
1976
0.5410763481173031
16250137
2147
0.7331155009864251
48865594
2509
0.8322164308688267
22337371
2931
0.24763893507433266
NEW
22337371
8
16253106
978
0.9443970913158216
16272469
1045
0.5572725081057459
15197179
1127
0.1694166237143494
14579493
1266
0.1522252060137631
16250137
1437
0.8164491741661806
48865594
1799
0.46317066207857815
15431724
2208
0.5567681085664773
19591127
2274
0.3524300265612075
NEW
15431724
9
19591127
66
0.7132295793548077
15197179
1827
0.7336157839169528
19514897
1833
0.9918015766042092
16272469
1934
0.0871430891176106
16253106
2038
0.29399996996322086
14579493
2042
0.9360163446414256
16250137
2213
0.7564506985671635
48865594
2575
0.4568370667065258
22337371
2997
0.7488539269012644
NEW
32179802
8
19591127
505
0.576031615623939
16272469
1554
0.0769194132864891
15197179
1739
0.1574661197792282
16253106
1769
0.32553552385831486
14579493
2057
0.25712597829035366
16250137
2228
0.023319144950249893
22337371
2580
0.20124263001004328
48865594
2590
0.8871811326095863
