51.5137, -0.14125
51.51361, -0.14312
NEW
51.5137, -0.14125
51.51409, -0.14011
51.51412, -0.13923
51.51432, -0.13942
51.51361, -0.14312
NEW
51.5137, -0.14125
51.51487, -0.14081
51.51412, -0.13923
51.51432, -0.13942
51.51361, -0.14312
NEW
51.5137, -0.14125
51.51487, -0.14081
51.51333, -0.14236
51.5113, -0.14262
51.51361, -0.14312
NEW
51.5137, -0.14125
51.51701, -0.14248
51.51412, -0.13923
51.51432, -0.13942
51.51361, -0.14312
NEW
51.5137, -0.14125
51.51487, -0.14081
51.51412, -0.13923
51.5113, -0.14262
51.51361, -0.14312
NEW
51.5137, -0.14125
51.51701, -0.14248
51.51412, -0.13923
51.5113, -0.14262
51.51361, -0.14312
