19514888	5435	0.11135009404735298	0
18130742	5435	0.07297381658214461	168
21057029	5454	0.04545494428564843	169
21057015	5473	0.11255894777594752	170
15175195	5484	0.055512533469431004	171
21056991	5497	0.0603939067098147	172
12998942	5563	0.02027258385163642	173
21057002	5977	0.0022197934802809212	174
13303993	5252	0.08944998246011017	175
18295122	5671	0.1064006183762179	176
19514888	5518	0.03498913205521412	17
18130742	5518	0.022930295001635237	177
21057029	5537	0.014283140591660427	178
21057015	5556	0.035368985732995885	179
15175195	5567	0.017443499988921547	180
21056991	5580	0.018977356016433664	181
12998942	5646	0.006370179743033365	182
21057002	6060	6.975175717752241E-4	183
13303993	5842	0.028107540235236855	184
18295122	6261	0.03343387645042075	185
21056991	5149	0.013021344561778406	18
13303993	5186	0.01928603572964163	186
12998942	5334	0.00437090948194619	187
18130742	5510	0.015733660255989077	188
18295122	5522	0.022940710229594544	189
15175195	5787	0.011968886683815839	190
21057002	6052	4.7860284815835226E-4	191
21057029	5264	0.009800400799103805	192
21057015	5283	0.02426848869943441	193
19514888	5379	0.024007851463289823	194
19514888	5283	0.21369129191853073	19
18130742	5283	0.1400436099769516	195
21057029	5302	0.08723230861712913	196
21057015	5321	0.2160111957966006	197
15175195	5332	0.10653376718037343	198
21056991	5345	0.11590158103808369	199
12998942	5411	0.03890499303880842	200
21057002	5825	0.0042599922402565575	201
13303993	5589	0.17166292024739652	202
18295122	6199	0.2041927830979238	203
21056991	5503	0.17853509520864314	20
13303993	5828	0.26443000635247743	204
18130742	5864	0.2157235390290456	205
19514888	6092	0.32917061878040127	206
21057029	6111	0.13437287381879176	207
21057015	6130	0.3327442047145743	208
15175195	6141	0.16410489051252605	209
18295122	6210	0.31453909122539775	210
12998942	6220	0.05992935190412051	211
21057002	6406	0.006562103065292753	212
21056991	6148	0.003982040354461394	21
18130742	6233	0.004811490070436868	213
19514888	6501	0.00734180966467555	214
21057029	6520	0.0029970477539223556	215
21057015	6539	0.00742151479706637	216
15175195	6550	0.0036601895869362504	217
12998942	6629	0.0013366621135191394	218
18295122	6768	0.0070154685993329136	219
21057002	7043	1.463609112012031E-4	220
13303993	6594	0.005897837369148653	221
13303993	5649	0.07654882776776341	22
12998942	5749	0.017348718099061626	222
15175195	5800	0.04750609498888036	223
19514888	5805	0.09529033921226532	224
18130742	5976	0.0624489794572517	225
18295122	6000	0.09105471445001997	226
21057002	6518	0.0018996380337783138	227
21057029	6289	0.0388990875751939	228
21057015	6270	0.09632484289042835	229
21056991	6182	0.05168343956929919	230
15175195	5929	0.01896748011475067	23
18130742	6496	0.024933638016746015	231
21057002	7038	7.584573440386545E-4	232
21057029	6641	0.015531010710039086	233
21057015	6622	0.03845905546453214	234
19514888	6828	0.03804601524413965	235
21056991	6758	0.020635344002112945	236
12998942	6643	0.006926720995219436	237
13303993	6791	0.03056320181299638	238
18295122	7401	0.03635488217015748	239
21056991	6650	0.05181421761724259	24
18295122	6731	0.09128511625591858	240
13303993	6975	0.07674252436286717	241
18130742	7011	0.06260699826748446	242
19514888	7239	0.0955314587014846	243
21057029	7258	0.03899751652617427	244
21057015	7277	0.0965685800531761	245
15175195	7288	0.04762630282372714	246
12998942	7367	0.017392616715450608	247
21057002	7553	0.0019044448143627113	248
19514888	5547	0.2729640387835401	25
18130742	5547	0.1788882880623394	249
21057029	5566	0.11142842115261191	250
21057015	5585	0.27592742735432463	251
15175195	5596	0.1360836330544846	252
21056991	5609	0.14804984975061414	253
12998942	5675	0.049696288198619626	254
21057002	6089	0.005441610075202759	255
13303993	5647	0.2192780229807891	256
19514888	5331	0.21137449828442112	2
18130742	5331	0.138525288190512	257
21057029	5350	0.08628655525732494	258
21057015	5369	0.21366925027872352	259
15175195	5380	0.10537875168392867	260
21056991	5393	0.11464500177965214	261
12998942	5459	0.03848319372542436	262
21057002	5873	0.004213806348379665	263
13303993	5148	0.16980178890567832	264
18295122	5567	0.20197897019162742	265
19514888	5004	0.4056475210323629	26
18130742	5004	0.26584304261322705	266
21057029	5023	0.16559200623841575	267
21057015	5042	0.4100513657034466	268
15175195	5053	0.20223172491012434	269
21056991	5066	0.2200145294163629	270
12998942	5132	0.07385286428981257	271
21057002	5546	0.008086690273443577	272
13303993	5310	0.32586558594105297	273
18295122	5920	0.38761661990396223	274
19514888	5484	0.518164239026358	27
18130742	5484	0.33958141177730655	275
21057029	5503	0.21152318565390943	276
21057015	5522	0.5237896026843805	277
15175195	5533	0.25832586768521676	278
21056991	5546	0.2810411879743168	279
12998942	5612	0.09433784564307636	280
21057002	6026	0.010329740709660203	281
13303993	5584	0.4162527431063799	282
21056991	5103	0.02471825639019221	28
13303993	5140	0.03661044169854769	283
12998942	5288	0.008297243093482218	284
18130742	5464	0.02986701153007501	285
18295122	5476	0.04354806483600008	286
15175195	5741	0.022720388693509175	287
21057002	6006	9.085258326225148E-4	288
21057029	5218	0.018603978915508173	289
21057015	5237	0.046068570187130765	290
19514888	5333	0.04557380576420292	291
13303993	5370	0.14531168744941172	29
12998942	5470	0.03293285574152761	292
15175195	5521	0.09018022912002514	293
19514888	5526	0.18088846547160772	294
18130742	5697	0.11854612081007483	295
18295122	5721	0.17284803167853036	296
21057002	6239	0.0036060592471627165	297
21057029	6010	0.07384165402169976	298
21057015	5991	0.18285225093416968	299
21056991	5903	0.09811003036897312	300
19514888	5668	0.06641943409974205	30
18130742	5668	0.04352829373833508	301
21057029	5687	0.027113508096402388	302
21057015	5706	0.06714050561072316	303
15175195	5717	0.033112779023919	304
21056991	5730	0.03602447883908064	305
12998942	5796	0.012092432958275253	306
21057002	6210	0.0013240889290659795	307
13303993	5992	0.05335619395800236	308
18295122	6411	0.06346711173324786	309
21056991	5525	0.3389109501770142	31
13303993	5850	0.5019641914297055	310
18130742	5886	0.4095053104401775	311
19514888	6114	0.6248604905990538	312
21057029	6133	0.25507835471072177	313
21057015	6152	0.6316441843208647	314
15175195	6163	0.31151827212066596	315
18295122	6232	0.597085643864229	316
12998942	6242	0.11376314317127534	317
21057002	6428	0.012456758613307077	318
15175195	5650	0.03600573153777651	32
18130742	6217	0.04733121486142422	319
21057002	6759	0.0014397701406352451	320
21057029	6362	0.029482324418050397	321
21057015	6343	0.07300634654022957	322
19514888	6549	0.07222227742826617	323
21056991	6479	0.039171816806173154	324
12998942	6364	0.013148908293674494	325
13303993	6512	0.05801774578151957	326
18295122	7122	0.06901202055238823	327
21056991	6298	0.007559057666486136	33
18130742	6383	0.00913359174359174	328
19514888	6651	0.01393686595101174	329
21057029	6670	0.005689258466637539	330
21057015	6689	0.014088169212261237	331
15175195	6700	0.006948092358462667	332
12998942	6779	0.0025373690614104924	333
18295122	6918	0.013317376766502666	334
21057002	7193	2.7783509693713143E-4	335
13303993	6744	0.01119579130608325	336
21056991	6672	0.09835828471044586	34
18295122	6753	0.17328540056036473	337
13303993	6997	0.14567937928622368	338
18130742	7033	0.118846085951714	339
19514888	7261	0.1813461795983569	340
21057029	7280	0.07402850047484501	341
21057015	7299	0.1833149341580129	342
15175195	7310	0.0904084181574748	343
12998942	7389	0.03301618793890011	344
21057002	7575	0.003615183898947547	345
19514888	5600	0.23943350984602105	3
18130742	5600	0.15691389558855975	346
21057029	5619	0.09774070640245555	347
21057015	5638	0.24203287982055158	348
15175195	5649	0.1193673058181539	349
21056991	5662	0.12986360883264872	350
12998942	5728	0.04359166417211	351
21057002	6142	0.00477317014111323	352
13303993	5417	0.19234221074821203	353
18295122	5836	0.2287907677632582	354
19514888	5518	0.075236314491869	35
18130742	5518	0.04930647846342535	355
21057029	5537	0.030712704041642665	356
21057015	5556	0.07605310499462807	357
15175195	5567	0.03750835113413	358
21056991	5580	0.04080656597092682	359
12998942	5646	0.013697648908817969	360
21057002	6060	0.001499855764094758	361
13303993	5842	0.0604389881233423	362
18295122	6261	0.07189208464321692	363
19514888	5448	0.45949540038849	36
18130742	5448	0.3011325078363135	364
21057029	5467	0.18757359841374147	365
21057015	5486	0.46448383558276524	366
15175195	5497	0.2290770745309669	367
21056991	5510	0.24922046615290766	368
12998942	5576	0.08365649902240344	369
21057002	5990	0.009160161944431592	370
13303993	5754	0.36912277314981584	371
18295122	6364	0.43907097843646054	372
19514888	5928	0.5869482053593477	37
18130742	5928	0.38465931302130035	373
21057029	5947	0.23960193479337896	374
21057015	5966	0.59332031067826	375
15175195	5977	0.2926174618314821	376
21056991	5990	0.31834813846579124	377
12998942	6056	0.10686076928372162	378
21057002	6470	0.011700967212162313	379
13303993	6028	0.4715084178739846	380
21056991	5668	0.02799949347160087	38
13303993	5705	0.041470312757887026	381
12998942	5853	0.009398664701949645	382
18130742	6029	0.03383172264061383	383
18295122	6041	0.04932887408515768	384
15175195	6306	0.025736417846550123	385
21057002	6571	0.0010291285403685806	386
21057029	5783	0.02107357323137309	387
21057015	5802	0.05218396515671565	388
19514888	5898	0.05162352298753234	389
13303993	5814	0.16460115874926692	39
12998942	5914	0.03730454384727357	390
15175195	5965	0.10215124791388977	391
19514888	5970	0.20490059363854654	392
18130742	6141	0.1342825838242504	393
18295122	6165	0.19579282851367974	394
21057002	6683	0.004084747352535787	395
21057029	6454	0.08364380064174566	396
21057015	6435	0.2071250627665731	397
21056991	6347	0.11113369452323514	398
21056991	6452	0.008562488487991094	40
18130742	6537	0.010346034864272881	399
19514888	6805	0.015786922064808924	400
21057029	6824	0.006444481875269887	401
21057015	6843	0.01595831015176429	402
15175195	6854	0.007870420290164428	403
12998942	6933	0.002874193363339114	404
18295122	7072	0.015085198484327272	405
21057002	7347	3.147164532996542E-4	406
13303993	6898	0.012681982120246392	407
21056991	6022	0.38389985066667437	41
13303993	6347	0.5685976744901042	408
18130742	6383	0.46386529394545534	409
19514888	6611	0.7078079032359077	410
21057029	6630	0.2889388561526289	411
21057015	6649	0.7154921017116768	412
15175195	6660	0.35287091811167776	413
18295122	6729	0.676346070833562	414
12998942	6739	0.1288646874703022	415
21057002	6925	0.014110337151814263	416
15175195	6094	0.04078533004990598	42
18130742	6661	0.053614220218268414	417
21057002	7203	0.0016308931348943314	418
21057029	6806	0.03339597004901858	419
21057015	6787	0.082697609858504	420
19514888	6993	0.08180945910728783	421
21056991	6923	0.0443716988618331	422
12998942	6808	0.014894366581353949	423
13303993	6956	0.06571933993253737	424
18295122	7566	0.07817305510615562	425
21056991	7169	0.11141490350916188	43
18295122	7250	0.19628825614248538	426
13303993	7494	0.1650176600194966	427
18130742	7530	0.13462236798590213	428
19514888	7758	0.2054190672517929	429
21057029	7777	0.08385545011905701	430
21057015	7796	0.20764916510214715	431
15175195	7807	0.10240972801715863	432
12998942	7886	0.03739893801810317	433
21057002	8072	0.004095083260702084	434
21056991	5097	0.027402336889064922	4
13303993	5134	0.04058585853487351	435
12998942	5282	0.009198215558128166	436
18130742	5458	0.03311017973506576	437
18295122	5470	0.048276817129237516	438
15175195	5735	0.025187526798090585	439
21057002	6000	0.0010071798975197365	440
21057029	5212	0.02062412856604614	441
21057015	5231	0.05107101651256372	442
19514888	5327	0.05052252712141183	443
19514888	5635	0.2343270140221142	44
18130742	5635	0.1535673291323806	444
21057029	5654	0.09565615061328961	445
21057015	5673	0.2368709461762316	446
15175195	5684	0.11682151074935417	447
21056991	5697	0.12709395484140973	448
12998942	5763	0.04266196702489288	449
21057002	6177	0.004671370800627989	450
13303993	5452	0.1882400502086184	451
18295122	5871	0.2239112540273452	452
19514888	5292	0.4496955551425293	45
18130742	5292	0.294710132393972	453
21057029	5311	0.1835731400084375	454
21057015	5330	0.4545775999509985	455
15175195	5341	0.2241914546141998	456
21056991	5354	0.24390523993223215	457
12998942	5420	0.08187232285100915	458
21057002	5834	0.008964799445900656	459
13303993	5598	0.36125034167265696	460
18295122	6208	0.42970673314253166	461
21056991	5451	0.3757122624485985	46
13303993	5776	0.5564709606807711	462
18130742	5812	0.45397225020270143	463
19514888	6040	0.6927121962718874	464
21057029	6059	0.28277653967797717	465
21057015	6078	0.7002325107221838	466
15175195	6089	0.34534509655531215	467
18295122	6158	0.6619213631623238	468
12998942	6168	0.1261163378811434	469
21057002	6354	0.013809400253775242	470
19514888	5772	0.5744301223163992	47
18130742	5772	0.37645552744077176	471
21057029	5791	0.23449184690213418	472
21057015	5810	0.5806663271541238	473
15175195	5821	0.28637669023770795	474
21056991	5834	0.31155859826872556	475
12998942	5900	0.10458170620505011	476
21057002	6314	0.011451415926533984	477
13303993	5872	0.46145236611932905	478
19514888	5972	0.07363171901980686	48
18130742	5972	0.048254899148036476	479
21057029	5991	0.030057681714022802	480
21057015	6010	0.07443108949938694	481
15175195	6021	0.03670839527769519	482
21056991	6034	0.039936267745534215	483
12998942	6100	0.01340551358074629	484
21057002	6514	0.0014678677303365012	485
13303993	6296	0.05914998124769034	486
18295122	6715	0.07035881292098124	487
13303993	5882	0.1610906429058334	49
12998942	5982	0.03650893467171849	488
15175195	6033	0.09997262671247727	489
19514888	6038	0.20053059536051038	490
18130742	6209	0.13141868455650405	491
18295122	6233	0.19161707524589783	492
21057002	6751	0.003997630284791791	493
21057029	6522	0.08185989529387913	494
21057015	6503	0.2027076223309209	495
21056991	6415	0.10876350103050642	496
21056991	6598	0.10903871255804394	50
18295122	6679	0.19210193668821113	497
13303993	6923	0.16149826128411346	498
18130742	6959	0.13175122200317585	499
19514888	7187	0.20103801127618318	500
21057029	7206	0.08206703083672609	501
21057015	7225	0.2032205469228715	502
15175195	7236	0.10022559410547947	503
12998942	7315	0.03660131565968387	504
21057002	7501	0.004007745754841797	505
15175195	5938	0.03991548473163602	51
18130742	6505	0.05247076794284265	506
21057002	7047	0.001596110413846087	507
21057029	6650	0.03268372061617894	508
21057015	6631	0.08093388430621558	509
19514888	6837	0.08006467550721404	510
21056991	6767	0.043425365597607395	511
12998942	6652	0.014576708368865921	512
13303993	6800	0.06431771684673274	513
18295122	7410	0.07650582657286327	514
21056991	6602	0.008379872814294058	52
18130742	6687	0.010125380771776053	515
19514888	6955	0.015450227958590738	516
21057029	6974	0.006307037789834759	517
21057015	6993	0.015617960782125089	518
15175195	7004	0.007702564636334008	519
12998942	7083	0.002812894272763068	520
18295122	7222	0.014763470322247693	521
21057002	7497	3.0800436752885724E-4	522
13303993	7048	0.01241150833076911	523
19514888	5028	0.35301569188717685	5
18130742	5028	0.23135052171072779	524
21057029	5047	0.14410682580894246	525
21057015	5066	0.35684814788140995	526
15175195	5077	0.17599262559030684	527
21056991	5090	0.19146815227536546	528
12998942	5156	0.0642706256869692	529
21057002	5570	0.007037460884000411	530
13303993	5334	0.28358527864397687	531
18295122	5944	0.33732425854378456	532
19514888	5579	0.18394914523149933	53
18130742	5579	0.12055195192612246	533
21057029	5598	0.07509107396294311	534
21057015	5617	0.18594615845351162	535
15175195	5628	0.09170610199030702	536
21056991	5641	0.09977007753344971	537
12998942	5707	0.033490088203756346	538
21057002	6121	0.0036670747050692527	539
13303993	5396	0.14777039889622817	540
18295122	5815	0.17577266521288148	541
19514888	5508	0.45093362554159117	54
18130742	5508	0.2955215077501392	542
21057029	5527	0.1840785407581408	543
21057015	5546	0.4558291112549018	544
15175195	5557	0.22480868287119798	545
21056991	5570	0.24457674280630542	546
12998942	5636	0.08209772801293508	547
21057002	6050	0.008989480705700919	548
13303993	5608	0.36224491088634236	549
13303993	5394	0.12645783155212412	55
12998942	5494	0.028659893756600663	550
15175195	5545	0.07847955263310973	551
19514888	5550	0.15741860477874037	552
18130742	5721	0.103165035378019	553
18295122	5745	0.1504213987035927	554
21057002	6263	0.0031381813868443134	555
21057029	6034	0.06426086992525762	556
21057015	6015	0.15912759361224782	557
21056991	5927	0.08538048048125954	558
21056991	5335	0.021511119702201188	56
13303993	5372	0.03186032142786563	559
12998942	5520	0.007220694961841126	560
18130742	5696	0.025991835752031005	561
18295122	5708	0.03789780398337926	562
15175195	5973	0.019772470725748222	563
21057002	6238	7.906467037796168E-4	564
21057029	5450	0.016190155610956162	565
21057015	5469	0.04009127958547407	566
19514888	5565	0.03966070970392635	567
19514888	5916	0.05780166589901225	57
18130742	5916	0.037880598139981486	568
21057029	5935	0.02359559303057207	569
21057015	5954	0.05842918004651968	570
15175195	5965	0.02881647240857507	571
21056991	5978	0.03135038589632703	572
12998942	6044	0.01052346770541282	573
21057002	6458	0.0011522914480650462	574
13303993	6240	0.04643335100043146	575
18295122	6659	0.055232400542158784	576
15175195	5674	0.03133407101407642	58
18130742	6241	0.041190099028938144	577
21057002	6783	0.001252963289560691	578
21057029	6386	0.02565706090448395	579
21057015	6367	0.06353394166064187	580
19514888	6573	0.06285160370540747	581
21056991	6503	0.0340893640299252	582
12998942	6388	0.011442867805624318	583
13303993	6536	0.05049007723915921	584
18295122	7146	0.06005787024614837	585
21056991	5770	0.2949380369942755	59
13303993	6095	0.43683549671195326	586
18130742	6131	0.356372942027616	587
19514888	6359	0.543786284852428	588
21057029	6378	0.2219825272060868	589
21057015	6397	0.5496898099785305	590
15175195	6408	0.27109949566140984	591
18295122	6477	0.519615160344626	592
12998942	6487	0.09900263804314906	593
21057002	6673	0.010840522947993848	594
21056991	6546	0.00657828738940273	60
18130742	6631	0.007948529305869484	595
19514888	6899	0.012128589776449612	596
21057029	6918	0.00495109031805176	597
21057015	6937	0.01226026178893682	598
15175195	6948	0.006046593419273032	599
12998942	7027	0.0022081512849069754	600
18295122	7166	0.011589477883125244	601
21057002	7441	2.417866346777881E-4	602
13303993	6992	0.00974316323709544	603
21056991	6917	0.08559652439518747	61
18295122	6998	0.1508020199829678	604
13303993	7242	0.1267778162221724	605
18130742	7278	0.10342608073520075	606
19514888	7506	0.1578169315544832	607
21057029	7525	0.06442347348256736	608
21057015	7544	0.15953024475621122	609
15175195	7555	0.07867813466987739	610
12998942	7634	0.028732413793792228	611
21057002	7820	0.0031461221361304276	612
21056991	5417	0.37311897002021865	6
13303993	5742	0.5526300109083527	613
18130742	5778	0.45083878101148417	614
19514888	6006	0.6879308636586511	615
21057029	6025	0.28082472087256705	616
21057015	6044	0.6953992703687107	617
15175195	6055	0.34296140852171353	618
18295122	6124	0.6573525592375209	619
12998942	6134	0.12524584049042567	620
21057002	6320	0.013714083127618144	621
21056991	5673	0.027213196741465807	62
13303993	5710	0.040305721285820634	622
12998942	5858	0.009134726379984127	623
18130742	6034	0.032881642135974255	624
18295122	6046	0.0479435942966592	625
15175195	6311	0.025013674014821262	626
21057002	6576	0.0010002280030427452	627
21057029	5788	0.0204817738925423	628
21057015	5807	0.05071850717584806	629
19514888	5903	0.05017380364299064	630
19514888	6179	0.23270961014163388	63
18130742	6179	0.1525073557652883	631
21057029	6198	0.09499589968217356	632
21057015	6217	0.23523598322022207	633
15175195	6228	0.11601516938236286	634
21056991	6241	0.12621670960955314	635
12998942	6307	0.04236749977662046	636
21057002	6721	0.004639127427871209	637
13303993	5996	0.18694075405644495	638
18295122	6415	0.22236574322630345	639
19514888	6097	0.07312348812476448	64
18130742	6097	0.047921827600737814	640
21057029	6116	0.029850213483160123	641
21057015	6135	0.07391734108037912	642
15175195	6146	0.036455021584456626	643
21056991	6159	0.0396606141906375	644
12998942	6225	0.013312984216277522	645
21057002	6639	0.0014577360134579085	646
13303993	6421	0.05874170817853698	647
18295122	6840	0.06987317272486777	648
21056991	6732	0.10828609068237188	65
18295122	6813	0.19077598449638244	649
13303993	7057	0.1603835459552735	650
18130742	7093	0.1308418307466225	651
19514888	7321	0.19965037929137303	652
21057029	7340	0.0815005765818091	653
21057015	7359	0.20181785034280342	654
15175195	7370	0.09953380333817875	655
12998942	7449	0.03634868106599135	656
21057002	7635	0.003980082945400424	657
19514888	6027	0.4465916051393357	66
18130742	6027	0.29267594391706897	658
21057029	6046	0.18230605644045594	659
21057015	6065	0.45143995243217344	660
15175195	6076	0.22264400977444557	661
21056991	6089	0.24222172391431948	662
12998942	6155	0.08130721253611109	663
21057002	6569	0.008902921384286474	664
13303993	6333	0.358756870286592	665
18295122	6943	0.4267407527132003	666
19514888	6507	0.5704652123687495	67
18130742	6507	0.37385710474737494	667
21057029	6526	0.2328733052896647	668
21057015	6545	0.5766583728227692	669
15175195	6556	0.2844000219820118	670
21056991	6569	0.3094081160123806	671
12998942	6635	0.10385984808660315	672
21057002	7049	0.011372374401450485	673
13303993	6607	0.45826726665167744	674
13303993	6393	0.15997874109616675	68
12998942	6493	0.0362569377226827	675
15175195	6544	0.09928258201122353	676
19514888	6549	0.1991464657310494	677
18130742	6720	0.13051158858527623	678
18295122	6744	0.19029446973085568	679
21057002	7262	0.003970037295727638	680
21057029	7033	0.08129487075816111	681
21057015	7014	0.20130846612893888	682
21056991	6926	0.10801277875738102	683
21056991	7031	0.008322032113065767	69
18130742	7116	0.01005549198742076	684
19514888	7384	0.015343585287625914	685
21057029	7403	0.006263504493265496	686
21057015	7422	0.015510160362785413	687
15175195	7433	0.007649398944002516	688
12998942	7512	0.0027934787302097094	689
18295122	7651	0.01466156788352031	690
21057002	7926	3.058784177687538E-4	691
13303993	7477	0.012325839924927924	692
15175195	6673	0.03963997462809282	70
18130742	7240	0.05210859705086634	693
21057002	7782	0.0015850935228239275	694
21057029	7385	0.03245812658139065	695
21057015	7366	0.0803752514098528	696
19514888	7572	0.07951204218239157	697
21056991	7502	0.04312562911557201	698
12998942	7387	0.014476095023969168	699
13303993	7535	0.06387377432800238	700
18295122	8145	0.07597775762061423	701
21056991	5080	0.017895612337102237	7
13303993	5117	0.026505359511816186	702
12998942	5265	0.006007067955107577	703
18130742	5441	0.021623226637541522	704
18295122	5453	0.03152808491157459	705
15175195	5718	0.01644918888245901	706
21057002	5983	6.577578063033082E-4	707
21057029	5195	0.013468975697317342	708
21057015	5214	0.0333528894586835	709
19514888	5310	0.03299468812881866	710
21056991	5712	0.24536597102266955	71
13303993	6037	0.36341384421019574	711
18130742	6073	0.29647513036275036	712
19514888	6301	0.45238874975700627	713
21057029	6320	0.18467254645437545	714
21057015	6339	0.4573000327837221	715
15175195	6350	0.22553412125004713	716
18295122	6419	0.43228021612734163	717
12998942	6429	0.08236265035470701	718
21057002	6615	0.009018488990552511	719
19514888	6145	0.15303167098583803	72
18130742	6145	0.10029003733962373	720
21057029	6164	0.062470051220996775	721
21057015	6183	0.15469303380413627	722
15175195	6194	0.0762924883913579	723
21056991	6207	0.0830011015279018	724
12998942	6273	0.027861201272961	725
21057002	6687	0.003050726705146717	726
13303993	5962	0.12293371103668116	727
18295122	6381	0.14622946269910367	728
19514888	6482	0.04808658125135056	73
18130742	6482	0.03151377096103914	729
21057029	6501	0.01962973529899238	730
21057015	6520	0.048608625202353775	731
15175195	6531	0.023973109084316654	732
21056991	6544	0.026081132009219236	733
12998942	6610	0.008754723189923574	734
21057002	7024	9.586186744068065E-4	735
13303993	6806	0.03862900957830149	736
18295122	7225	0.04594914826534512	737
13303993	6300	0.10520327913083094	74
12998942	6400	0.02384284757795195	738
15175195	6451	0.0652890072555186	739
19514888	6456	0.13096028308928886	740
18130742	6627	0.08582544774178107	741
18295122	6651	0.125139140856937	742
21057002	7169	0.0026107277687050846	743
21057029	6940	0.05346014677746814	744
21057015	6921	0.13238203156525297	745
21056991	6833	0.07103005333989165	746
21056991	7112	0.005472633809515423	75
18130742	7197	0.006612570664714449	747
19514888	7465	0.01009006243467994	748
21057029	7484	0.004118929846723319	749
21057015	7503	0.01019960351500204	750
15175195	7514	0.005030304944112743	751
12998942	7593	0.0018370135968480436	752
18295122	7732	0.009641562422462217	753
21057002	8007	2.0114805469858882E-4	754
13303993	7558	0.008105569335394672	755
21056991	7996	0.0712097854126507	76
18295122	8077	0.12545578875612803	756
13303993	8321	0.10546948199187559	757
18130742	8357	0.08604261758599178	758
19514888	8585	0.1312916606122103	759
21057029	8604	0.053595420545943843	760
21057015	8623	0.13271700663299538	761
15175195	8634	0.06545421237716285	762
12998942	8713	0.02390317872250505	763
21057002	8899	0.002617333866986239	764
19514888	5631	0.29368215408519127	77
18130742	5631	0.19246600399410566	765
21057029	5650	0.1198858974106895	766
21057015	5669	0.29687046542003925	767
15175195	5680	0.14641245297103844	768
21056991	5693	0.1592869118603147	769
12998942	5759	0.053468262827774234	770
21057002	6173	0.005854631165699153	771
13303993	5937	0.2359213412123043	772
18295122	6547	0.28062807730935085	773
19514888	6317	0.3751424130483817	78
18130742	6317	0.24585137422815234	774
21057029	6336	0.15313931820341614	775
21057015	6355	0.37921508410130994	776
15175195	6366	0.18702369260052237	777
21056991	6379	0.2034692120412926	778
12998942	6445	0.06829905344843606	779
21057002	6859	0.007478562903660573	780
13303993	6417	0.30136016097975493	781
21056991	5531	0.4697148478415321	8
13303993	5856	0.6956990727981883	782
18130742	5892	0.5675553548306479	783
19514888	6120	0.8660276397402339	784
21057029	6139	0.353526761257008	785
21057015	6158	0.875429524402502	786
15175195	6169	0.4317498673695545	787
18295122	6238	0.8275329912166145	788
12998942	6248	0.15767043660513216	789
21057002	6434	0.017264489310812082	790
21056991	5787	0.03425835616454084	79
13303993	5824	0.05074037307694792	791
12998942	5972	0.011499593846476815	792
18130742	6148	0.041394291830945826	793
18295122	6160	0.06035559676531889	794
15175195	6425	0.03148940425943173	795
21057002	6690	0.0012591746386698157	796
21057029	5902	0.02578425135269549	797
21057015	5921	0.06384890020349861	798
19514888	6017	0.0631631796756975	799
19514888	6293	0.29295524457793354	80
18130742	6293	0.1919896203726254	800
21057029	6312	0.1195891609648356	801
21057015	6331	0.2961356643409268	802
15175195	6342	0.1460500591293796	803
21056991	6355	0.1588926517086427	804
12998942	6421	0.05333592047041468	805
21057002	6835	0.005840140033035369	806
13303993	6110	0.23533739879868906	807
18295122	6529	0.279933478694617	808
19514888	6211	0.09205425308797514	81
18130742	6211	0.06032819494154623	809
21057029	6230	0.03757806386397354	810
21057015	6249	0.09305362473674143	811
15175195	6260	0.04589277493898239	812
21056991	6273	0.04992825574868927	813
12998942	6339	0.016759550861556727	814
21057002	6753	0.0018351258037547628	815
13303993	6535	0.07394920852600452	816
18295122	6954	0.0879624713074435	817
21056991	6846	0.13632001772911317	82
18295122	6927	0.24016552287513265	818
13303993	7171	0.20190485860470833	819
18130742	7207	0.16471515939574707	820
19514888	7435	0.2513373885151692	821
21057029	7454	0.10260006594156058	822
21057015	7473	0.25406599096352067	823
15175195	7484	0.1253018716457868	824
12998942	7563	0.04575890417800876	825
21057002	7749	0.005010477100625926	826
19514888	6141	0.5622086377542305	83
18130742	6141	0.36844611909288166	827
21057029	6160	0.22950283540094005	828
21057015	6179	0.5683121620827167	829
15175195	6190	0.28028378500392337	830
21056991	6203	0.304929926736673	831
12998942	6269	0.10235664234050876	832
21057002	6683	0.011207777409812847	833
13303993	6447	0.45163457845533655	834
18295122	7057	0.5372186456175089	835
19514888	6621	0.7181515869111517	84
18130742	6621	0.47064407650292656	836
21057029	6640	0.29316131837135534	837
21057015	6659	0.72594807986395	838
15175195	6670	0.35802766352021775	839
21056991	6683	0.38951004320636684	840
12998942	6749	0.13074787577324165	841
21057002	7163	0.014316541212806167	842
13303993	6721	0.5769069833527445	843
13303993	6507	0.20139525478373263	85
12998942	6607	0.04564340961995838	844
15175195	6658	0.12498561223030084	845
19514888	6663	0.2507030179783405	846
18130742	6834	0.16429942163103567	847
18295122	6858	0.23955934990351832	848
21057002	7376	0.0049978307567338795	849
21057029	7147	0.10234110542918112	850
21057015	7128	0.2534247334887391	851
21056991	7040	0.13597594873349658	852
21056991	7145	0.01047650310438306	86
18130742	7230	0.012658734259979184	853
19514888	7498	0.019315849388012184	854
21057029	7517	0.007885048192134347	855
21057015	7536	0.019525548686009538	856
15175195	7547	0.00962973354280705	857
12998942	7626	0.00351667575797046	858
18295122	7765	0.01845726612922644	859
21057002	8040	3.850665498258458E-4	860
13303993	7591	0.01551684714541014	861
15175195	6787	0.049902272859157645	87
18130742	7354	0.06559886712181123	862
21057002	7896	0.00199545459414056	863
21057029	7499	0.040861133347288504	864
21057015	7480	0.10118340802709147	865
19514888	7686	0.10009672462712822	866
21056991	7616	0.05429032010083426	867
12998942	7501	0.018223776644631005	868
13303993	7649	0.0804099030073872	869
18295122	8259	0.09564745758751896	870
21056991	5027	0.014750019964665406	9
13303993	5064	0.02184639310493851	871
12998942	5212	0.004951178568125258	872
18130742	5388	0.017822414712402482	873
18295122	5400	0.025986251441602996	874
15175195	5665	0.0135578408745364	875
21057002	5930	5.421407545118578E-4	876
21057029	5142	0.011101473182179659	877
21057015	5161	0.02749030187555573	878
19514888	5257	0.027195063206581993	879
21056991	5669	0.20223688930333208	88
13303993	5994	0.29953495619832876	880
18130742	6030	0.24436236153880894	881
19514888	6258	0.37287034190339163	882
21057029	6277	0.15221182130103691	883
21057015	6296	0.3769183465947981	884
15175195	6307	0.18589097307693084	885
18295122	6376	0.3562963757875316	886
12998942	6386	0.06788539638601718	887
21057002	6572	0.007433268566394557	888
13303993	6241	0.08671122498059725	89
12998942	6341	0.019651882884171374	889
15175195	6392	0.05381286442462247	890
19514888	6397	0.10794080435797097	891
18130742	6568	0.0707395222818402	892
18295122	6592	0.10314287051100599	893
21057002	7110	0.0021518283915252638	894
21057029	6881	0.04406321602344694	895
21057015	6862	0.10911264570154575	896
21056991	6774	0.05854478098424765	897
21056991	7069	0.004510684319099767	90
18130742	7154	0.005450249339615079	898
19514888	7422	0.008316486720473335	899
21057029	7441	0.0033949269981818834	900
21057015	7460	0.008406773271794754	901
15175195	7471	0.004146105590373584	902
12998942	7550	0.0015141134440364165	903
18295122	7689	0.007946821575199223	904
21057002	7964	1.6579135526458428E-4	905
13303993	7515	0.006680816910309231	906
19514888	6571	0.12613260500661477	91
18130742	6571	0.08266160582555528	907
21057029	6590	0.05148940898730807	908
21057015	6609	0.1275019426004811	909
15175195	6620	0.06288221412761953	910
21056991	6633	0.0684116241212684	911
12998942	6699	0.022963912453765188	912
21057002	7113	0.002514486733396594	913
13303993	6388	0.10132509902229316	914
18295122	6807	0.12052605150382524	915
19514888	5739	0.2420603192795775	92
18130742	5739	0.1586353877115846	916
21057029	5758	0.09881301332300962	917
21057015	5777	0.2446882067727076	918
15175195	5788	0.120676876751575	919
21056991	5801	0.13128833402243797	920
12998942	5867	0.04406990547904053	921
21057002	6281	0.004825536279682177	922
13303993	6045	0.19445238460812592	923
18295122	6655	0.2313008163669714	924
19514888	6401	0.0396341863094234	93
18130742	6401	0.02597445351861528	925
21057029	6420	0.01617932832401301	926
21057015	6439	0.04006446824416143	927
15175195	6450	0.01975924773893654	928
21056991	6463	0.021496733980959165	929
12998942	6529	0.007215866068397512	930
21057002	6943	7.901179529177853E-4	931
13303993	6725	0.031839014601020364	932
18295122	7144	0.03787245954518463	933
19514888	6425	0.3092019416728369	94
18130742	6425	0.2026369710013995	934
21057029	6444	0.1262213305879756	935
21057015	6463	0.31255874099373304	936
15175195	6474	0.15414969590081318	937
21056991	6487	0.16770451232795158	938
12998942	6553	0.05629382124262688	939
21057002	6967	0.006164022222771362	940
13303993	6525	0.24838872832478542	941
21056991	6935	0.05869292074116395	95
18295122	7016	0.10340385978294914	942
13303993	7260	0.08693063616592557	943
18130742	7296	0.07091851920452111	944
19514888	7524	0.10821393416134734	945
21057029	7543	0.0441747121124394	946
21057015	7562	0.10938874069308856	947
15175195	7573	0.053949030698042785	948
12998942	7652	0.019701609351748254	949
21057002	7838	0.0021572733061613254	950
15175195	6304	0.021485546983617827	96
18130742	6871	0.028243754459755667	951
21057002	7413	8.591479100979521E-4	952
21057029	7016	0.017592862008807907	953
21057015	6997	0.04356476654408931	954
19514888	7203	0.043096892318958836	955
21056991	7133	0.02337483157479204	956
12998942	7018	0.007846292100206879	957
13303993	7166	0.03462068258673165	958
18295122	7776	0.041181249392393336	959
19514888	5588	0.1254483411307087	1
18130742	5588	0.08221317022250206	960
21057029	5607	0.05121008119129592	961
21057015	5626	0.12681025012790603	962
15175195	5637	0.06254108086106833	963
21056991	5650	0.06804049404688524	964
12998942	5716	0.02283933423118145	965
21057002	6130	0.002500845752636559	966
13303993	5405	0.10077541478339296	967
18295122	5824	0.11987220293592057	968
19514888	5261	0.24074715261450613	97
18130742	5261	0.15777479765839658	969
21057029	5280	0.09827695703936423	970
21057015	5299	0.24336078393270513	971
15175195	5310	0.1200222099632855	972
21056991	5323	0.13057610054169183	973
12998942	5389	0.04383082816566609	974
21057002	5803	0.004799357956021238	975
13303993	5567	0.19339748891034697	976
18295122	6177	0.23004601953550027	977
19514888	5741	0.30752453463731555	98
18130742	5741	0.20153767427973102	978
21057029	5760	0.12553658537966395	979
21057015	5779	0.3108631234684352	980
15175195	5790	0.153313440529878	981
21056991	5803	0.16679472266962778	982
12998942	5869	0.055988429719863814	983
21057002	6283	0.006130582671300088	984
13303993	5841	0.2470412303169073	985
21056991	5360	0.01467000175026173	99
13303993	5397	0.02172787737603742	986
12998942	5545	0.004924318640534366	987
18130742	5721	0.017725728890616164	988
18295122	5733	0.025845277161948912	989
15175195	5998	0.013484290179652702	990
21057002	6263	5.391996645855104E-4	991
21057029	5475	0.011041248174795511	992
21057015	5494	0.027341168187956014	993
19514888	5590	0.027047531175872965	994
13303993	5627	0.08624082037041202	100
12998942	5727	0.019545272277417713	995
15175195	5778	0.05352093198429217	996
19514888	5783	0.10735523020643	997
18130742	5954	0.07035576346155915	998
18295122	5978	0.10258332494113342	999
21057002	6496	0.002140154816438215	1000
21057029	6267	0.04382417500007707	1001
21057015	6248	0.10852071436187201	1002
21056991	6160	0.0582271781031508	1003
19514888	5925	0.03941917257890506	101
18130742	5925	0.02583354324217837	1004
21057029	5944	0.0160915561741556	1005
21057015	5963	0.03984712025293088	1006
15175195	5974	0.019652054682532737	1007
21056991	5987	0.021380115137541466	1008
12998942	6053	0.007176720309981425	1009
21057002	6467	7.858315975154043E-4	1010
13303993	6249	0.03166628933672584	1011
18295122	6668	0.03766700310545499	1012
21056991	5782	0.20113976300741027	102
13303993	6107	0.2979099921369993	1013
18130742	6143	0.24303670639497577	1014
19514888	6371	0.3708475365760312	1015
21057029	6390	0.1513860788152086	1016
21057015	6409	0.3748735810187004	1017
15175195	6420	0.18488252266296454	1018
18295122	6489	0.35436348350282165	1019
12998942	6499	0.06751712107412555	1020
21057002	6685	0.007392943408917433	1021
15175195	5907	0.02136898882917235	103
18130742	6474	0.02809053332477826	1022
21057002	7016	8.544870701913366E-4	1023
21057029	6619	0.017497421500417585	1024
21057015	6600	0.0433284295873854	1025
19514888	6806	0.04286309355950144	1026
21056991	6736	0.0232480241339152	1027
12998942	6621	0.007803726308089155	1028
13303993	6769	0.03443286689504695	1029
18295122	7379	0.04095784291218614	1030
21056991	6555	0.004486214053580284	104
18130742	6640	0.005420681974875535	1031
19514888	6908	0.008271370143066774	1032
21057029	6927	0.0033765096674205613	1033
21057015	6946	0.008361166893788687	1034
15175195	6957	0.004123613148541942	1035
12998942	7036	0.0015058994447003724	1036
18295122	7175	0.00790371041506823	1037
21057002	7450	1.6489194439981135E-4	1038
13303993	7001	0.006644573770218474	1039
21056991	6929	0.058374514208352796	105
18295122	7010	0.10284289835766965	1040
13303993	7254	0.08645904125963821	1041
18130742	7290	0.07053378933374853	1042
19514888	7518	0.10762687829254639	1043
21057029	7537	0.04393506622765406	1044
21057015	7556	0.1087953115501385	1045
15175195	7567	0.05365635956162345	1046
12998942	7646	0.019594728981078776	1047
21057002	7832	0.002145570192650071	1048
21056991	5436	0.01626297275091571	10
13303993	5473	0.02408724168662285	1049
12998942	5621	0.005459035467832026	1050
18130742	5797	0.01965051203440156	1051
18295122	5809	0.02865173742853441	1052
15175195	6074	0.014948508356736884	1053
21057002	6339	5.977497209433255E-4	1054
21057029	5551	0.012240183829534554	1055
21057015	5570	0.03031006272449825	1056
19514888	5666	0.029984540559779917	1057
19514888	5974	0.13907039604953664	106
18130742	5974	0.09114044905080479	1058
21057029	5993	0.05677082860411849	1059
21057015	6012	0.14058019061450674	1060
15175195	6023	0.06933222716474619	1061
21056991	6036	0.07542880495045581	1062
12998942	6102	0.025319388270975057	1063
21057002	6516	0.0027724050086528475	1064
13303993	5791	0.11171831145523266	1065
18295122	6210	0.13288876191881394	1066
19514888	5631	0.26688915580806977	107
18130742	5631	0.17490708445579872	1067
21057029	5650	0.10894855376180029	1068
21057015	5669	0.26978659342480704	1069
15175195	5680	0.13305505775435722	1070
21056991	5693	0.1447549633041099	1071
12998942	5759	0.04859028487134154	1072
21057002	6173	0.0053205056815532675	1073
13303993	5937	0.21439793571860902	1074
18295122	6547	0.2550260191411168	1075
21056991	5790	0.22298091988003996	108
13303993	6115	0.33025913471776475	1076
18130742	6151	0.26942732529007885	1077
19514888	6379	0.4111167459112683	1078
21057029	6398	0.16782463400836273	1079
21057015	6417	0.4155799663102663	1080
15175195	6428	0.20495835510958307	1081
18295122	6497	0.39284273950568127	1082
12998942	6507	0.07484860049380639	1083
21057002	6693	0.008195720713267199	1084
19514888	6111	0.3409176912303687	109
18130742	6111	0.22342203913068484	1085
21057029	6130	0.13916822247386942	1086
21057015	6149	0.34461880729779126	1087
15175195	6160	0.16996128208655858	1088
21056991	6173	0.1849064557694619	1089
12998942	6239	0.062068043508206085	1090
21057002	6653	0.0067962840514869454	1091
13303993	6211	0.2738666883202571	1092
19514888	6311	0.0436995809835496	110
18130742	6311	0.0286387293580012	1093
21057029	6330	0.017838889458581902	1094
21057015	6349	0.044173998197669935	1095
15175195	6360	0.021786011702134487	1096
21056991	6373	0.023701717001299877	1097
12998942	6439	0.007956018603752993	1098
21057002	6853	8.711626675145812E-4	1099
13303993	6635	0.03510483566210871	1100
18295122	7054	0.04175714874074524	1101
13303993	6221	0.09560544951370605	111
12998942	6321	0.02166763411948478	1102
15175195	6372	0.059332607676657406	1103
19514888	6377	0.1190126090805889	1104
18130742	6548	0.07799548244940012	1105
18295122	6572	0.1137225370941909	1106
21057002	7090	0.00237254773755257	1107
21057029	6861	0.04858290925867812	1108
21057015	6842	0.12030464962593099	1109
21056991	6754	0.0645498907890289	1110
21056991	6937	0.06471322567507165	112
18295122	7018	0.11401029680082592	1111
13303993	7262	0.0958473663474994	1112
18130742	7298	0.0781928396111552	1113
19514888	7526	0.1193137546085552	1114
21057029	7545	0.048705841828360186	1115
21057015	7564	0.12060906449010618	1116
15175195	7575	0.05948274092390271	1117
12998942	7654	0.021722461176610086	1118
21057002	7840	0.002378551153044173	1119
15175195	6277	0.023689382520847478	113
18130742	6844	0.031140799148944073	1120
21057002	7386	9.472732297583794E-4	1121
21057029	6989	0.019397413437084354	1122
21057015	6970	0.048033332355058994	1123
19514888	7176	0.04751746689912194	1124
21056991	7106	0.025772456570821355	1125
12998942	6991	0.008651109281687287	1126
13303993	7139	0.03817182748734611	1127
18295122	7749	0.04540533086202839	1128
21056991	6941	0.004973358432411203	114
18130742	7026	0.006009297391338618	1129
19514888	7294	0.009169533142491464	1130
21057029	7313	0.0037431546123356365	1131
21057015	7332	0.009269080650049546	1132
15175195	7343	0.004571383794746914	1133
12998942	7422	0.0016694204984906917	1134
18295122	7561	0.00876195035962351	1135
21057002	7836	1.827970605778419E-4	1136
13303993	7387	0.007366087885066842	1137
21056991	5344	0.00875396772661902	11
13303993	5381	0.012965583818991272	1138
12998942	5529	0.0029384677104116364	1139
18130742	5705	0.010577398781597545	1140
18295122	5717	0.015422542274556162	1141
15175195	5982	0.008046423106046292	1142
21057002	6247	3.2175432166537716E-4	1143
21057029	5459	0.006588597045124867	1144
21057015	5478	0.016315178961799334	1145
19514888	5574	0.016139958196943596	1146
21056991	5986	0.12002527497143983	115
13303993	6311	0.17777056206268618	1147
18130742	6347	0.14502625973629776	1148
19514888	6575	0.2212942726216665	1149
21057029	6594	0.09033597069503388	1150
21057015	6613	0.22369671699195645	1151
15175195	6624	0.11032416111188441	1152
18295122	6693	0.21145781376751693	1153
12998942	6703	0.040289204387216865	1154
21057002	6889	0.004411559664962506	1155
13303993	6558	0.051462117802832975	116
12998942	6658	0.011663167165023925	1156
15175195	6709	0.03193731802252215	1157
19514888	6714	0.06406162974684558	1158
18130742	6885	0.04198309538123555	1159
18295122	6909	0.061214111021352303	1160
21057002	7427	0.0012770854776983334	1161
21057029	7198	0.026151013485021177	1162
21057015	7179	0.06475710414802915	1163
21056991	7091	0.03474565624492757	1164
21056991	7386	0.002677039424282676	117
18130742	7471	0.0032346604909900085	1165
19514888	7739	0.0049357395125078874	1166
21057029	7758	0.0020148502474915775	1167
21057015	7777	0.004989323545499626	1168
15175195	7788	0.002460666129010787	1169
12998942	7867	8.98608968346263E-4	1170
18295122	8006	0.004716347487335201	1171
21057002	8281	9.839526840067715E-5	1172
13303993	7832	0.003964988234619265	1173
19514888	6888	0.07485825484625623	118
18130742	6888	0.04905871526688665	1174
21057029	6907	0.030558373861008313	1175
21057015	6926	0.07567094100751348	1176
15175195	6937	0.037319873082898226	1177
21056991	6950	0.04060151451440831	1178
12998942	7016	0.013628818739142986	1179
21057002	7430	0.0014923190453908508	1180
13303993	6705	0.06013528448520657	1181
18295122	7124	0.07153082962659174	1182
19514888	6056	0.14366002405045455	119
18130742	6056	0.09414828370765589	1183
21057029	6075	0.05864439042603178	1184
21057015	6094	0.1452196451465043	1185
15175195	6105	0.07162034268178243	1186
21056991	6118	0.07791812090201947	1187
12998942	6184	0.02615498360021527	1188
21057002	6598	0.0028639004528239116	1189
13303993	6362	0.11540526069126966	1190
18295122	6972	0.13727438243932105	1191
19514888	6718	0.02352243513260684	120
18130742	6718	0.015415540342536883	1192
21057029	6737	0.00960224584956999	1193
21057015	6756	0.02377780252729968	1194
15175195	6767	0.011726886975291229	1195
21056991	6780	0.012758065138069779	1196
12998942	6846	0.00428253377511886	1197
21057002	7260	4.689259456349135E-4	1198
13303993	7042	0.018896090102411365	1199
18295122	7461	0.022476870497832667	1200
19514888	6742	0.18350780710101577	121
18130742	6742	0.12026271887194186	1201
21057029	6761	0.07491091246147431	1202
21057015	6780	0.1855000290092068	1203
15175195	6791	0.09148607705050422	1204
21056991	6804	0.09953070518169783	1205
12998942	6870	0.03340973744757874	1206
21057002	7284	0.003658276513087213	1207
13303993	6842	0.14741586225781328	1208
21056991	7252	0.034833575492100186	122
18295122	7333	0.061369005161770906	1209
13303993	7577	0.0515923358255763	1210
18130742	7613	0.042089328002483946	1211
19514888	7841	0.06422372915346755	1212
21057029	7860	0.02621718513543402	1213
21057015	7879	0.06492096335982933	1214
15175195	7890	0.032018131144526785	1215
12998942	7969	0.011692679253371573	1216
21057002	8155	0.0012803169721039317	1217
15175195	6621	0.012751425783416806	123
18130742	7188	0.016762344431502044	1218
21057002	7730	5.098944337300264E-4	1219
21057029	7333	0.010441161884044935	1220
21057015	7314	0.02585518943419958	1221
19514888	7520	0.025577511446188667	1222
21056991	7450	0.013872694525910525	1223
12998942	7335	0.004656684396589214	1224
13303993	7483	0.020546978157574638	1225
18295122	8093	0.02444059933386253	1226
19514888	5821	0.0660850040868831	12
18130742	5821	0.04330912343024756	1227
21057029	5840	0.026976988251205963	1228
21057015	5859	0.06680244491419522	1229
15175195	5870	0.032946052112362734	1230
21056991	5883	0.0358430911611414	1231
12998942	5949	0.012031546072312646	1232
21057002	6363	0.0013174219785931863	1233
13303993	5638	0.05308753896457555	1234
18295122	6057	0.06314754702630987	1235
19514888	5904	0.020765648692510328	124
18130742	5904	0.01360886716675856	1236
21057029	5923	0.008476880171937705	1237
21057015	5942	0.020991087494905504	1238
15175195	5953	0.010352517237813946	1239
21056991	5966	0.011262843203086341	1240
12998942	6032	0.0037806286375790202	1241
21057002	6446	4.1396868117449286E-4	1242
13303993	6228	0.016681502851070246	1243
18295122	6647	0.019842622323487148	1244
21056991	5535	0.007728018695843169	125
13303993	5572	0.011446041073581279	1245
12998942	5720	0.0025940846610778114	1246
18130742	5896	0.009337746961188002	1247
18295122	5908	0.013615048485132336	1248
15175195	6173	0.007103397012660299	1249
21057002	6438	2.8404530276452403E-4	1250
21057029	5650	0.0058164255037489445	1251
21057015	5669	0.014403069782793099	1252
19514888	5765	0.014248384571584529	1253
19514888	5669	0.12682333158840411	126
18130742	5669	0.08311427679381213	1254
21057029	5688	0.051771374966416255	1255
21057015	5707	0.12820016794022818	1256
15175195	5718	0.06322656931490388	1257
21056991	5731	0.06878625942893896	1258
12998942	5797	0.02308966728736168	1259
21057002	6211	0.0025282565499021884	1260
13303993	5975	0.10187997489513717	1261
18295122	6585	0.12118607551242665	1262
21056991	5889	0.10595853193889349	127
13303993	6214	0.1569361768393891	1263
18130742	6250	0.12802944694693105	1264
19514888	6478	0.1953589880052892	1265
21057029	6497	0.07974875990409797	1266
21057015	6516	0.19747987028280412	1267
15175195	6527	0.09739437090718463	1268
18295122	6596	0.18667534416518117	1269
12998942	6606	0.03556738321050576	1270
21057002	6792	0.003894532928764316	1271
21056991	6534	0.0023632952926542264	128
18130742	6619	0.0028555641886893997	1272
19514888	6887	0.004357279855451864	1273
21057029	6906	0.001778713478071382	1274
21057015	6925	0.004404583937633895	1275
15175195	6936	0.002172280552440172	1276
12998942	7015	7.932936383253464E-4	1277
18295122	7154	0.004163600174968481	1278
21057002	7429	8.686352263679449E-5	1279
13303993	6980	0.0035002988545138635	1280
13303993	6035	0.04543085157815376	129
12998942	6135	0.010296265272942756	1281
15175195	6186	0.02819432267526357	1282
19514888	6191	0.05655372373197137	1283
18130742	6362	0.037062753273464914	1284
18295122	6386	0.05403992900087352	1285
21057002	6904	0.0011274133919676086	1286
21057029	6675	0.02308616246241798	1287
21057015	6656	0.057167689803434465	1288
21056991	6568	0.030673528786682742	1289
15175195	6315	0.011256981968673689	130
18130742	6882	0.014797828276074947	1290
21057002	7424	4.501357372828596E-4	1291
21057029	7027	0.009217476779228254	1292
21057015	7008	0.022825008450109062	1293
19514888	7214	0.02257987381518835	1294
21056991	7144	0.012246840062245017	1295
12998942	7029	0.004110929489499225	1296
13303993	7177	0.018138909841074472	1297
18295122	7787	0.021576205726160532	1298
21056991	7036	0.030751144058647754	131
18295122	7117	0.05417666983090783	1299
13303993	7361	0.045545808286440004	1300
18130742	7397	0.03715653562550851	1301
19514888	7625	0.056696825384168516	1302
21057029	7644	0.023144578916247282	1303
21057015	7663	0.05731234501485674	1304
15175195	7674	0.028265664646952852	1305
12998942	7753	0.010322318598432006	1306
21057002	7939	0.0011302661611303322	1307
19514888	5933	0.1620010272367721	132
18130742	5933	0.10616814784788454	1308
21057029	5952	0.0661314903257627	1309
21057015	5971	0.16375976437558434	1310
15175195	5982	0.08076407589506925	1311
21056991	5995	0.08786588830065156	1312
12998942	6061	0.02949417723268434	1313
21057002	6475	0.00322953318661833	1314
13303993	6033	0.13013899241689572	1315
19514888	5114	0.20951076548868458	13
18130742	5114	0.13730388199092344	1316
21057029	5133	0.08552574880162932	1317
21057015	5152	0.2117852841786642	1318
15175195	5163	0.10444960537214017	1319
21056991	5176	0.11363415301871739	1320
12998942	5242	0.03814387942396947	1321
21057002	5656	0.00417665234375707	1322
13303993	5420	0.16830461131175486	1323
18295122	6030	0.20019807971595277	1324
19514888	5665	0.10917170855044521	133
18130742	5665	0.07154620123025321	1325
21057029	5684	0.044565691409467666	1326
21057015	5703	0.11035691300013449	1327
15175195	5714	0.05442652003728258	1328
21056991	5727	0.059212397061315314	1329
12998942	5793	0.019875983354572888	1330
21057002	6207	0.00217636679110796	1331
13303993	5482	0.087700037422732	1332
18295122	5901	0.10431906141018424	1333
19514888	5594	0.2676239363943085	134
18130742	5594	0.17538862642652667	1334
21057029	5613	0.1092485033118694	1335
21057015	5632	0.2705293510339569	1336
15175195	5643	0.13342137564780163	1337
21056991	5656	0.14515349256048043	1338
12998942	5722	0.04872406025046913	1339
21057002	6136	0.0053351537262516045	1340
13303993	5694	0.21498820114328956	1341
13303993	5480	0.07505127307199753	135
12998942	5580	0.01700931833276358	1342
15175195	5631	0.04657671464821814	1343
19514888	5636	0.09342613698853712	1344
18130742	5807	0.06122726561578412	1345
18295122	5831	0.0892733754122761	1346
21057002	6349	0.0018624746709849493	1347
21057029	6120	0.03813808949125234	1348
21057015	6101	0.09444040226611065	1349
21056991	6013	0.050672336200673455	1350
21056991	5421	0.012766602898681523	136
13303993	5458	0.018908735459841855	1351
12998942	5606	0.004285399668009984	1352
18130742	5782	0.015425856498765978	1353
18295122	5794	0.022491912131304116	1354
15175195	6059	0.011734734666350374	1355
21057002	6324	4.692397532088003E-4	1356
21057029	5536	0.009608671720226045	1357
21057015	5555	0.023793714750952284	1358
19514888	5651	0.023538176463129466	1359
19514888	6002	0.03430462596233147	137
18130742	6002	0.0224817006605282	1360
21057029	6021	0.014003713918684864	1361
21057015	6040	0.03467704841385603	1362
15175195	6051	0.01710224596739357	1363
21056991	6064	0.018606094568748902	1364
12998942	6130	0.0062455574220228564	1365
21057002	6544	6.838717623559046E-4	1366
13303993	6326	0.027557661418105787	1367
18295122	6745	0.032779796432005764	1368
15175195	5760	0.018596411873198146	138
18130742	6327	0.024445851491682734	1369
21057002	6869	7.436193459892377E-4	1370
21057029	6472	0.015227171465245267	1371
21057015	6453	0.03770666590109737	1372
19514888	6659	0.03730170614829173	1373
21056991	6589	0.020231646686161068	1374
12998942	6474	0.006791210839739048	1375
13303993	6622	0.029965281926730425	1376
18295122	7232	0.03564365737291947	1377
21056991	5856	0.17504234322294507	139
13303993	6181	0.2592568585818028	1378
18130742	6217	0.21150325495310535	1379
19514888	6445	0.3227309250550017	1380
21057029	6464	0.13174408466500628	1381
21057015	6483	0.32623459952805245	1382
15175195	6494	0.16089444227247246	1383
18295122	6563	0.3083856398035734	1384
12998942	6573	0.05875693052321444	1385
21057002	6759	0.006433726073167638	1386
21056991	6632	0.003904138139555575	140
18130742	6717	0.004717361005907312	1387
19514888	6985	0.0071981789669970635	1388
21057029	7004	0.0029384153350048826	1389
21057015	7023	0.0072763247966687004	1390
15175195	7034	0.003588583864639114	1391
12998942	7113	0.0013105124691271204	1392
18295122	7252	0.00687822223971781	1393
21057002	7527	1.4349759537733573E-4	1394
13303993	7078	0.005782455666977747	1395
21056991	7003	0.05080055578644949	141
18295122	7084	0.08949926977741568	1396
13303993	7328	0.07524118030475559	1397
18130742	7364	0.06138219304214878	1398
19514888	7592	0.0936625393627613	1399
21057029	7611	0.038234592838117816	1400
21057015	7630	0.09467937110329092	1401
15175195	7641	0.04669457081011587	1402
12998942	7720	0.017052358143328512	1403
21057002	7906	0.0018671874146383369	1404
19514888	6298	0.14210104277040086	14
18130742	6298	0.09312659787111538	1405
21057029	6317	0.05800798856365819	1406
21057015	6336	0.14364373904614106	1407
15175195	6347	0.07084312734822021	1408
21056991	6360	0.07707256283765115	1409
12998942	6426	0.025871152868024064	1410
21057002	6840	0.0028328217500087033	1411
13303993	6115	0.11415289670047556	1412
18295122	6534	0.13578469737301013	1413
19514888	6216	0.04465188999807028	142
18130742	6216	0.0292628296243701	1414
21057029	6235	0.018227637699596858	1415
21057015	6254	0.04513664579621092	1416
15175195	6265	0.02226077633070623	1417
21056991	6278	0.024218229019308764	1418
12998942	6344	0.008129397571365986	1419
21057002	6758	8.901471987781721E-4	1420
13303993	6540	0.035869846463170575	1421
18295122	6959	0.04266712792753566	1422
19514888	6146	0.2727052515973983	143
18130742	6146	0.17871869064244594	1423
21057029	6165	0.11132277995644987	1424
21057015	6184	0.27566583068824874	1425
15175195	6195	0.13595461715687746	1426
21056991	6208	0.14790948912217228	1427
12998942	6274	0.04964917297185961	1428
21057002	6688	0.0054364510844224405	1429
13303993	6452	0.2190701335357075	1430
18295122	7062	0.2605835913534644	1431
19514888	6626	0.3483470299851379	144
18130742	6626	0.2282908918088567	1432
21057029	6645	0.1422010010455124	1433
21057015	6664	0.35212880142992253	1434
15175195	6675	0.17366510847133448	1435
21056991	6688	0.18893597002815962	1436
12998942	6754	0.06342064131386417	1437
21057002	7168	0.006944389878174633	1438
13303993	6726	0.279834839734855	1439
21056991	6366	0.01661737833570682	145
13303993	6403	0.024612155126908338	1440
12998942	6551	0.005577999736358115	1441
18130742	6727	0.020078739475697903	1442
18295122	6739	0.029276121169082046	1443
15175195	7004	0.015274268900461942	1444
21057002	7269	6.107759888129382E-4	1445
21057029	6481	0.012506924085113755	1446
21057015	6500	0.030970584983832792	1447
19514888	6596	0.03063796898240229	1448
13303993	6512	0.09768890041552312	146
12998942	6612	0.022139819042793062	1449
15175195	6663	0.060625594379819854	1450
19514888	6668	0.1216061529525939	1451
18130742	6839	0.07969517382759467	1452
18295122	6863	0.11620079877980591	1453
21057002	7381	0.002424250718382123	1454
21057029	7152	0.04964163662853772	1455
21057015	7133	0.12292634987451358	1456
21056991	7045	0.06595657345053677	1457
21056991	7150	0.005081738740895409	147
18130742	7235	0.0061402530652353935	1458
19514888	7503	0.009369357234027445	1459
21057029	7522	0.0038247261011197927	1460
21057015	7541	0.009471074098514975	1461
15175195	7552	0.004671004200677353	1462
12998942	7631	0.0017058008058976845	1463
18295122	7770	0.008952892334911406	1464
21057002	8045	1.867806065226347E-4	1465
13303993	7596	0.007526610977893327	1466
21056991	6720	0.22784015960931364	148
13303993	7045	0.33745620031978785	1467
18130742	7081	0.2752987333186484	1468
19514888	7309	0.42007587490838827	1469
21057029	7328	0.17148189817949888	1470
21057015	7347	0.42463635859742466	1471
15175195	7358	0.20942484391288907	1472
18295122	7427	0.4014036381161529	1473
12998942	7437	0.07647971446264151	1474
21057002	7623	0.008374323311737795	1475
15175195	6792	0.024205625743672066	149
18130742	7359	0.03181942496368772	1476
21057002	7901	9.679163758849433E-4	1477
21057029	7504	0.01982012530888637	1478
21057015	7485	0.0490800832476227	1479
19514888	7691	0.048552975960232996	1480
21056991	7621	0.026334094512566724	1481
12998942	7506	0.008839635788558271	1482
13303993	7654	0.0390036747178862	1483
18295122	8264	0.04639481188024412	1484
21056991	7867	0.06612346775936717	150
18295122	7948	0.11649482939697316	1485
13303993	8192	0.09793608914383811	1486
18130742	8228	0.07989683183160015	1487
19514888	8456	0.12191386109728351	1488
21057029	8475	0.049767248166568016	1489
21057015	8494	0.12323739860136622	1490
15175195	8505	0.06077899935740015	1491
12998942	8584	0.022195840900865304	1492
21057002	8770	0.002430384961368221	1493
21056991	5349	0.01062084073257943	15
13303993	5386	0.01573062696218098	1494
12998942	5534	0.0035651259548523545	1495
18130742	5710	0.01283313707939792	1496
18295122	5722	0.018711556896817316	1497
15175195	5987	0.009762404996810659	1498
21057002	6252	3.903717162488262E-4	1499
21057029	5464	0.007993682642286956	1500
21057015	5483	0.019794557472480694	1501
19514888	5579	0.01958196909031033	1502
21056991	5981	0.14562189045767243	151
13303993	6306	0.21568194966811166	1503
18130742	6342	0.17595459051295984	1504
19514888	6570	0.2684875359318333	1505
21057029	6589	0.10960103888176849	1506
21057015	6608	0.2714023260958571	1507
15175195	6619	0.13385191500783705	1508
18295122	6688	0.25655335178527566	1509
12998942	6698	0.0488812886227349	1510
21057002	6884	0.005352369810704626	1511
19514888	6414	0.09082254208264016	152
18130742	6414	0.059520987244466965	1512
21057029	6433	0.03707525912364066	1513
21057015	6452	0.09180854186626267	1514
15175195	6463	0.045278717097421456	1515
21056991	6476	0.049260202073601954	1516
12998942	6542	0.01653530350146004	1517
21057002	6956	0.001810571320144986	1518
13303993	6231	0.07295974795333285	1519
18295122	6650	0.08678550945797527	1520
19514888	6751	0.02853883461623606	153
18130742	6751	0.018703061731297002	1521
21057029	6770	0.011650022827162425	1522
21057015	6789	0.02884866171544721	1523
15175195	6800	0.014227765368016962	1524
21056991	6813	0.015478852803544298	1525
12998942	6879	0.005195827832346435	1526
21057002	7293	5.689291918244432E-4	1527
13303993	7075	0.022925874267952503	1528
18295122	7494	0.027270292646657313	1529
13303993	6569	0.062436939912757436	154
12998942	6669	0.014150456657556296	1530
15175195	6720	0.038748277208231555	1531
19514888	6725	0.07772342643459815	1532
18130742	6896	0.050936419167838184	1533
18295122	6920	0.0742686452643936	1534
21057002	7438	0.0015494369963553356	1535
21057029	7209	0.03172798414316506	1536
21057015	7190	0.07856721785344195	1537
21056991	7102	0.04215552223298596	1538
21056991	7381	0.003247945417217533	155
18130742	7466	0.003924484870364112	1539
19514888	7734	0.00598833636322897	1540
21057029	7753	0.002444537636749002	1541
21057015	7772	0.006053347738411905	1542
15175195	7783	0.002985428307304258	1543
12998942	7862	0.001090246506695687	1544
18295122	8001	0.005722156748438785	1545
21057002	8276	1.1937906411800492E-4	1546
13303993	7827	0.004810562462823577	1547
21056991	8265	0.042262191157376575	156
18295122	8346	0.07445657216190697	1548
13303993	8590	0.06259492825852923	1549
18130742	8626	0.051065306980327234	1550
19514888	8854	0.07792009519490696	1551
21057029	8873	0.03180826757371845	1552
21057015	8892	0.0787660217153529	1553
15175195	8903	0.038846324553700275	1554
12998942	8982	0.014186262500097052	1555
21057002	9168	0.0015533576399402687	1556
19514888	5900	0.17429699111624475	157
18130742	5900	0.11422636657251113	1557
21057029	5919	0.07115090551226527	1558
21057015	5938	0.17618921733658435	1559
15175195	5949	0.08689411208621844	1560
21056991	5962	0.09453495581960958	1561
12998942	6028	0.03173280092596381	1562
21057002	6442	0.00347465646816505	1563
13303993	6206	0.14001661095650145	1564
18295122	6816	0.1665495462266604	1565
19514888	6586	0.22264272079485356	158
18130742	6586	0.14590997169453673	1566
21057029	6605	0.0908864294719994	1567
21057015	6624	0.22505980436788436	1568
15175195	6635	0.11099641716147522	1569
21056991	6648	0.12075664438671707	1570
12998942	6714	0.04053470511080759	1571
21057002	7128	0.004438441334789066	1572
13303993	6686	0.17885380017282784	1573
21056991	6258	0.2787703764855081	16
13303993	6583	0.4128894228823688	1574
18130742	6619	0.3368375955530446	1575
19514888	6847	0.5139774743903559	1576
21057029	6866	0.20981407929980372	1577
21057015	6885	0.5195573851362433	1578
15175195	6896	0.2562385958784605	1579
18295122	6965	0.4911313418677854	1580
12998942	6975	0.09357559629001946	1581
21057002	7161	0.010246276452876407	1582
21056991	6514	0.020331941580406757	159
13303993	6551	0.03011382963658834	1583
12998942	6699	0.006824877094569294	1584
18130742	6875	0.02456703757841789	1585
18295122	6887	0.03582035464834154	1586
15175195	7152	0.018688600373279428	1587
21057002	7417	7.4730571046673E-4	1588
21057029	6629	0.015302657537904513	1589
21057015	6648	0.03789359018499636	1590
19514888	6744	0.03748662291415666	1591
19514888	7020	0.1738655786583667	160
18130742	7020	0.11394363835533462	1592
21057029	7039	0.07097479583400455	1593
21057015	7058	0.17575312132129461	1594
15175195	7069	0.08667903549636931	1595
21056991	7082	0.0943009669401439	1596
12998942	7148	0.031654257254296554	1597
21057002	7562	0.0034660561470831264	1598
13303993	6837	0.13967004782945233	1599
18295122	7256	0.16613730991302147	1600
19514888	6938	0.05463314372187928	161
18130742	6938	0.03580409198011932	1601
21057029	6957	0.022302150036548445	1602
21057015	6976	0.05522625933671611	1603
15175195	6987	0.02723683572383255	1604
21056991	7000	0.02963184731393149	1605
12998942	7066	0.009946601272822458	1606
21057002	7480	0.0010891261231400916	1607
13303993	7262	0.043888007365171615	1608
18295122	7681	0.05220471815113773	1609
21056991	7573	0.08090436748909578	162
18295122	7654	0.1425354841099827	1610
13303993	7898	0.11982821855884093	1611
18130742	7934	0.09775655849208788	1612
19514888	8162	0.14916585827173198	1613
21057029	8181	0.06089196273313511	1614
21057015	8200	0.15078525253891692	1615
15175195	8211	0.07436522412171927	1616
12998942	8290	0.027157384962144874	1617
21057002	8476	0.0029736607095391123	1618
19514888	6868	0.3336643802731706	163
18130742	6868	0.21866854711137193	1619
21057029	6887	0.13620730135147044	1620
21057015	6906	0.3372867519796631	1621
15175195	6917	0.16634521269101393	1622
21056991	6930	0.18097241521894375	1623
12998942	6996	0.06074749361698409	1624
21057002	7410	0.0066516873853503964	1625
13303993	7174	0.26803994391155295	1626
18295122	7784	0.31883310647304147	1627
19514888	7348	0.4262147325698935	164
18130742	7348	0.27932186304159295	1628
21057029	7367	0.17398788109193883	1629
21057015	7386	0.43084186174348843	1630
15175195	7397	0.21248531318607586	1631
21056991	7410	0.23116974455565517	1632
12998942	7476	0.07759736512796742	1633
21057002	7890	0.008496703057619168	1634
13303993	7448	0.3423876798559725	1635
13303993	7234	0.11952577453416369	165
12998942	7334	0.027088840266192245	1636
15175195	7385	0.07417752778483053	1637
19514888	7390	0.14878936663176	1638
18130742	7561	0.09750982289554368	1639
18295122	7585	0.14217572740165466	1640
21057002	8103	0.0029661552494410306	1641
21057029	7874	0.06073827263825597	1642
21057015	7855	0.1504046735802349	1643
21056991	7767	0.08070016648526165	1644
21056991	7872	0.0062176844698036094	166
18130742	7957	0.007512813639382624	1645
19514888	8225	0.011463735137983464	1646
21057029	8244	0.004679685692774283	1647
21057015	8263	0.011588189266951494	1648
15175195	8274	0.0057151364439923195	1649
12998942	8353	0.0020871067404657053	1650
18295122	8492	0.01095417581833299	1651
21057002	8767	2.2853258218301367E-4	1652
13303993	8318	0.009209070866019138	1653
15175195	7514	0.02961642676691196	167
18130742	8081	0.038932175486050706	1654
21057002	8623	0.001184279421918489	1655
21057029	8226	0.024250614131514765	1656
21057015	8207	0.06005119250417065	1657
19514888	8413	0.05940625836610715	1658
21056991	8343	0.03222068249188976	1659
12998942	8228	0.010815602486395152	1660
13303993	8376	0.04772235546212707	1661
18295122	8986	0.056765669392997056	1662
