18752420	4863	0.12732222933964563	22
18185281	4635	0.2151450806263108	0
16253108	4615	0.125525574415263	1
19531571	4614	0.2332954128847515	2
19514975	4517	0.0758861551600447	3
5983027	4451	0.10312650031760612	4
18752420	4631	0.14227933170736007	62
18185281	4233	0.24041911966511595	5
16253108	4213	0.14027161582557177	6
19531571	4212	0.2607016512967968	7
5983027	4189	0.11524122396071684	8
19514975	4115	0.0848008356279245	9
5907297	4056	0.26648249064585566	10
16136122	8139	0.18810089111117817	82
37062574	7328	0.8227307588717495	11
14125616	6987	0.34760384009767786	12
18769839	6970	0.04171299100110922	13
19906425	6820	0.7863216003823719	14
33299727	6776	0.29301120864199903	15
9009951	6574	0.7859202151923826	16
15603181	6283	0.10888477746004813	17
1964777	6127	0.3997304002759244	18
31709836	5621	0.7575147750869838	19
32179802	5537	0.7921722962894175	20
19591126	5510	0.37640503753551946	21
19591127	5221	0.7368696643868489	23
15431724	5155	0.7816325302578853	24
36136934	5118	0.7372206813145262	25
18752420	4632	0.33913458531292534	26
9001725	4318	0.2668316096855127	27
19524316	4259	0.7121747728468275	28
18185281	4234	0.5730589079278753	29
16253108	4214	0.33434902802343164	30
19531571	4213	0.6214040039545707	31
5983027	4190	0.27468701342550617	32
19514975	4116	0.20212982363465817	33
5907297	4057	0.6351831139059446	34
19531582	4034	0.754034487955351	35
9001727	3964	0.47957334581658556	36
32170732	7767	0.2099023077648137	284
11220384	7077	0.050002179042943615	37
19215921	6838	0.05438618324261309	38
32870675	6798	0.2915453235110569	39
14858769	6501	0.2508733118198569	40
33299727	6311	0.11631383326292324	41
1903418	6137	0.31832427802427876	42
9009951	6037	0.31197916725273267	43
18769839	6010	0.016558403696183378	44
37062574	6368	0.32659149372202706	45
18151385	5891	0.26017408190947167	46
15603181	5746	0.04322293986313812	47
31709836	5862	0.300703333677997	48
15176721	5302	0.2382645786962467	49
19906425	5333	0.31213850126005266	50
7757964	5549	0.24451691817942423	51
6847951	5413	0.28653804834157814	52
9001725	4252	0.10592157037978081	53
1940049	3967	0.14321985980388124	54
17915296	3945	0.17473363213979135	55
48865594	4039	0.21612147219224548	56
7751408	3831	0.060706774489176794	57
6677293	3821	0.026690124580472017	58
16250137	3841	0.0023757419000485984	59
7461171	3783	0.15554173615669897	60
41522043	3764	0.21372084599486435	61
6902933	3751	0.06808728857989493	63
14607762	3851	0.10203939395468813	64
14579493	3734	0.09429422756002001	65
6902930	3656	0.10204861839530531	66
19227136	3616	0.2881603749679148	67
17791429	3767	0.27562075827635185	68
19214639	3628	0.07583023630697919	69
7365144	3458	0.10877426329283073	70
21049304	3183	0.07350907347571539	71
7751409	3135	0.29087106549039543	72
16136122	7359	0.0022965489974300034	393
19215921	7160	0.0016727317853063445	73
32870675	7436	0.00896693057718118	74
9009951	6348	0.009595405272127282	75
14858769	6812	0.007715999501089128	76
37062574	6679	0.01004483013493528	77
32170732	6456	0.006455872449093907	78
1903418	6448	0.009790559037956151	79
15603181	6057	0.0013293888457097396	80
18769839	6321	5.092794994085561E-4	81
18151385	6202	0.008002059173401915	84
1964777	5629	0.004880362047053666	85
11220384	5766	0.001537894906994983	86
31709836	6173	0.009248599445688881	87
19906425	5644	0.009600305837723797	88
15176721	5613	0.007328198272710551	89
7757964	5278	0.007520498713051846	90
6847951	5724	0.008812924029297531	91
18752420	4668	0.004140539618357794	92
15197186	4512	0.0039355979041198474	93
22337371	4428	0.008737435845495235	94
20805410	4255	0.00791136246839682	95
15197181	3919	7.399701346683685E-5	96
18752426	4033	0.00789445462925201	97
16250137	3921	7.306964293059005E-5	98
18021636	3928	0.007572193158722972	99
6677293	3901	8.208963578190716E-4	100
1940049	4047	0.004404949887959082	101
7461171	3863	0.004783928389502897	102
7365144	3856	0.003345521909885305	103
14579494	3831	0.0022580246190837764	104
14579493	3814	0.002900165854752792	105
17915296	4025	0.005374205046498717	106
41522043	3844	0.006573317540659157	107
7816860	3714	0.007026536372949976	108
48865594	3723	0.006647152538917542	109
7751408	3642	0.001867131414949268	110
19214639	3636	0.002332277041617985	111
6902930	3608	0.0031386642242376872	112
14607762	3685	0.003138380512197201	113
6902933	3585	0.0020941306227512313	114
19227136	3648	0.008862821211857969	115
17791429	3847	0.008477145767012624	116
14579088	3410	0.007038327103717737	117
13227225	3473	0.0068189303340930076	118
14579536	3348	0.00810527747923226	119
16136122	7604	0.0033735225409527335	135
19215921	7405	0.002457164375336196	120
32870675	7681	0.013171999578119606	121
9009951	6593	0.014095199367103729	122
14858769	7057	0.011334440620267058	123
37062574	6924	0.014755383367899721	124
32170732	6701	0.00948337320601749	125
1903418	6693	0.014381871077009438	126
15603181	6302	0.0019528097339580632	127
18769839	6566	7.481076488341953E-4	128
18151385	6447	0.01175464883428064	129
1964777	5874	0.007169022473358996	130
11220384	6011	0.002259095338340201	131
31709836	6418	0.01358575790770837	132
19906425	5889	0.014102398067641691	133
15176721	5858	0.010764778842178144	134
7757964	5523	0.011047259151047003	140
6847951	5969	0.012945771197483615	141
18752420	4913	0.006082258096765726	142
15197186	4757	0.005781208350674132	143
22337371	4673	0.012834882603372358	144
20805410	4500	0.011621419637312827	145
15197181	4164	1.0869813497247868E-4	146
18752426	4278	0.011596582816266273	147
16250137	4166	1.0733587124052913E-4	148
18021636	4173	0.011123195862133402	149
6677293	4146	0.001205858168054629	150
1940049	4292	0.006470664355703609	151
7461171	4108	0.007027365962734536	152
7365144	4101	0.0049144144483219574	153
14579494	4076	0.0033169320397822273	154
14579493	4059	0.004260207334770002	155
17915296	4270	0.00789445462925201	156
41522043	4089	0.00965589452568583	157
7816860	3959	0.010321651689338055	158
48865594	3968	0.0097643546679317	159
7751408	3887	0.0027427282946286494	160
19214639	3881	0.0034260053586706186	161
6902930	3853	0.004610550230278936	162
14607762	3930	0.004610133470625739	163
6902933	3830	0.0030761794620782898	164
19227136	3893	0.01301906781353058	165
17791429	4092	0.012452528711541575	166
14579088	3655	0.010338971718679408	167
13227225	3718	0.010016688175602598	168
14579536	3593	0.011906271674353852	169
16136122	6974	0.11626088833551457	396
37062574	6163	0.5085111948291956	170
14125616	5822	0.2148460382077935	171
18769839	5805	0.025781852282953325	172
19906425	5655	0.4860075209522778	173
33299727	5611	0.18110357270368724	174
9009951	5409	0.48575943388327353	175
15603181	5118	0.06729920777588345	176
1964777	4962	0.2470642810688315	177
31709836	4456	0.46820267654572856	178
32179802	4372	0.4896237032016859	179
19591126	4345	0.2326474041634225	180
19591127	4056	0.4554424025480681	181
15431724	3990	0.48310931321429257	182
36136934	3953	0.45565935813818514	183
18752420	3467	0.20961138419313943	184
9001725	3153	0.16492255722327873	185
19524316	3094	0.44017905099863225	186
18185281	3069	0.35419469472314147	187
16253108	3049	0.2066535399300403	188
19531571	3048	0.3840757004830092	189
5983027	3025	0.16977780384997315	190
19514975	2951	0.12493185287982794	191
5907297	2892	0.3925922553698896	192
19531582	2869	0.4660515901197364	193
9001727	2799	0.2964133921817333	194
16136122	6511	0.006986259715550315	137
11220384	6495	0.004678381888438903	195
19215921	7889	0.005088564929241164	196
32870675	8165	0.02727801842399253	197
1964777	4781	0.01484639639946149	198
18752420	3820	0.01259580578021384	199
22337371	3580	0.02657987969466311	200
13227229	3180	6.072607553569406E-4	201
18021636	3080	0.023035131443897867	202
18130746	2693	0.009227135789092868	203
18130744	2674	0.023388570791600765	204
19215921	6357	0.0010225676585508582	289
1903418	5656	0.005985125122443498	138
9009951	5556	0.005865824508242243	205
18769839	5529	3.113306926028108E-4	206
18151385	5410	0.004891786587909216	207
15603181	5265	8.126766354308724E-4	208
7757964	5068	0.00459740098663324	209
11220384	5391	9.401397211180171E-4	210
31709836	5381	0.005653816567083903	211
15176721	4821	0.004479844655878107	212
6847951	4932	0.005387481226092052	213
19524316	3489	0.005315415173147289	214
15197186	3172	0.0024058938612662667	215
9001725	3157	0.0019915347199510216	216
16272469	3153	0.0011323668073473987	217
19514897	3052	0.0016825047511436454	218
15197179	3046	0.0024089181305998668	219
20805410	2874	0.004836342243460201	220
6902933	2892	0.0012801754987959426	221
6902930	2797	0.001918715573500201	222
16250137	2658	4.466863984951225E-5	223
19214639	2769	0.0014257582085118639	225
19227136	2757	0.0054179841707884535	226
1940049	2666	0.002692816225847741	227
17915296	2644	0.0032853373859718666	228
41522043	2561	0.004018374006823882	229
17791429	2535	0.005182214611041707	230
6677293	2520	5.018270555397162E-4	231
16136122	7434	0.083573432412991	296
32170732	6314	0.23493486113077586	83
19215921	6590	0.06087217688836722	232
32870675	6550	0.3263144689630662	233
14858769	6253	0.2807919898615614	234
37062574	6120	0.3655401793392721	235
1903418	5889	0.3562870310886827	236
18769839	5762	0.018533127693235778	237
18151385	5643	0.2912019522515948	238
1964777	5275	0.17760065565629082	239
7757964	5301	0.27367754470319366	240
11220384	5624	0.05596534461570776	241
19906425	5085	0.34936355025340887	242
9009951	4815	0.34918521437286637	243
15176721	5054	0.26667956300463797	244
19591126	4805	0.1672371713847488	245
6847951	5165	0.3207100356001746	246
19591127	4516	0.3273920008035413	247
36136934	4413	0.32754795800984565	248
15603181	4524	0.04837762615639265	249
15431724	4450	0.34728019124955956	250
9001729	3559	0.3677533601406896	251
13227229	3800	0.007264382911777771	252
19524327	3434	0.22911732626402098	254
19524316	3415	0.3164200333828964	255
48865594	3413	0.24189571137900298	256
18185281	3335	0.25461070188160656	257
19531571	3314	0.2760904811182637	258
18130746	3291	0.11038000885062996	259
7770986	3252	0.015043879232700293	260
18130744	3272	0.2797867843271743	261
14607762	3225	0.11420841964002341	262
7365144	3210	0.12174647679403669	263
18464147	3200	0.15336001310525033	264
21049304	3183	0.0822756269465093	265
16253106	3183	0.1952782669571764	266
7751409	3135	0.3255598002024545	267
7461174	3130	0.24010754344800925	268
6902933	3125	0.07620725020904286	269
15197186	3098	0.14321985980388124	270
9001725	3083	0.11855357710411496	271
16272469	3079	0.06740838322331727	272
7751408	3041	0.0679465499268935	273
6902930	3030	0.11421874417003207	274
19214639	3002	0.08487360727951207	275
7461171	2993	0.1740913502721359	276
19514897	2978	0.10015740862788144	277
14579493	2944	0.1055395793078585	278
19227136	2990	0.3225258378403968	279
15197181	2794	0.002692816225847741	280
16250137	2891	0.0026590683985993117	281
15197179	2972	0.14339989078402574	282
17791429	2850	0.30849077011085874	283
19531567	3298	0.2868110024552947	285
20805410	2800	0.2879014196026912	286
41522043	2794	0.23920879102870093	287
6677293	2737	0.029873138502612626	288
17915296	2613	0.19557203557587285	306
32170732	7209	0.2549282860044079	139
11220384	6367	0.060728106973390504	307
19215921	7761	0.06605252045106458	308
32870675	8037	0.35408448056964753	309
14858769	6375	0.3046879477768483	310
37062574	5888	0.39664837707007006	311
1903418	6011	0.3866077674631613	312
18769839	5530	0.020110333793789237	313
18151385	5765	0.31598381871183195	314
7757964	5423	0.296968049157437	315
9009951	5134	0.37890157199192925	316
31709836	4959	0.3652069682637078	317
19906425	5207	0.3790950846113037	318
15603181	4843	0.052494658551955634	319
15176721	5176	0.2893745252703628	320
1964777	4781	0.1927148253852153	321
6847951	5287	0.3480030987587438	322
15197186	3700	0.15540815528978227	323
22337371	3580	0.34502223544986504	324
9001725	3419	0.12864272277591057	325
20805410	3402	0.31240240415701964	326
48865594	3535	0.26248151848073303	327
7365144	3332	0.1321073445924347	328
16250137	3173	0.0028853604184611533	329
1940049	3269	0.17394183880295297	330
13227229	3203	0.007882596374440845	331
17915296	3247	0.2122156055503303	332
6902933	3247	0.08269263907192621	333
14607762	3347	0.12392778375235068	334
7751408	3163	0.07372893673337787	335
6677293	3153	0.03241540212205531	336
6902930	3152	0.1239389869204384	337
19227136	3112	0.3499734293882418	338
17791429	3099	0.3347439494250478	339
41522043	3096	0.2595659358539743	340
7461171	3115	0.1889068711193277	341
18021636	3080	0.2990093497771136	342
14579493	3002	0.11452120783216603	343
19214639	3124	0.09209652039989609	344
19514897	2963	0.10868100370143051	346
15197179	2863	0.1556035072651129	349
18130746	2694	0.11977356757530752	350
7770986	2655	0.01632414333569163	351
18130744	2675	0.30359719724825474	352
32170732	6873	0.17843102539199038	292
11220384	6183	0.04250520241284323	224
19215921	5944	0.046231899717888034	253
32870675	5904	0.24783305898953897	290
14858769	5607	0.21325912396188246	291
33299727	5417	0.09887455148721058	353
37062574	5474	0.2776246518185812	354
1903418	5243	0.27059696455875937	355
18769839	5116	0.014075752581410148	356
9009951	5143	0.26520319527032793	357
18151385	4997	0.2211654017045958	358
31709836	4968	0.2556179812328347	359
15603181	4852	0.03674239489009039	360
7757964	4655	0.2078557634789271	366
6847951	4519	0.24357653959999984	368
19906425	4439	0.2653386398521844	376
15176721	4408	0.20254085600143434	377
15197186	3307	0.10877426329283073	378
48865594	3151	0.18371773184931722	379
16250137	2953	0.0020195397935660383	380
1940049	3079	0.12174647679403669	381
17915296	3057	0.14853529475294422	382
14607762	2963	0.0867403216648404	383
6677293	2933	0.022688394174634748	384
7751408	2943	0.05160482576723686	385
7461171	2895	0.1322208972794466	386
17791429	2879	0.23429611156858082	387
41522043	2876	0.1816770387357306	388
6902933	2863	0.05787875725065062	389
14579493	2846	0.08015641129077884	390
6902930	2768	0.08674816305741735	391
19214639	2740	0.0644607816086116	392
19227136	2728	0.24495562593087675	394
19215921	6298	0.011343999266999853	293
32870675	6258	0.0608112159930964	395
14858769	5961	0.05232775119921332	397
37062574	5828	0.06812122940975579	398
32170732	6022	0.043781921867978066	399
1903418	5597	0.06639683392502348	400
9009951	5497	0.06507335565076475	401
18769839	5470	0.003453791168875686	432
18151385	5351	0.05426772791367516	433
15603181	5206	0.009015543450396743	434
11220384	5332	0.010429573259097753	435
31709836	5322	0.06272141550383438	436
19906425	4793	0.06510658991642711	437
15176721	4762	0.04969779169876505	438
7757964	5009	0.051001919517365615	439
6847951	4873	0.05976678664605358	440
19524327	3433	0.04269777941345012	441
19524316	3414	0.05896731167249581	442
7751409	3134	0.060670577653795556	443
7461174	3129	0.044745891080426786	444
48865594	3121	0.045079129954661006	445
15197186	3097	0.026690124580472017	446
9001725	3082	0.02209337271173389	447
16272469	3078	0.01256207168797816	448
21049304	3182	0.015332697128357782	449
19514897	2977	0.018665104948405727	450
14607762	2933	0.0212836191328854	451
7365144	2918	0.022688394174634748	452
15197179	2971	0.02672367474100828	453
6902933	2833	0.014201808358141091	454
20805410	2799	0.05365264821940803	455
7751408	2749	0.012662363200504288	456
6902930	2738	0.021285543188617223	457
16250137	2599	4.955378878585423E-4	458
19214639	2710	0.015816850784424834	459
7461171	2701	0.03244326473652907	460
19227136	2698	0.06010517538677288	461
14579493	2652	0.01966811393164772	462
15197181	2502	5.018270555397162E-4	463
1940049	2591	0.029873138502612626	464
17915296	2569	0.0364463559811074	465
17791429	2558	0.05748963235587137	466
41522043	2502	0.044578401640965055	467
16136122	6266	0.004755945025048373	404
11220384	6250	0.0031848410986027513	294
19215921	7644	0.003464076064334206	402
32870675	7920	0.01856970128493798	468
1964777	4536	0.010106787890915537	469
18752420	3575	0.00857468263075656	470
22337371	3335	0.01809443847597636	471
13227229	2935	4.133969943771923E-4	472
18021636	2835	0.015681326382426326	473
18130746	2448	0.0062814370404672614	474
18130744	2429	0.01592193268333759	475
16136122	6624	0.09076364682867036	297
19215921	6588	0.06610929580450361	136
32870675	6864	0.3543888333997036	295
1903418	5876	0.38694007563989863	403
18769839	5749	0.020127619603643614	405
18151385	5630	0.3162554221701992	476
11220384	5194	0.06078030573452108	477
1964777	4894	0.19288047314928955	478
15176721	5041	0.2896232567470163	479
7757964	4706	0.29722330763714194	480
6847951	5152	0.3483022243453979	481
22337371	3693	0.3453187988395468	482
1940049	3357	0.1740913502721359	483
13227229	3293	0.007889371849352627	484
17915296	3335	0.2123980151832727	485
6677293	3211	0.03244326473652907	486
18021636	3193	0.2992663628539688	487
41522043	3154	0.25978904539844294	488
48865594	3151	0.26270713411025315	489
7365144	3166	0.1322208972794466	490
14579493	3124	0.1146196443794247	491
16250137	3231	0.002887840526054905	492
19227136	2958	0.3502742485698884	493
7751408	2952	0.07379231033991303	494
17791429	3157	0.3350316781280617	495
6902930	2918	0.1240455185068068	496
14607762	2995	0.12403430570905132	497
6902933	2895	0.08276371741652312	498
19214639	2946	0.09217568183780189	499
13227225	2738	0.2694960940461227	500
14579088	2675	0.27816703942366716	501
14579536	2624	0.3203347907650444	502
19524316	3473	0.6089374033339128	298
15197186	3156	0.27562075827635185	503
16272469	3137	0.1297246745223397	504
19514897	3036	0.19274883351242464	505
6902933	2876	0.14665773390320586	506
20805410	2858	0.5540544983663046	507
15197179	3030	0.2759672205290632	508
6902930	2781	0.219809298239962	509
19227136	2741	0.6206877741048927	510
19214639	2753	0.1633357833757247	511
16250137	2642	0.005117268298783556	512
1940049	2650	0.30849077011085874	513
17915296	2628	0.3763703778015494	514
15197181	2463	0.005182214611041707	515
41522043	2545	0.4603475276402499	516
6677293	2504	0.05748963235587137	517
19215921	6369	0.025801962940667847	299
32870675	6645	0.13831530701833228	518
1903418	5657	0.15101981302967898	519
9009951	5557	0.14800955742392086	520
18769839	5530	0.007855659159232692	521
18151385	5411	0.12343212226539635	522
15603181	5266	0.020505882671714784	523
11220384	4975	0.023722098034778028	524
31709836	5382	0.14266006196985287	525
1964777	4918	0.07527980384019486	526
15176721	4822	0.11303778759708047	527
7757964	4487	0.11600403052899888	528
6847951	4933	0.13593974909803708	529
13227229	3317	0.003079162735057863	530
1940049	3138	0.0679465499268935	531
17915296	3116	0.08289735429396104	532
16250137	3012	0.0011271025250695738	533
6677293	2992	0.01266236320050429	534
41522043	2935	0.10139371838998569	535
48865594	2932	0.1025326265553723	536
7365144	2947	0.05160482576723686	537
14579493	2905	0.04473518860790791	538
17791429	2938	0.13076035431648195	539
7461171	2954	0.07379231033991304	540
14607762	2776	0.048409660401470954	541
13227225	2762	0.10518230676356854	542
19227136	2739	0.1367094153808072	543
19214639	2727	0.035975478151254715	544
6902930	2699	0.04841403667244204	545
6902933	2676	0.032302058940817814	546
14579536	2493	0.1250242692702106	547
19215921	6538	0.040077506760902014	301
11220384	5144	0.036846907599929625	300
1964777	4844	0.11693012869999476	302
7757964	4656	0.18018599315519748	406
13227229	3243	0.004782782054837138	548
19227136	2908	0.21234711993821065	549
6902930	2868	0.07520024296307014	550
6902933	2845	0.05017393399752603	551
19214639	2896	0.055879758921794434	552
13227225	2688	0.16337689578648304	553
14579494	2375	0.05410072178489739	554
32170732	6964	0.17354420862254882	408
11220384	6122	0.04134108235309877	407
19215921	7516	0.0449657139616375	409
32870675	7792	0.24104547960959985	555
14858769	6130	0.20741844540878976	556
37062574	5643	0.27002114900209	557
1903418	5766	0.2631859339868021	558
18769839	5285	0.013690249983942965	559
18151385	5520	0.21510818832762887	560
7757964	5178	0.2021630705833815	561
9009951	4889	0.2579398876750856	562
31709836	4714	0.24861719067796811	563
19906425	4962	0.25807162274032364	564
15603181	4598	0.03573610491835548	565
15176721	4931	0.19699372623837644	566
1964777	4536	0.13119196141589243	567
6847951	5042	0.23690553652895402	568
15197186	3455	0.10579518556363378	569
22337371	3335	0.23487629304224886	570
9001725	3174	0.08757443071189565	571
20805410	3157	0.21267011539188005	572
48865594	3290	0.17868612430868538	573
7365144	3087	0.08993299617651694	574
16250137	2928	0.001964229227995551	575
1940049	3024	0.11841211987314534	576
13227229	2958	0.00536613245683398	577
17915296	3002	0.14446725351595646	578
6902933	3002	0.056293590764578225	579
14607762	3102	0.0843647030886019	580
7751408	2918	0.05019148788281106	581
6677293	2908	0.022067011066620162	582
6902930	2907	0.08437232972341094	583
19227136	2867	0.23824685284649705	584
17791429	2854	0.22787927814786293	585
41522043	2851	0.17670132110161504	586
7461171	2870	0.12859966999189212	587
18021636	2835	0.2035527002166987	588
14579493	2757	0.0779611109274396	589
19214639	2879	0.06269534856329766	590
19514897	2718	0.07398535123459363	591
15197179	2618	0.10592817278326706	592
18130746	2449	0.08153669145367694	593
7770986	2410	0.011112774423881209	594
18130744	2430	0.20667590937931937	595
19215921	6369	0.028938873979908408	303
32870675	6645	0.15513119092916017	596
1903418	5657	0.16938026567144934	597
9009951	5557	0.16600403387766424	598
18769839	5530	0.00881072230670617	599
18151385	5411	0.1384385614197187	600
15603181	5266	0.022998915076659743	601
11220384	4975	0.02660614648374134	602
1964777	4918	0.0844320550949228	603
31709836	5382	0.1600041657607558	604
15176721	4822	0.12678052044961566	605
7757964	4487	0.13010738866495147	606
6847951	4933	0.15246682111181412	607
13227229	3317	0.003453516407196389	608
17915296	3116	0.09297572028520495	609
1940049	3138	0.07620725020904286	610
16250137	3012	0.0012641316480621495	611
6677293	2992	0.014201808358141091	612
7461171	2954	0.08276371741652312	613
7365144	2947	0.057878757250650614	614
41522043	2935	0.11372080665294411	615
48865594	2932	0.11499817922915473	616
14579493	2905	0.05017393399752603	617
17791429	2938	0.14665773390320586	618
14607762	2776	0.05429513502479549	619
19214639	2727	0.04034924904667588	620
13227225	2762	0.11796999814883821	621
6902930	2699	0.05430004334725241	622
19227136	2739	0.1533300606883877	623
14579536	2493	0.14022427600413845	624
7751408	2384	0.032302058940817814	625
32170732	6737	0.10819635127363128	410
11220384	6047	0.025774148868525346	626
19215921	5808	0.028033929922976555	627
32870675	5768	0.15028010206600778	628
14858769	5471	0.1293152860484681	629
33299727	5281	0.05995518818115359	630
37062574	5338	0.1683450189471991	631
1903418	5107	0.16408359570124473	632
18769839	4980	0.008535203266322419	633
9009951	5007	0.16081294164689522	634
18151385	4861	0.13410946577163135	635
31709836	4832	0.1550006946861707	636
15603181	4716	0.022279718762077724	637
7757964	4519	0.12603881612073242	638
6847951	4383	0.14769904943762183	639
19906425	4303	0.160895072036072	640
15176721	4272	0.1228159820022918	641
15197186	3171	0.06595813914596194	642
48865594	3015	0.11140208496081316	643
16250137	2817	0.001224601138931506	644
1940049	2943	0.07382418242901549	645
17915296	2921	0.09006828768884789	646
14607762	2827	0.05259727837027902	647
6677293	2797	0.013757705312517837	648
7751408	2807	0.03129194513039622	649
7461171	2759	0.08017562313691608	650
17791429	2743	0.14207161749829866	651
41522043	2740	0.11016465694920903	652
6902933	2727	0.03509630871097228	653
14579493	2710	0.04860495092598442	654
6902930	2632	0.05260203320517315	655
19214639	2604	0.03908749251973557	656
19227136	2592	0.14853529475294422	657
32170732	6965	0.18736846879621305	361
11220384	6275	0.04463424830110874	658
19215921	6036	0.04854761239336353	659
32870675	5996	0.2602467854339638	660
14858769	5699	0.2239410742934249	661
33299727	5509	0.1038270854206647	662
1903418	5335	0.2841509137712651	663
9009951	5235	0.2784869756170499	664
18769839	5208	0.014780793881216754	665
37062574	5566	0.2915306113219501	666
18151385	5089	0.23224337010367072	667
15603181	4944	0.03858278713210305	668
31709836	5060	0.2684216471611743	669
15176721	4500	0.21268593830188554	670
19906425	4531	0.278629204491504	671
7757964	4747	0.2182670645307104	672
6847951	4611	0.2557770609638653	673
9001725	3450	0.09455047286467581	674
1940049	3165	0.12784464410333612	675
17915296	3143	0.15597528893258628	676
48865594	3237	0.19291998144211217	677
7751408	3029	0.05418966329011843	678
6677293	3019	0.023824834647489846	679
16250137	3039	0.002120696655540684	680
7461171	2981	0.13884371852757044	681
41522043	2962	0.19077707191650867	682
6902933	2949	0.06077785014157593	683
14607762	3049	0.09108506336007241	684
14579493	2932	0.08417137106486021	685
6902930	2854	0.09109329752067953	686
19227136	2814	0.2572252244409654	687
17791429	2965	0.24603178496043274	688
19214639	2826	0.06768956195190265	689
7365144	2656	0.09709691796456894	690
21049304	2381	0.06561758508727532	691
7751409	2333	0.2596449116658752	692
32170732	7104	0.2893256826057354	411
11220384	6414	0.06892213209767754	693
19215921	6175	0.07496496707706697	694
32870675	6135	0.4018609925425817	695
14858769	5838	0.345799400505729	696
37062574	5705	0.45016802273667983	697
33299727	5648	0.16032496051921064	698
1903418	5474	0.43877263670938604	699
9009951	5374	0.43002664661172824	700
18769839	5347	0.022823815056037575	701
18151385	5228	0.3586194198928045	702
15603181	5083	0.059577746968561	703
7757964	4886	0.33703785829824867	704
31709836	5199	0.41448423414042557	705
19906425	4670	0.430246269830363	706
15176721	4639	0.3284197425275541	707
6847951	4750	0.3949590517214859	708
9001725	3589	0.1460004464893203	709
16250137	3178	0.003274681227882295	710
1940049	3304	0.19741175855428997	711
14607762	3188	0.14064932216797962	712
7751408	3168	0.08367715988884335	713
6677293	3158	0.03678920253573153	714
17915296	3282	0.24084979308407206	715
7461171	3120	0.21439601815927212	716
41522043	3101	0.2945890891481893	717
6902933	3088	0.09385033187545562	718
14579493	3071	0.12997351980117972	719
48865594	3376	0.2978980704578028	720
19214639	2965	0.10452307606952739	721
6902930	2993	0.14066203697615223	722
19227136	2953	0.39719523846746596	723
17791429	3104	0.37991084937458486	724
7365144	2795	0.14993254868067632	725
15197186	2464	0.17637733072483341	726
21049304	2341	0.10132362567879169	727
14858769	6196	0.2550346957136352	412
16136122	6863	0.07590716856168048	728
32170732	6334	0.2133840813997335	729
11220384	6439	0.050831594738912654	730
19215921	6533	0.05528831900726708	731
32870675	6493	0.2963813581006448	732
1903418	5832	0.32360451095921944	733
14125616	5711	0.14027378141120278	734
7757964	5321	0.24857286481514615	735
18151385	5586	0.2644897431736482	736
37062574	5086	0.33200885984981887	737
1964777	5714	0.16130919260259402	738
18769839	4704	0.016833067724605244	739
19591126	4620	0.15189635978272312	740
33299727	4582	0.11824319955881489	741
19906425	4554	0.3173161270599002	742
6847951	5108	0.29129102429854054	743
9009951	4308	0.3171541500852315	744
32179802	4261	0.31967714596733726	745
31709836	4133	0.30569127759477205	746
15603181	4017	0.04393990431217991	747
15176721	3886	0.2422168140817165	748
19591127	3945	0.29736004700552704	749
15431724	3879	0.31542387639466246	750
36136934	3569	0.29750169812126503	751
7365144	3230	0.11057856628560749	752
14607762	3245	0.10373198168932468	753
6902933	3145	0.06921669267637716	754
7751408	3061	0.06171375363642022	755
48865594	3433	0.21970640678316072	756
19214639	3022	0.07708807725363141	757
7461171	3013	0.15812179886228314	758
19227136	3010	0.2929402614154523	759
16250137	2846	0.0024151497350507352	760
6902930	3050	0.10374135914119018	761
19524316	2937	0.28739454772656364	762
14579493	2900	0.09585834164213608	763
15197181	2749	0.0024458018446694707	764
15197186	2874	0.13008217714202153	765
17791429	2805	0.28019264269068833	766
16272469	2792	0.06122495343397341	767
41522043	2749	0.21726595998023052	768
6677293	2692	0.027132849451230158	769
19514897	2691	0.09096988217317634	770
15197179	2685	0.1302456937233272	771
9001725	2593	0.1076785540692162	772
20805410	2576	0.2614919712634842	773
17915296	2569	0.17763204216680148	774
1940049	2547	0.14559553226395153	775
16136122	6647	0.031370970081591544	364
32170732	6102	0.08818752906109895	776
11220384	6161	0.021007718611691446	777
19215921	6378	0.02284959687343746	778
32870675	6338	0.12248870421456484	779
14858769	6041	0.10540092537503981	780
1903418	5677	0.1337395087174226	781
18151385	5431	0.10930851429725173	782
37062574	5432	0.13721286416721803	783
18769839	5050	0.0069567825276066995	784
7757964	5089	0.10273037518024387	785
19906425	4900	0.13114064082516544	786
9009951	4654	0.1310736988627326	787
15176721	4842	0.10010354188934757	788
31709836	4479	0.1263363145450038	789
1964777	4472	0.06666598097266234	790
15603181	4363	0.018159515757003943	791
6847951	4953	0.12038496734179022	792
19591126	4018	0.06277583854777072	793
36136934	3626	0.12295171915681669	794
19591127	3729	0.12289317748021299	795
15431724	3663	0.1303586100877416	796
15197186	3220	0.053760457208394986	797
13227229	2997	0.002726832348591931	798
48865594	3201	0.09080042431470622	799
7365144	2998	0.045699990664152916	800
16250137	2839	9.981348470306187E-4	801
20805410	2922	0.10806959293202162	802
14607762	3013	0.04287042918002846	803
6902933	2913	0.02860592531959504	804
7751408	2829	0.025505105191450828	805
6902930	2818	0.04287430470018668	806
7461171	2781	0.0653486925589298	807
19227136	2778	0.12106656526241413	808
9001729	2772	0.13804362612950438	809
17915296	2767	0.07341190016617014	810
17791429	2765	0.11579822008232545	811
41522043	2762	0.08979183467698013	812
6677293	2745	0.011213483844694005	813
19214639	2790	0.03185901688858291	814
14579493	2668	0.03961640546877825	815
1940049	2789	0.060171827947374856	816
18185281	2548	0.09557325193621351	817
19531571	2527	0.10363611943293748	818
19531567	2511	0.1076602829070559	819
18130746	2488	0.041433358129259516	820
15197179	2477	0.05382803546058359	821
7770986	2449	0.005647022883874716	822
18130744	2469	0.10502360124421703	823
18464147	2413	0.05756676785826789	824
19514897	2405	0.03759609936789668	825
16253106	2380	0.07330162820195914	826
32170732	6678	0.04551735941261005	345
11220384	5988	0.010842983000746537	827
19215921	5749	0.011793655229878635	828
32870675	5709	0.06322166448111337	829
14858769	5412	0.05440193022523035	830
33299727	5222	0.025222679110412184	831
37062574	5279	0.07082143383341415	832
1903418	5048	0.06902868637740422	833
18769839	4921	0.0035906933104458837	834
9009951	4948	0.06765274777731561	835
18151385	4802	0.05641880416764259	836
31709836	4773	0.06520758090438591	837
15603181	4657	0.009372903564378468	838
7757964	4460	0.053023544932659955	839
6847951	4324	0.062135835811605006	840
19906425	4244	0.06768729939018288	841
15176721	4213	0.05166772380588933	842
15197186	3112	0.027748073667483976	843
48865594	2956	0.04686598652159216	844
16250137	2758	5.151801287352804E-4	845
1940049	2884	0.031057256602538778	846
17915296	2862	0.0378910247356076	847
14607762	2768	0.02212726395597555	848
6677293	2738	0.00578775910676449	849
7751408	2748	0.013164276765838064	850
7461171	2700	0.03372925807103794	851
17791429	2684	0.05976841917382603	852
41522043	2681	0.04634541022776714	853
6902933	2668	0.01476474279260256	854
14579493	2651	0.020447723000706096	855
6902930	2573	0.022129264277855876	856
19214639	2545	0.016443802629341652	857
19227136	2533	0.062487637680397945	858
32170732	6926	0.1272797921447528	413
11220384	6236	0.030320138083005068	363
19215921	5997	0.032978494483359	419
32870675	5957	0.1767861848324208	859
14858769	5660	0.1521236394355156	860
33299727	5470	0.07052995595385253	861
1903418	5296	0.19302430913220536	862
9009951	5196	0.1891767841157453	863
18769839	5169	0.010040624151024316	864
37062574	5527	0.19803735308979842	865
18151385	5050	0.1577634063175391	866
15603181	4905	0.026209367873313023	867
31709836	5021	0.1823393854757111	868
15176721	4461	0.144478002051767	869
19906425	4492	0.18927340048718608	870
7757964	4708	0.14826927275436888	871
6847951	4572	0.17374989166552085	872
9001725	3411	0.06422833367172853	873
1940049	3126	0.08684513372412957	874
17915296	3104	0.10595433950335292	875
48865594	3198	0.13105094627862962	876
7751408	2990	0.03681115144011796	877
6677293	2980	0.016184259930702393	878
16250137	3000	0.0014405936668717982	879
7461171	2942	0.09431682795046091	880
41522043	2923	0.12959526336273583	881
6902933	2910	0.04128652052677216	882
14607762	3010	0.061874273758253454	883
14579493	2893	0.057177788143886445	884
6902930	2815	0.06187986724074971	885
19227136	2775	0.17473363213979135	886
17791429	2926	0.1671299053248137	887
19214639	2787	0.04598166079362051	888
7365144	2617	0.06595813914596195	889
21049304	2342	0.04457416258246027	890
7751409	2294	0.17637733072483341	891
19215921	6281	0.017547848350447634	415
32870675	6557	0.09406788303992802	892
1903418	5569	0.10270818476298336	893
9009951	5469	0.10066091770088435	894
18769839	5442	0.005342613503321782	895
18151385	5323	0.08394586753216315	896
15603181	5178	0.01394599783910895	897
11220384	4887	0.016133337600164853	898
1964777	4830	0.051197600146812426	899
31709836	5294	0.09702273966011843	900
15176721	4734	0.07687670737241734	901
7757964	4399	0.07889404152872102	902
6847951	4845	0.09245227223431207	903
13227229	3229	0.0020941306227512313	904
17915296	3028	0.05637827653457227	905
1940049	3050	0.046210273101895426	906
16250137	2924	7.665395160363544E-4	907
6677293	2904	0.008611640506254707	908
7461171	2866	0.05018595965941056	909
7365144	2859	0.03509630871097228	910
41522043	2847	0.06895760598086531	911
48865594	2844	0.06973217448238776	912
14579493	2817	0.030424286222927262	913
17791429	2850	0.08892977922155851	914
14607762	2688	0.03292328499870694	915
19214639	2639	0.024466829767360324	916
13227225	2674	0.07153421514795764	917
6902930	2611	0.03292626128929064	918
19227136	2651	0.09297572028520495	919
14579536	2405	0.08502868259768145	920
7751408	2296	0.019587204121840753	921
16136122	6608	0.021310365490081494	416
32170732	6063	0.05990597265788661	922
11220384	6122	0.014270587124452094	923
19215921	6339	0.015521778874147971	924
32870675	6299	0.08320683257259462	925
14858769	6002	0.07159906872159276	926
1903418	5638	0.09084952756703611	927
18151385	5392	0.07425350203687597	928
37062574	5393	0.09320898517767406	929
18769839	5011	0.0047257568992202	930
7757964	5050	0.06978495839721663	931
19906425	4861	0.0890841111804725	932
9009951	4615	0.08903863736559345	933
15176721	4803	0.06800054505695585	934
31709836	4440	0.08582052230522999	935
1964777	4433	0.04528634009682426	936
15603181	4324	0.012335796977210179	937
6847951	4914	0.08177775972157382	938
19591126	3979	0.04264375822360516	939
36136934	3587	0.08352135958980489	940
19591127	3690	0.08348159210663231	941
15431724	3624	0.08855287606738435	942
15197186	3181	0.036519590852469454	943
13227229	2958	0.0018523429089867432	944
48865594	3162	0.06168091786030941	945
7365144	2959	0.03104409909586713	946
16250137	2800	6.780350860457021E-4	947
20805410	2883	0.07341190016617014	948
14607762	2974	0.029121972070578456	949
6902933	2874	0.01943206480886802	950
7751408	2790	0.01732567122021295	951
6902930	2779	0.029124604719515387	952
7461171	2742	0.04439150332641267	953
19227136	2739	0.08224077061247063	954
9001729	2733	0.09377332351357934	955
17915296	2728	0.049868857092834014	956
17791429	2726	0.07866197272947245	957
41522043	2723	0.06099578081311098	958
6677293	2706	0.007617342993412149	959
19214639	2751	0.021641896705284696	960
14579493	2629	0.026911506967976333	961
1940049	2750	0.04087484838466316	962
18185281	2509	0.06492310963094772	963
19531571	2488	0.07040023235958504	964
19531567	2472	0.07313385501142715	965
18130746	2449	0.028145766704679612	966
15197179	2438	0.036565496900308414	967
7770986	2410	0.003836034437992713	968
18130744	2430	0.0713427516515389	969
18464147	2374	0.039105225625848006	970
19514897	2366	0.025539108814535375	971
16253106	2341	0.0497939491172587	972
19215921	6534	0.027298717467426112	414
1903418	5833	0.15978037087181454	973
7757964	5322	0.12273334636499739	974
18151385	5587	0.13059233671004702	975
1964777	4779	0.07964673465977572	976
18769839	4705	0.008311360666683473	977
19591126	4621	0.07499912973469205	978
9009951	4309	0.1565954923617844	979
6847951	5109	0.14382552256793737	980
15603181	4018	0.0216954151419629	981
31709836	4134	0.1509356762722221	982
15176721	3887	0.11959503367443221	983
36136934	3570	0.1468920551197158	984
6902933	3146	0.034175879667343895	985
19214639	3023	0.038062391456998336	986
19227136	3011	0.14463983667442068	987
6902930	3051	0.05122250239711386	988
6677293	2693	0.013396898378443796	989
15197179	2686	0.06430907030895051	990
16272469	2583	0.030229942522410146	991
17915296	2570	0.08770617409503925	992
1940049	2548	0.07188808361619241	993
7461174	2289	0.10767855406921621	994
19215921	6573	0.040186417700580214	362
1903418	5872	0.23521254182985507	995
7757964	5361	0.18067565000806657	996
18151385	5626	0.1922448627041519	997
1964777	4818	0.11724788724394275	998
18769839	4744	0.012235146644162358	999
19591126	4660	0.11040615216794336	1000
9009951	4348	0.23052408500830682	1001
6847951	5148	0.21172542383414453	1002
15603181	4057	0.03193780133161026	1003
31709836	4173	0.22219227477747766	1004
15176721	3926	0.17605574268793067	1005
36136934	3609	0.21623966367582353	1006
6902933	3185	0.05031028205758933	1007
19214639	3062	0.056031612605943804	1008
19227136	3050	0.21292417490593615	1009
6902930	3090	0.07540460021448298	1010
6677293	2732	0.019721562185871046	1011
15197179	2725	0.09466932519651206	1012
16272469	2622	0.04450147149658923	1013
17915296	2609	0.12911218086742507	1014
1940049	2587	0.10582638394429049	1015
7461174	2328	0.15851350366124106	1016
16136122	6219	0.059548677983470806	304
19215921	6220	0.04337332517067697	1017
32870675	5880	0.2325092397498368	1018
14858769	5583	0.20007305314415888	1019
32170732	5516	0.16739841823695792	1020
1903418	5219	0.2538656253717401	1021
18769839	5092	0.013205431692422514	1022
37062574	5450	0.26045878218723084	1023
9009951	5119	0.2488053593936966	1024
18151385	4973	0.20749047612519442	1025
15603181	4828	0.03447056795939319	1026
11220384	4826	0.03987705408922166	1027
1964777	4805	0.1265460080790673	1028
31709836	4944	0.23981281078947234	1029
19906425	4415	0.24893242927244522	1030
15176721	4384	0.19001750871808612	1031
7757964	4631	0.19500378900680546	1032
6847951	4495	0.22851590612728742	1033
15197186	3177	0.10204861839530531	1034
20805410	2879	0.20513874364025533	1035
15197181	2543	0.001918715573500201	1036
18752426	2657	0.20470032953728728	1037
17915296	2649	0.13935117695691573	1038
48865594	2615	0.17235824120886217	1039
13227225	2768	0.1768123767927585	1040
16250137	2545	0.0018946691936946238	1041
7365144	2540	0.08674816305741734	1042
1940049	2671	0.11421874417003207	1043
6677293	2525	0.021285543188617223	1044
14579536	2493	0.21016688915307624	1045
7461171	2487	0.1240455185068068	1046
17791429	2471	0.219809298239962	1047
41522043	2468	0.1704437266306324	1048
14579494	2455	0.058549754902265015	1049
7816860	2456	0.18219552566924763	1050
14579493	2438	0.07520024296307014	1051
14607762	2427	0.08137706215698862	1052
7751408	2384	0.04841403667244203	1053
6902933	2327	0.054300043347252414	1054
19227136	2272	0.22980972187426219	1055
19214639	2261	0.06047509313973798	1056
16136122	6725	0.06673641271866397	369
19215921	6094	0.04860863796799278	305
32870675	6054	0.260573922214612	1057
14858769	5757	0.22422257387843264	1058
32170732	5818	0.18760399569263472	1059
1903418	5393	0.2845080986448242	1060
18151385	5147	0.2325353058841489	1061
37062574	5218	0.29189707266167125	1062
18769839	4836	0.014799373712347668	1063
7757964	4805	0.21854143174217489	1064
11220384	5128	0.04469035467825968	1065
33299727	4714	0.1039575986887228	1066
19906425	4589	0.27897944843707256	1067
9009951	4440	0.2788370407773319	1068
15176721	4558	0.21295328989675422	1069
1964777	4566	0.14182055604002158	1070
31709836	4265	0.2687590599494328	1071
6847951	4669	0.2560985791879919	1072
15603181	4149	0.03863128666976222	1073
19591126	4096	0.13354493849530646	1074
36136934	3704	0.26155890789406855	1075
19591127	3807	0.26143437041623774	1076
15431724	3741	0.2773158108155499	1077
13227229	3091	0.005800872862934514	1078
19524327	3088	0.18295848339688003	1079
19524316	3069	0.2526728570383802	1080
7751409	3043	0.2599712918759993	1081
15197186	3006	0.11436624531763612	1082
48865594	2917	0.19316248673010813	1083
9001729	2850	0.2936643776905534	1084
7461174	2772	0.1917345698717534	1085
21049304	3091	0.06570006804860591	1086
7816860	2758	0.20418716600109738	1087
9001725	2725	0.09466932519651206	1088
7365144	2714	0.09721897124219474	1089
20805410	2708	0.22989971102237303	1090
16250137	2555	0.002123362424785319	1091
15197181	2553	0.0021503112871520064	1092
14607762	2729	0.0911995595846581	1093
6902933	2629	0.06085424943387412	1094
18185281	2626	0.20331586716926958	1095
19531571	2605	0.22046824886348504	1096
18130746	2582	0.08814243490854114	1097
7770986	2543	0.012013082439906614	1098
18130744	2563	0.22341988085179662	1099
17915296	2553	0.15617135380922634	1100
7751408	2545	0.05425778106518942	1101
13227225	2714	0.19815425213444343	1102
6677293	2535	0.023854783066230387	1103
6902930	2534	0.09120780409581303	1104
19214639	2506	0.0677746494404705	1105
7461171	2497	0.13901824858763093	1106
19227136	2494	0.2575485630431495	1107
17791429	2481	0.24634105312655005	1108
41522043	2478	0.19101688351312143	1109
1940049	2575	0.12800534804911337	1110
16253106	2474	0.1559367689272242	1111
14579494	2401	0.06561691611052678	1112
19531567	2589	0.22902897343647902	1113
14579493	2384	0.08427717660365673	1114
16272469	2370	0.05382803546058359	1115
18464147	2491	0.12246352499386846	1116
19514897	2269	0.07997931837945141	1117
19215921	5802	6.200608293460481E-4	426
1903418	5101	0.0036292382378115334	1118
9009951	5001	0.003556897168578075	1119
18769839	4974	1.8878356443401755E-4	1120
18151385	4855	0.002966263624043615	1121
15603181	4710	4.927878799428707E-4	1122
7757964	4513	0.0027877551619889863	1123
11220384	4836	5.700784787225958E-4	1124
31709836	4826	0.0034283405701727577	1125
15176721	4266	0.00271647178495924	1126
6847951	4377	0.0032668411221522665	1127
19524316	2934	0.003223141973071068	1128
15197186	2617	0.0014588771026158279	1129
9001725	2602	0.0012076195250241846	1130
16272469	2598	6.866404348078091E-4	1131
19514897	2497	0.001020231065053685	1132
15197179	2491	0.0014607109479711712	1133
20805410	2319	0.0029326434856458057	1134
6902933	2337	7.76268127447748E-4	1135
6902930	2242	0.0011634637178626758	1136
16250137	2103	2.708600613293399E-5	1137
19214639	2214	8.645460374423065E-4	1138
19227136	2202	0.0032853373859718666	1139
1940049	2111	0.0016328600345544772	1140
17915296	2089	0.001992150844193725	1141
41522043	2006	0.002436646903956326	1142
17791429	1980	0.0031423723043670984	1143
6677293	1965	3.042960508717925E-4	1144
19215921	5910	9.12790995313301E-4	370
1903418	5209	0.005342598381540861	1145
9009951	5109	0.005236105157872341	1146
18769839	5082	2.779081172733619E-4	1147
18151385	4963	0.004366634042353521	1148
15603181	4818	7.254325997108743E-4	1149
7757964	4621	0.004103851894152775	1150
11220384	4944	8.392120214216645E-4	1151
31709836	4934	0.0050468571037157175	1152
15176721	4374	0.003998915698236482	1153
6847951	4485	0.004809113909944478	1154
19524316	3042	0.004744784431454052	1155
15197186	2725	0.002147611685035678	1156
9001725	2710	0.0017777356285659184	1157
16272469	2706	0.0010108027732885407	1158
19514897	2605	0.001501881243332304	1159
15197179	2599	0.002150311287152006	1160
20805410	2427	0.004317141866524462	1161
6902933	2445	0.0011427436198966508	1162
6902930	2350	0.001712733904121683	1163
16250137	2211	3.987328553428896E-5	1164
19214639	2322	0.001272697452673178	1165
19227136	2310	0.0048363422434602	1166
1940049	2219	0.002403731804378318	1167
17915296	2197	0.0029326434856458057	1168
41522043	2114	0.0035869857398266626	1169
17791429	2088	0.004625883474002544	1170
6677293	2073	4.479539458057861E-4	1171
19215921	6140	0.015645699730440662	417
32870675	6416	0.08387112897994596	1172
1903418	5428	0.09157484077637737	1173
9009951	5328	0.08974949301396605	1174
18769839	5301	0.00476348581201626	1175
18151385	5182	0.07484631795248382	1176
15603181	5037	0.012434281985717464	1177
11220384	4746	0.014384518870974196	1178
31709836	5153	0.08650568556504572	1179
1964777	4689	0.04564789157160446	1180
15176721	4593	0.06854343938885891	1181
7757964	4258	0.07034209890740235	1182
6847951	4704	0.08243064687404278	1183
13227229	3088	0.001867131414949268	1184
1940049	2909	0.041201179938135914	1185
17915296	2887	0.050266993899406774	1186
16250137	2783	6.834482986124148E-4	1187
6677293	2763	0.007678157393235286	1188
41522043	2706	0.061482751375563145	1189
48865594	2703	0.06217335833508639	1190
7365144	2718	0.031291945130396216	1191
14579493	2676	0.027126359725165958	1192
17791429	2709	0.07928998444754581	1193
7461171	2725	0.04474591071418257	1194
14607762	2547	0.029354472465357852	1195
13227225	2533	0.0637800617093397	1196
19227136	2510	0.08289735429396104	1197
19214639	2498	0.02181467860053406	1198
6902930	2470	0.0293571261325114	1199
6902933	2447	0.019587204121840753	1200
14579536	2264	0.07581175821845607	1201
16136122	6131	0.03610890912511216	418
19215921	6132	0.02630055796497517	1202
32870675	5792	0.1409881007132718	1203
14858769	5495	0.12131956474955638	1204
32170732	5428	0.10150643937861477	1205
1903418	5131	0.15393810756105122	1206
18769839	5004	0.008007461275159082	1207
37062574	5362	0.15793604182861382	1208
9009951	5031	0.1508696820218514	1209
18151385	4885	0.12581731451385972	1210
15603181	4740	0.02090213667349974	1211
11220384	4738	0.02418050191953164	1212
1964777	4717	0.0767345046205914	1213
31709836	4856	0.14541681335458692	1214
19906425	4327	0.15094673418924873	1215
15176721	4296	0.11522212057144422	1216
7757964	4543	0.11824568293949012	1217
6847951	4407	0.13856663770576533	1218
15197186	3089	0.06187986724074971	1219
20805410	2791	0.12439127958813373	1220
15197181	2455	0.001163463717862676	1221
18752426	2569	0.12412543565105026	1222
17915296	2561	0.08449925599710877	1223
48865594	2527	0.10451395865584955	1224
13227225	2680	0.10721484106795758	1225
16250137	2457	0.0011488825621999335	1226
7365144	2452	0.052602033205173156	1227
1940049	2583	0.06925954350766489	1228
6677293	2437	0.0129070496727026	1229
14579536	2405	0.12744022803734512	1230
7461171	2399	0.07521826691741172	1231
17791429	2383	0.13328715672251523	1232
41522043	2380	0.1033530423221034	1233
14579494	2367	0.03550318580792535	1234
7816860	2368	0.11047905515583457	1235
14579493	2350	0.04559964773850362	1236
14607762	2339	0.049345124724866955	1237
7751408	2296	0.029357126132511402	1238
6902933	2239	0.03292626128929064	1239
19227136	2184	0.13935117695691576	1240
19214639	2173	0.03667066535249748	1241
16136122	6686	0.04533418452896951	421
19215921	6055	0.033019949283647584	367
32870675	6015	0.1770084095306922	420
14858769	5718	0.1523148626914818	1242
32170732	5779	0.12743978605735531	1243
1903418	5354	0.19326694556274207	1244
18151385	5108	0.15796171890288285	1245
37062574	5179	0.1982862910431716	1246
18769839	4797	0.010053245469112789	1247
7757964	4766	0.14845565097409225	1248
11220384	5089	0.030358251262173615	1249
33299727	4675	0.07061861388940215	1250
19906425	4550	0.18951132193084372	1251
9009951	4401	0.18941458411018441	1252
15176721	4519	0.14465961454848578	1253
1964777	4527	0.09633899988935622	1254
31709836	4226	0.18256859068741207	1255
6847951	4630	0.17396829966661356	1256
15603181	4110	0.02624231371052904	1257
19591126	4057	0.09071735560882134	1258
36136934	3665	0.17767751235974472	1259
19591127	3768	0.17759291379097603	1260
15431724	3702	0.18838120942028092	1261
13227229	3052	0.003940545050061084	1262
19524327	3049	0.12428407985338008	1263
19524316	3030	0.17164119945626555	1264
7751409	3004	0.17659904148316777	1265
15197186	2967	0.07768922928135034	1266
48865594	2878	0.13121568062720187	1267
9001729	2811	0.19948682504004786	1268
7461174	2733	0.1302456937233272	1269
21049304	3052	0.04463019343034567	1270
7816860	2719	0.1387047682794058	1271
9001725	2686	0.0643090703089505	1272
7365144	2675	0.06604105019234346	1273
20805410	2669	0.15617135380922634	1274
16250137	2516	0.0014424045294867457	1275
15197181	2514	0.0014607109479711714	1276
14607762	2690	0.061952051282723034	1277
6902933	2590	0.04133841872557901	1278
18185281	2587	0.13811289316336572	1279
19531571	2566	0.14976454186847238	1280
18130746	2543	0.059875340105881594	1281
7770986	2504	0.00816051198898412	1282
18130744	2524	0.15176959164218165	1283
17915296	2514	0.10608752678350715	1284
7751408	2506	0.03685742398697764	1285
13227225	2675	0.1346065972909346	1286
6677293	2496	0.01620460395409571	1287
6902930	2495	0.06195765179636802	1288
19214639	2467	0.04603946090229735	1289
7461171	2458	0.09443538658474034	1290
19227136	2455	0.1749532767275001	1291
17791429	2442	0.16733999183591824	1292
41522043	2439	0.12975816788112612	1293
1940049	2536	0.08695430025010259	1294
16253106	2435	0.10592817278326706	1295
14579494	2362	0.044573708145157924	1296
19531567	2550	0.15557985994872117	1297
14579493	2345	0.05724966206735022	1298
16272469	2331	0.036565496900308414	1299
18464147	2452	0.08318972827539248	1300
19514897	2230	0.054330118000202855	1301
16136122	6324	0.055036927538675985	423
19215921	6288	0.040087112516462374	422
32870675	6564	0.21489300205348671	1302
1903418	5576	0.23463130503121146	1303
18769839	5449	0.012204912212736792	1304
18151385	5330	0.19176980390123027	1305
11220384	4894	0.036855739047196835	1306
1964777	4594	0.11695815445121313	1307
15176721	4741	0.17562068903191952	1308
7757964	4406	0.18022918003845284	1309
6847951	4852	0.21120222636098496	1310
22337371	3393	0.2093931477362299	1311
1940049	3057	0.10556487497824096	1312
13227229	2993	0.004783928389502897	1313
17915296	3035	0.12879313006303572	1314
6677293	2911	0.019672827974761425	1315
18021636	2893	0.18146804037356332	1316
41522043	2854	0.15752992928904075	1317
48865594	2851	0.15929938922806774	1318
7365144	2866	0.08017562313691609	1319
14579493	2824	0.06950263990744081	1320
16250137	2931	0.0017511181550004728	1321
19227136	2658	0.2123980151832727	1322
7751408	2652	0.044745910714182574	1323
17791429	2857	0.2031552811788366	1324
6902930	2618	0.07521826691741172	1325
14607762	2695	0.07521146774220075	1326
6902933	2595	0.05018595965941057	1327
19214639	2646	0.05589315215277003	1328
13227225	2438	0.16341605387419786	1329
14579088	2375	0.16867390995546086	1330
14579536	2324	0.19424343647994158	1331
19215921	6238	0.024302051675977966	425
11220384	4844	0.02234309279605799	365
1964777	4544	0.07090366292242056	424
7757964	4356	0.10926052219438182	1332
13227229	2943	0.0029001658547527925	1333
19227136	2608	0.1287622683908529	1334
6902930	2568	0.04559964773850362	1335
6902933	2545	0.030424286222927265	1336
19214639	2596	0.03388416343013238	1337
13227225	2388	0.09906788333293558	1338
14579494	2075	0.03280539741077178	1339
32170732	6782	0.12171705355533113	347
11220384	6092	0.028995002338289923	372
19215921	5853	0.03153717578859734	1340
32870675	5813	0.16905977896804353	1341
14858769	5516	0.14547510532659108	1342
37062574	5383	0.18938216904513336	1343
33299727	5326	0.06744745793053311	1344
1903418	5152	0.18458821919983784	1345
9009951	5052	0.18090884951677497	1346
18769839	5025	0.009601800623065837	1347
18151385	4906	0.1508683872926564	1348
15603181	4761	0.025063892542025425	1349
7757964	4564	0.1417891929924676	1350
31709836	4877	0.17437027805602248	1351
19906425	4348	0.1810012432884713	1352
15176721	4317	0.13816361903940408	1353
6847951	4428	0.16615618640415133	1354
9001725	3267	0.06142124682605202	1355
16250137	2856	0.0013776328005209917	1356
1940049	2982	0.083049584025861	1357
14607762	2866	0.05917007064377919	1358
7751408	2846	0.035202327217619955	1359
6677293	2836	0.015476929994498843	1360
17915296	2960	0.10132362567879169	1361
7461171	2798	0.09019472930753424	1362
41522043	2779	0.12393132755355188	1363
6902933	2766	0.03948210116775851	1364
14579493	2749	0.05467884402081587	1365
48865594	3054	0.1253233901303977	1366
19214639	2643	0.04397204124135511	1367
6902930	2671	0.059175419664209576	1368
19227136	2631	0.16709693269210216	1369
17791429	2782	0.15982552528041982	1370
7365144	2473	0.06307545148807821	1371
15197186	2142	0.0742005646247297	1372
21049304	2019	0.04262605746608316	1373
19524316	3046	0.3692452310355127	427
15197186	2729	0.1671299053248137	1374
16272469	2710	0.07866197272947247	1375
19514897	2609	0.1168783312906362	1376
6902933	2449	0.08892977922155851	1377
20805410	2431	0.33596553625290787	1378
15197179	2603	0.16733999183591824	1379
6902930	2354	0.1332871567225152	1380
19227136	2314	0.3763703778015494	1381
19214639	2326	0.09904295373996631	1382
16250137	2215	0.00310299039755144	1383
1940049	2223	0.18706150264092916	1384
17915296	2201	0.22822209039120242	1385
15197181	2036	0.0031423723043670984	1386
41522043	2118	0.27914384675585685	1387
6677293	2077	0.03486035258331815	1388
19524316	3154	0.5435655761501033	371
15197186	2837	0.24603178496043274	1389
16272469	2818	0.11579822008232545	1390
19514897	2717	0.17205648752535174	1391
6902933	2557	0.13091344888573211	1392
20805410	2539	0.4945745670641487	1393
15197179	2711	0.24634105312655005	1394
6902930	2462	0.19621190484736437	1395
19227136	2422	0.5540544983663046	1396
19214639	2434	0.14580104409823785	1397
16250137	2323	0.0045679094040108744	1398
1940049	2331	0.2753730716395941	1399
17915296	2309	0.33596553625290787	1400
15197181	2144	0.004625883474002544	1401
41522043	2226	0.4109274085005321	1402
6677293	2185	0.05131789402833109	1403
32170732	6604	0.053545613847580324	348
11220384	5914	0.012755445135795926	428
19215921	5675	0.013873794898032426	1404
32870675	5635	0.07437256635254502	1405
14858769	5338	0.06399722624498697	1406
33299727	5148	0.029671401269235398	1407
1903418	4974	0.08120381834246367	1408
9009951	4874	0.07958519463693485	1409
18769839	4847	0.004224012111584841	1410
37062574	5205	0.08331276675784878	1411
18151385	4728	0.06636983209676084	1412
15603181	4583	0.011026076234768997	1413
31709836	4699	0.07670875446420995	1414
15176721	4139	0.060780766349269696	1415
19906425	4170	0.0796258403893308	1416
7757964	4386	0.06237572430459296	1417
6847951	4250	0.07309522154624637	1418
9001725	3089	0.027020358023123137	1419
1940049	2804	0.03653506905200759	1420
17915296	2782	0.04457416258246027	1421
48865594	2876	0.055132108919654484	1422
7751408	2668	0.015486163727040746	1423
6677293	2658	0.0068085916708026575	1424
16250137	2678	6.060464972307635E-4	1425
7461171	2620	0.03967835242078725	1426
41522043	2601	0.05451971449328456	1427
6902933	2588	0.01736891652621919	1428
14607762	2688	0.026030023414800936	1429
14579493	2571	0.024054248620467417	1430
6902930	2493	0.026032376549173335	1431
19227136	2453	0.07350907347571539	1432
17791429	2604	0.07031024502874367	1433
19214639	2465	0.01934412534336567	1434
7365144	2295	0.02774807366748398	1435
21049304	2020	0.018752001845707574	1436
7751409	1972	0.0742005646247297	1437
19215921	5704	0.006878732702699741	430
32870675	5664	0.036874482296513626	429
14858769	5367	0.03173031000450336	1438
37062574	5234	0.041307101442798824	1439
32170732	5428	0.026548321332883377	1440
1903418	5003	0.04026146882823035	1441
9009951	4903	0.039458942922490955	1442
18769839	4876	0.002094297231731393	1443
18151385	4757	0.03290666597510577	1444
15603181	4612	0.005466812197816351	1445
11220384	4738	0.006324246411162903	1446
31709836	4728	0.03803278207544772	1447
19906425	4199	0.039479095394708306	1448
15176721	4168	0.03013556480074297	1449
7757964	4415	0.03092635704809479	1450
6847951	4279	0.03624116505661726	1451
19524327	2839	0.02589092300440845	1452
19524316	2820	0.035756382352020326	1453
7751409	2540	0.03678920253573153	1454
7461174	2535	0.02713284945123016	1455
48865594	2527	0.027334917618554014	1456
15197186	2503	0.016184259930702393	1457
9001725	2488	0.013396898378443796	1458
16272469	2484	0.0076173429934121495	1459
21049304	2588	0.00929738469432382	1460
19514897	2383	0.01131807793583163	1461
14607762	2339	0.012905882970839106	1462
7365144	2324	0.013757705312517837	1463
15197179	2377	0.01620460395409571	1464
6902933	2239	0.008611640506254707	1465
20805410	2205	0.032533696204204085	1466
7751408	2155	0.007678157393235287	1467
6902930	2144	0.0129070496727026	1468
16250137	2005	3.0048244842145543E-4	1469
19214639	2116	0.009590964013991817	1470
7461171	2107	0.019672827974761425	1471
19227136	2104	0.03644635598110741	1472
14579493	2058	0.011926278847321375	1473
15197181	1908	3.042960508717925E-4	1474
1940049	1997	0.018114364247887153	1475
17915296	1975	0.022100207773354665	1476
17791429	1964	0.03486035258331815	1477
41522043	1908	0.02703128781873484	1478
19215921	5812	0.01012617629275741	373
32870675	5772	0.05428289258748335	1479
14858769	5475	0.04671016113234634	1480
37062574	5342	0.06080814728975129	1481
32170732	5536	0.039081760218424945	1482
1903418	5111	0.05926887244797388	1483
9009951	5011	0.058087474776011366	1484
18769839	4984	0.0030830130918770206	1485
18151385	4865	0.04844187371025805	1486
15603181	4720	0.008047689373474025	1487
11220384	4846	0.009309917516222073	1488
31709836	4836	0.05598802466170178	1489
19906425	4307	0.058117141212436156	1490
15176721	4276	0.044362538136475456	1491
7757964	4523	0.045526662700363145	1492
6847951	4387	0.05335058684199099	1493
19524327	2947	0.038114004723857106	1494
19524316	2928	0.05263693865378597	1495
7751409	2648	0.054157352327495516	1496
7461174	2643	0.03994224354148389	1497
48865594	2635	0.04023970791085423	1498
15197186	2611	0.023824834647489846	1499
9001725	2596	0.019721562185871046	1500
16272469	2592	0.011213483844694004	1501
21049304	2696	0.01368667173814691	1502
19514897	2491	0.016661332461489264	1503
14607762	2447	0.018998738841112528	1504
7365144	2432	0.020252705752570342	1505
15197179	2485	0.023854783066230383	1506
6902933	2347	0.01267718832888516	1507
20805410	2313	0.047892825242284075	1508
7751408	2263	0.011303008668576989	1509
6902930	2252	0.019000456341887954	1510
16250137	2113	4.423399450309851E-4	1511
19214639	2224	0.014118849593480517	1512
7461171	2215	0.028960352561938983	1513
19227136	2212	0.05365264821940803	1514
14579493	2166	0.017556664482276135	1515
15197181	2016	4.479539458057861E-4	1516
1940049	2105	0.02666613949591843	1517
17915296	2083	0.03253369620420408	1518
17791429	2072	0.05131789402833108	1519
41522043	2016	0.03979273475263036	1520
16136122	6592	0.0506769516715727	431
32170732	5472	0.14245894011697055	374
19215921	5748	0.03691144754078203	1521
32870675	5708	0.19786937183168382	1522
14858769	5411	0.17026561778222665	1523
37062574	5278	0.2216549143375232	1524
1903418	5047	0.2160440242117262	1525
18769839	4920	0.011238050051504184	1526
18151385	4801	0.17657797262647504	1527
1964777	4433	0.10769283471638812	1528
7757964	4459	0.16595158659969722	1529
11220384	4782	0.033936060569558106	1530
19906425	4243	0.2118457892755996	1531
9009951	3973	0.21173765061791114	1532
15176721	4212	0.1617081761031202	1533
19591126	3963	0.10140866310330021	1534
6847951	4323	0.19447097606789251	1535
19591127	3674	0.19852276164023558	1536
36136934	3571	0.1986173303994516	1537
15603181	3682	0.029335047657224493	1538
15431724	3608	0.21058248967781742	1539
9001729	2717	0.2229969348011515	1540
13227229	2958	0.004404949887959082	1541
19524327	2592	0.13893132464422853	1542
19524316	2573	0.19186962024512808	1543
48865594	2571	0.1466798349807745	1544
18185281	2493	0.1543899043245913	1545
19531571	2472	0.16741473414027946	1546
18130746	2449	0.06693182525265803	1547
7770986	2410	0.009122252357197927	1548
18130744	2430	0.1696560849341033	1549
14607762	2383	0.06925328295699495	1550
7365144	2368	0.07382418242901548	1551
18464147	2358	0.09299388272197424	1552
21049304	2341	0.04988999314892893	1553
16253106	2341	0.11841211987314533	1554
7751409	2293	0.19741175855428994	1555
7461174	2288	0.14559553226395153	1556
6902933	2283	0.04621027310189542	1557
15197186	2256	0.08684513372412955	1558
9001725	2241	0.0718880836161924	1559
16272469	2237	0.040874848384663154	1560
7751408	2199	0.041201179938135914	1561
6902930	2188	0.06925954350766488	1562
19214639	2160	0.05146534694232909	1563
7461171	2151	0.10556487497824095	1564
19514897	2136	0.060733082392773925	1565
14579493	2102	0.06399670332543476	1566
19227136	2148	0.19557203557587283	1567
15197181	1952	0.0016328600345544772	1568
16250137	2049	0.0016123961507446339	1569
15197179	2130	0.08695430025010258	1570
17791429	2008	0.18706150264092916	1571
19531567	2456	0.17391540458069005	1572
20805410	1958	0.1745766077344315	1573
41522043	1952	0.14505055006562656	1574
6677293	1895	0.018114364247887153	1575
17915296	1771	0.11859025421156445	1576
16136122	6657	0.07460149547670136	375
32170732	5537	0.20971367902370186	1577
19215921	5813	0.05433730909068892	1578
32870675	5773	0.2912833262613051	1579
14858769	5476	0.25064786447965826	1580
37062574	5343	0.32629800222603245	1581
1903418	5112	0.31803821586294073	1582
18769839	4985	0.016543523484158593	1583
18151385	4866	0.2599402764308035	1584
1964777	4498	0.1585345261892397	1585
7757964	4524	0.24429718301334682	1586
11220384	4847	0.04995724457706682	1587
19906425	4308	0.3118579979479539	1588
9009951	4038	0.311698807126164	1589
15176721	4277	0.23805046219600617	1590
19591126	4028	0.14928360274761582	1591
6847951	4388	0.2862805508804265	1592
19591127	3739	0.29224518081725975	1593
36136934	3636	0.29238439540357924	1594
15603181	3747	0.043184097561591486	1595
15431724	3673	0.3099982957338104	1596
9001729	2782	0.3282735893567628	1597
13227229	3023	0.006484522811698896	1598
19524327	2657	0.20452067942422264	1599
19524316	2638	0.2824510972877371	1600
48865594	2636	0.21592725459806575	1601
18185281	2558	0.2272772408207069	1602
19531571	2537	0.24645108120631412	1603
18130746	2514	0.09853028041610648	1604
7770986	2475	0.01342885958045057	1605
18130744	2495	0.24975057171613788	1606
14607762	2448	0.10194769623763848	1607
7365144	2433	0.10867651328441594	1608
18464147	2423	0.13689621203352387	1609
21049304	2406	0.07344301453554616	1610
16253106	2406	0.1743143763333018	1611
7751409	2358	0.2906096741627175	1612
7461174	2353	0.21433105353315798	1613
6902933	2348	0.06802610192755505	1614
15197186	2321	0.12784464410333612	1615
9001725	2306	0.10582638394429049	1616
16272469	2302	0.06017182794737485	1617
7751408	2264	0.06065222033695812	1618
6902930	2253	0.10195691238871069	1619
19214639	2225	0.07576209145347514	1620
7461171	2216	0.15540195855161204	1621
19514897	2201	0.08940511656608188	1622
14579493	2167	0.0942094900379405	1623
19227136	2213	0.2879014196026912	1624
15197181	2017	0.002403731804378318	1625
16250137	2114	0.0023736069392252287	1626
15197179	2195	0.12800534804911334	1627
17791429	2073	0.2753730716395941	1628
19531567	2521	0.25602071237905605	1629
20805410	2023	0.25699406895351423	1630
41522043	2017	0.21352878572378559	1631
6677293	1960	0.02666613949591843	1632
17915296	1836	0.1745766077344315	1633
