18021634	4694	0.11433939840377856	0
16210652	4862	0.035928450210039584	17
21057006	4903	0.024652366185810945	18
13955186	4958	0.219428047826349	19
14579476	5080	0.33800753241883164	20
15178444	5238	0.007538907869238619	21
18754874	5271	0.09784850342909444	22
9001623	5559	0.03906739847768748	23
35497190	5594	0.09809609601154018	24
7459221	4879	0.28029203071084063	25
18021634	4590	0.2170490575559219	2
13955186	4679	0.41653753340432914	26
7459221	4816	0.5320748749384097	27
21057006	4857	0.04679728004390932	28
18754874	4992	0.18574459677969143	29
16210652	5012	0.06820253006750339	30
14579476	5102	0.6416354938236728	31
9001623	5280	0.07416115651403939	32
15178444	5388	0.01431101502074276	33
35497190	5616	0.18621459869878415	34
18021634	4859	0.2458613412742783	3
16210652	4862	0.07725610840938743	35
13955186	5123	0.4718310127998698	36
7459221	5260	0.6027054154657956	37
21057006	5422	0.05300940796123556	38
18754874	5436	0.21040135448152722	39
15178444	5542	0.016210737736512045	40
14579476	5599	0.7268097125002606	41
9001623	5724	0.08400571564930957	42
35497190	6113	0.2109337470361452	43
21057006	4851	0.051878854762746736	4
18021634	4894	0.24061775647579026	44
13955186	4967	0.461768080932055	45
14579476	5028	0.711308746223467	46
7459221	5104	0.5898512719956465	47
16210652	5316	0.07560843597114962	48
18754874	5504	0.2059140392402512	49
35497190	5542	0.20643507724237323	50
9001623	5568	0.08221409159291339	51
15178444	5692	0.015865004741129805	52
13955186	4703	0.36249275030076167	5
18021634	4838	0.1888874435410404	53
7459221	4840	0.4630393885660662	54
18754874	5016	0.16164466426322907	55
21057006	5089	0.04072544102104997	56
16210652	5260	0.05935340928242685	57
9001623	5304	0.06453891770700149	58
14579476	5347	0.5583847701449735	59
15178444	5636	0.012454193868356542	60
35497190	5861	0.16205368451863347	61
14579476	4994	0.7063990539664194	6
21057006	5427	0.05152076945466432	62
18021634	5438	0.23895693177463273	63
16210652	5441	0.07508656111072383	64
35497190	5676	0.20501019289264324	65
13955186	5702	0.45858080229455667	66
7459221	5839	0.5857799200850982	67
18754874	6015	0.2044927512700937	68
15178444	6121	0.015755499141277284	69
9001623	6303	0.08164662227518465	70
21057006	4834	0.033880463446803004	7
14579476	5289	0.46453357704266124	71
18021634	5404	0.15713995885629561	72
16210652	5826	0.049377513495728775	73
18754874	5922	0.1344760425334709	74
15178444	6202	0.010360940226482863	75
35497190	6940	0.134816316216574	76
13955186	5306	0.3015663444859463	77
7459221	5649	0.38521348536493166	78
14579476	5108	0.8892770156694497	8
21057006	5541	0.06485885824503897	79
18021634	5552	0.3008199203678087	80
16210652	5555	0.09452554134451101	81
35497190	5790	0.2580847914414883	82
13955186	5816	0.5773016894883772	83
7459221	5953	0.7374310826825203	84
18754874	6129	0.2574333905947569	85
15178444	6235	0.0198344026341288	86
9001623	6417	0.10278392105522068	87
21057006	4781	0.0279251418078819	9
14579476	5246	0.3828804182034592	88
18754874	5863	0.11083858293161228	89
15178444	6159	0.00853975110292724	90
18021634	5830	0.12951876061662473	91
13955186	5414	0.24855867002755702	92
16210652	5745	0.04069820557956212	93
7459221	5757	0.31750277625376494	94
35497190	5879	0.1111190451770318	95
9001623	5934	0.04425387138628393	96
18021634	4847	0.12881612699435527	1
13955186	4936	0.2472102500933601	97
7459221	5073	0.31578033755301077	98
21057006	5114	0.02777364913263203	99
18754874	5249	0.11023728845781035	100
16210652	5269	0.040477419590952496	101
14579476	5359	0.38080330864915574	102
9001623	5537	0.04401379606589363	103
15178444	5645	0.008493423325992358	104
35497190	5873	0.11051622920779192	105
21057006	5190	0.030789505463380735	10
18021634	5233	0.14280387956670296	106
13955186	5306	0.2740540614416522	107
14579476	5367	0.422153585081152	108
7459221	5443	0.35006996674747876	109
16210652	5655	0.044872739829311725	110
18754874	5843	0.12220762129712898	111
35497190	5881	0.12251685137721326	112
9001623	5907	0.04879312070097187	113
15178444	6031	0.009415698407134902	114
21057006	5098	0.016573251475799137	11
14579476	5563	0.2272351381311169	115
18754874	6180	0.06578142810463171	116
15178444	6476	0.005068244363564836	117
18021634	6147	0.07686789937543972	118
13955186	5731	0.14751672070987185	119
16210652	6062	0.02415391836948437	120
7459221	6074	0.18843425724816956	121
35497190	6196	0.06594787923153317	122
9001623	6251	0.026264165256827586	123
18021634	5080	0.06785912194732525	12
16210652	5248	0.021323123247261277	124
21057006	5289	0.014630896669452642	125
13955186	5344	0.13022803044256404	126
14579476	5466	0.2006035949264361	127
15178444	5624	0.004474255379949657	128
18754874	5657	0.05807196486297731	129
9001623	5945	0.02318605305321017	130
35497190	5980	0.058218908221784445	131
7459221	5265	0.16635010642352482	132
13955186	4789	0.21513529099404288	13
18021634	4924	0.11210253197507103	133
7459221	4926	0.2748085679457381	134
18754874	5102	0.09593425483696102	135
21057006	5175	0.024170082291728266	136
16210652	5346	0.03522556786823716	137
9001623	5390	0.038303107661646324	138
14579476	5433	0.3313949586912006	139
15178444	5722	0.007391421262196426	140
35497190	5947	0.09617700366875387	141
18021634	5557	0.1459158870221312	14
16210652	5560	0.04585061452934103	142
13955186	5821	0.28002629612452334	143
7459221	5958	0.3576987535125527	144
21057006	6120	0.03146047582386197	145
18754874	6134	0.12487079144167101	146
15178444	6240	0.009620886975750654	147
14579476	6297	0.4313532308337359	148
9001623	6422	0.04985642903584179	149
35497190	6811	0.12518676031847134	150
21057006	5103	0.020107666585313454	15
14579476	5558	0.2756953516743659	151
18021634	5673	0.09326076382849541	152
16210652	6095	0.02930498810156086	153
18754874	6191	0.07980998935333679	154
15178444	6471	0.006149099226803467	155
35497190	7209	0.08001193788271085	156
13955186	5575	0.17897616771967076	157
7459221	5918	0.22861978674071137	158
14579476	5835	0.5277757124290802	16
21057006	6268	0.03849298870256198	159
18021634	6279	0.1785331735639883	160
16210652	6282	0.056099824966563155	161
35497190	6517	0.15317036454338384	162
13955186	6543	0.34262193342180525	163
7459221	6680	0.4376568922532264	164
18754874	6856	0.15278376560975257	165
15178444	6962	0.011771490543868526	166
9001623	7144	0.06100107863502608	167
