19514897	16250137	284	547	1660	4062	138	12		1009321331	284	2644	26805	256233	65874	12		70835791576
19514897	18130267	284	547	1660	4062	126	19		1032537377	284	2644	26805	256233	54670	19		68185611707
19514897	18752428	284	547	1660	4062	107	16		844346439	284	2644	26805	256233	50166	16		66191905409
19514897	18752426	284	547	1660	4062	119	13		1089927031	284	2644	26805	256233	55740	13		65149788013
19514897	18130598	284	547	1660	4062	199	13		707497887	284	2644	26805	256233	83778	13		68380605482
19514897	14579088	284	547	1660	4062	131	15		1374825465	284	2644	26805	256233	61314	15		71610798824
19514897	18464147	284	547	1660	4062	164	20		984575350	284	2644	26805	256233	67000	20		80823661438
19514897	41522043	284	547	1660	4062	156	9		809831391	284	2644	26805	256233	74207	9		65280770918
19514897	14579494	284	547	1660	4062	127	12		616449577	284	2644	26805	256233	59681	12		71986678165
19514897	15197179	284	547	1660	4062	267	9		625660704	284	2644	26805	256233	100556	9		70585509128
19514897	16272469	284	547	1660	4062	135	9		630414841	284	2644	26805	256233	63510	9		67070246899
19514897	16211076	284	547	1660	4062	107	16		621170805	284	2644	26805	256233	50166	16		72549907985
19514897	16253106	284	547	1660	4062	245	12		989779574	284	2644	26805	256233	95713	12		93546976993
19514897	14579493	284	547	1660	4062	267	17		941374793	284	2644	26805	256233	101794	17		68099776161
19514897	49650310	284	547	1660	4062	260	21		679314563	284	2644	26805	256233	97290	21		66486946644
19514897	7770986	284	547	1660	4062	241	21		642708553	284	2644	26805	256233	93349	21		65885070820
19514897	17791429	284	547	1660	4062	280	9		627623229	284	2644	26805	256233	111253	9		66555425404
19514897	7461171	284	547	1660	4062	212	21		897325216	284	2644	26805	256233	81075	21		66791523141
19514897	6677293	284	547	1660	4062	311	9		630967460	284	2644	26805	256233	130734	9		67196950609
19514897	21057006	284	547	1660	4062	273	9		657808125	284	2644	26805	256233	105679	9		66299817665
19514897	18021634	284	547	1660	4062	318	21		633874678	284	2644	26805	256233	125779	21		65528491756
19514897	13955186	284	547	1660	4062	291	22		628323877	284	2644	26805	256233	112435	22		66172434641
19514897	16210652	284	547	1660	4062	339	21		636007141	284	2644	26805	256233	134731	21		67658308086
19514897	14579476	284	547	1660	4062	234	12		652775048	284	2644	26805	256233	92335	12		61357007927
19514897	7459221	284	547	1660	4062	192	14		704155845	284	2644	26805	256233	84285	14		68994990684
19514897	18754874	284	547	1660	4062	280	13		795821561	284	2644	26805	256233	103315	13		66577721665
19514897	35497190	284	547	1660	4062	253	12		913049247	284	2644	26805	256233	96839	12		65276690819
19514897	9001623	284	547	1660	4062	316	10		814352378	284	2644	26805	256233	125723	10		67830358621
19514897	15178444	284	547	1660	4062	223	21		800113879	284	2644	26805	256233	86142	21		68469992808
19514897	21057029	284	547	1660	4062	247	26		621604489	284	2644	26805	256233	87212	26		67452906460
19514897	21057015	284	547	1660	4062	247	26		640042710	284	2644	26805	256233	87212	26		66143063696
19514897	19514888	284	547	1660	4062	271	20		645105152	284	2644	26805	256233	97797	20		65926787650
19514897	21056991	284	547	1660	4062	262	12		681017456	284	2644	26805	256233	101906	12		60638412961
19514897	12998942	284	547	1660	4062	252	22		771160808	284	2644	26805	256233	89408	22		65561270469
19514897	18130742	284	547	1660	4062	281	21		623376582	284	2644	26805	256233	107987	21		65843311303
19514897	13303993	284	547	1660	4062	107	15		618133228	284	2644	26805	256233	50166	15		69961069242
19514897	15175195	284	547	1660	4062	246	21		623899605	284	2644	26805	256233	92279	21		67278704400
19514897	18295122	284	547	1660	4062	116	15		646258500	284	2644	26805	256233	55740	15		67392313445
19514897	21057002	284	547	1660	4062	262	21		632125350	284	2644	26805	256233	103483	21		68773925510
19514897	9001819	284	547	1660	4062	363	11		623028622	284	2644	26805	256233	141375	11		66014340729
19514897	18678374	284	547	1660	4062	231	12		637206457	284	2644	26805	256233	91828	12		64901989803
19514897	14581567	284	547	1660	4062	213	27		616876719	284	2644	26805	256233	80568	27		68182884495
19514897	7787802	284	547	1660	4062	329	14		662179854	284	2644	26805	256233	132479	14		64932158248
19514897	7810038	284	547	1660	4062	279	21		712780921	284	2644	26805	256233	106861	21		66478720663
19514897	7478255	284	547	1660	4062	185	28		695638947	284	2644	26805	256233	66098	28		67173564888
19514897	18022059	284	547	1660	4062	185	28		657724196	284	2644	26805	256233	66098	28		65485968406
19514897	14018640	284	547	1660	4062	305	12		709049006	284	2644	26805	256233	121331	12		64195672269
19514897	24529322	284	547	1660	4062	296	12		1206794469	284	2644	26805	256233	117953	12		62872556985
19514897	6590008	284	547	1660	4062	70	20		641477257	284	2644	26805	256233	33444	20		65072881927
16250137	19514897	251	1025	2804	4713	299	13		787284576	251	2377	23988	229347	89349	13		50585907649
16250137	18130267	251	1025	2804	4713	147	21		1164824306	251	2377	23988	229347	48933	21		51283138278
16250137	18752428	251	1025	2804	4713	126	21		1142147295	251	2377	23988	229347	44901	21		48706763958
16250137	18752426	251	1025	2804	4713	143	18		966120851	251	2377	23988	229347	49890	18		50056534221
16250137	18130598	251	1025	2804	4713	236	17		699629955	251	2377	23988	229347	74988	17		50248342554
16250137	14579088	251	1025	2804	4713	160	24		1431577853	251	2377	23988	229347	54879	24		50697712293
16250137	18464147	251	1025	2804	4713	194	22		720037632	251	2377	23988	229347	59970	22		51308993488
16250137	41522043	251	1025	2804	4713	188	14		864945020	251	2377	23988	229347	66420	14		50926039487
16250137	14579494	251	1025	2804	4713	152	17		811272338	251	2377	23988	229347	53418	17		52355457767
16250137	15197179	251	1025	2804	4713	312	11		1142653117	251	2377	23988	229347	90006	11		50134870661
16250137	16272469	251	1025	2804	4713	163	13		1056599616	251	2377	23988	229347	56844	13		49011077307
16250137	16211076	251	1025	2804	4713	126	21		1145201125	251	2377	23988	229347	44901	21		50757148218
16250137	16253106	251	1025	2804	4713	289	16		828556309	251	2377	23988	229347	85674	16		51410072412
16250137	14579493	251	1025	2804	4713	318	25		1252694496	251	2377	23988	229347	91116	25		53724538973
16250137	49650310	251	1025	2804	4713	309	24		1270233108	251	2377	23988	229347	87084	24		50775251950
16250137	7770986	251	1025	2804	4713	288	24		1202700168	251	2377	23988	229347	83556	24		50822929832
16250137	17791429	251	1025	2804	4713	333	14		941149186	251	2377	23988	229347	99582	14		52188706096
16250137	7461171	251	1025	2804	4713	248	29		792539426	251	2377	23988	229347	72570	29		52251246507
16250137	6677293	251	1025	2804	4713	372	14		948943993	251	2377	23988	229347	117018	14		52158451075
16250137	21057006	251	1025	2804	4713	324	14		1132037260	251	2377	23988	229347	94593	14		51587582170
16250137	18021634	251	1025	2804	4713	382	24		927623649	251	2377	23988	229347	112584	24		50329575024
16250137	13955186	251	1025	2804	4713	349	24		934318955	251	2377	23988	229347	100641	24		50847533704
16250137	16210652	251	1025	2804	4713	409	25		974640957	251	2377	23988	229347	120597	25		51949393612
16250137	14579476	251	1025	2804	4713	274	15		712469928	251	2377	23988	229347	82650	15		49998470678
16250137	7459221	251	1025	2804	4713	229	22		1491293288	251	2377	23988	229347	75441	22		52239934989
16250137	18754874	251	1025	2804	4713	328	16		780963969	251	2377	23988	229347	92475	16		52168932686
16250137	35497190	251	1025	2804	4713	296	15		692798040	251	2377	23988	229347	86682	15		50219898026
16250137	9001623	251	1025	2804	4713	378	14		1616138703	251	2377	23988	229347	112533	14		51153691231
16250137	15178444	251	1025	2804	4713	262	24		1138594783	251	2377	23988	229347	77106	24		50973545296
16250137	21057029	251	1025	2804	4713	280	31		700949932	251	2377	23988	229347	78063	31		49079469447
16250137	21057015	251	1025	2804	4713	280	31		768279594	251	2377	23988	229347	78063	31		51404461055
16250137	19514888	251	1025	2804	4713	313	28		645323393	251	2377	23988	229347	87537	28		52223801301
16250137	21056991	251	1025	2804	4713	308	15		641418958	251	2377	23988	229347	91218	15		50436252817
16250137	12998942	251	1025	2804	4713	291	25		793156132	251	2377	23988	229347	80028	25		51086834429
16250137	18130742	251	1025	2804	4713	336	24		610735610	251	2377	23988	229347	96660	24		49996700416
16250137	13303993	251	1025	2804	4713	126	21		920304553	251	2377	23988	229347	44901	21		51183037837
16250137	15175195	251	1025	2804	4713	292	24		1835882431	251	2377	23988	229347	82599	24		52545791372
16250137	18295122	251	1025	2804	4713	137	18		711946297	251	2377	23988	229347	49890	18		48803608770
16250137	21057002	251	1025	2804	4713	314	24		717885967	251	2377	23988	229347	92628	24		50397679877
16250137	9001819	251	1025	2804	4713	440	18		661311207	251	2377	23988	229347	126543	18		57535761599
16250137	18678374	251	1025	2804	4713	269	15		679374484	251	2377	23988	229347	82197	15		49082222517
16250137	14581567	251	1025	2804	4713	248	30		664524546	251	2377	23988	229347	72117	30		50725031134
16250137	7787802	251	1025	2804	4713	406	20		652051243	251	2377	23988	229347	118581	20		51234357537
16250137	7810038	251	1025	2804	4713	332	24		649914315	251	2377	23988	229347	95652	24		49980295917
16250137	7478255	251	1025	2804	4713	220	31		642955663	251	2377	23988	229347	59166	31		51402381482
16250137	18022059	251	1025	2804	4713	220	29		646531446	251	2377	23988	229347	59166	29		49220627053
16250137	14018640	251	1025	2804	4713	372	19		634737362	251	2377	23988	229347	108603	19		51518672173
16250137	24529322	251	1025	2804	4713	360	19		639039515	251	2377	23988	229347	105579	19		53363629029
16250137	6590008	251	1025	2804	4713	81	23		645801741	251	2377	23988	229347	29934	23		48582334234
18130267	19514897	35	376	1620	2939	175	6		602285253	35	376	3760	35949	14005	6		1866126072
18130267	16250137	35	376	1620	2939	95	8		605076536	35	376	3760	35949	9242	8		1831304594
18130267	18752428	35	376	1620	2939	75	13		594718316	35	376	3760	35949	7038	13		1829507745
18130267	18752426	35	376	1620	2939	83	9		600685031	35	376	3760	35949	7820	9		1827956139
18130267	18130598	35	376	1620	2939	140	10		597320144	35	376	3760	35949	11754	10		1838347628
18130267	14579088	35	376	1620	2939	91	11		606442256	35	376	3760	35949	8602	11		1815233311
18130267	18464147	35	376	1620	2939	117	16		602282837	35	376	3760	35949	9400	16		1820057440
18130267	41522043	35	376	1620	2939	107	6		592878224	35	376	3760	35949	10411	6		1840913510
18130267	14579494	35	376	1620	2939	88	8		620880459	35	376	3760	35949	8373	8		2045699931
18130267	15197179	35	376	1620	2939	196	6		720021352	35	376	3760	35949	14108	6		2018399819
18130267	16272469	35	376	1620	2939	93	6		617199149	35	376	3760	35949	8910	6		1881737649
18130267	16211076	35	376	1620	2939	75	13		640371176	35	376	3760	35949	7038	13		1903556905
18130267	16253106	35	376	1620	2939	180	9		671058749	35	376	3760	35949	13429	9		1887431971
18130267	14579493	35	376	1620	2939	192	11		634757272	35	376	3760	35949	14282	11		1867804968
18130267	49650310	35	376	1620	2939	192	17		611181457	35	376	3760	35949	13650	17		1906247083
18130267	7770986	35	376	1620	2939	177	17		607429280	35	376	3760	35949	13097	17		1839916515
18130267	17791429	35	376	1620	2939	203	6		595792991	35	376	3760	35949	15609	6		1857652014
18130267	7461171	35	376	1620	2939	154	18		607992414	35	376	3760	35949	11375	18		1832175921
18130267	6677293	35	376	1620	2939	225	6		601947656	35	376	3760	35949	18342	6		1861168460
18130267	21057006	35	376	1620	2939	198	6		601840407	35	376	3760	35949	14827	6		1868666045
18130267	18021634	35	376	1620	2939	233	17		606467028	35	376	3760	35949	17647	17		1879837274
18130267	13955186	35	376	1620	2939	214	17		598084253	35	376	3760	35949	15775	17		1857755409
18130267	16210652	35	376	1620	2939	247	17		607493177	35	376	3760	35949	18903	17		1887714899
18130267	14579476	35	376	1620	2939	170	8		599633523	35	376	3760	35949	12955	8		1859205560
18130267	7459221	35	376	1620	2939	134	12		612829816	35	376	3760	35949	11825	12		1852138384
18130267	18754874	35	376	1620	2939	205	10		610150737	35	376	3760	35949	14495	10		1892147528
18130267	35497190	35	376	1620	2939	185	8		597962622	35	376	3760	35949	13587	8		1863891582
18130267	9001623	35	376	1620	2939	230	7		602157586	35	376	3760	35949	17639	7		2005180565
18130267	15178444	35	376	1620	2939	163	17		748397202	35	376	3760	35949	12086	17		1866929109
18130267	21057029	35	376	1620	2939	186	20		696379478	35	376	3760	35949	12236	20		1864980677
18130267	21057015	35	376	1620	2939	186	20		607917967	35	376	3760	35949	12236	20		1866349313
18130267	19514888	35	376	1620	2939	201	19		614493609	35	376	3760	35949	13721	19		1873065374
18130267	21056991	35	376	1620	2939	192	8		605221548	35	376	3760	35949	14298	8		1864244672
18130267	12998942	35	376	1620	2939	186	18		603780224	35	376	3760	35949	12544	18		1857184420
18130267	18130742	35	376	1620	2939	208	17		626439890	35	376	3760	35949	15151	17		1881755469
18130267	13303993	35	376	1620	2939	75	12		599163290	35	376	3760	35949	7038	12		1817956675
18130267	15175195	35	376	1620	2939	181	17		651724855	35	376	3760	35949	12947	17		1929787538
18130267	18295122	35	376	1620	2939	81	13		600705931	35	376	3760	35949	7820	13		1823254824
18130267	21057002	35	376	1620	2939	193	17		606893779	35	376	3760	35949	14519	17		1866959934
18130267	9001819	35	376	1620	2939	266	8		607776839	35	376	3760	35949	19835	8		1894600247
18130267	18678374	35	376	1620	2939	169	8		924633472	35	376	3760	35949	12884	8		1935940369
18130267	14581567	35	376	1620	2939	156	20		672706162	35	376	3760	35949	11304	20		1937525566
18130267	7787802	35	376	1620	2939	240	10		633072756	35	376	3760	35949	18587	10		1930168461
18130267	7810038	35	376	1620	2939	205	17		980462164	35	376	3760	35949	14993	17		2004773672
18130267	7478255	35	376	1620	2939	140	19		667524812	35	376	3760	35949	9274	19		1951274399
18130267	18022059	35	376	1620	2939	140	21		635499434	35	376	3760	35949	9274	21		1884803996
18130267	14018640	35	376	1620	2939	224	8		655812800	35	376	3760	35949	17023	8		1896536486
18130267	24529322	35	376	1620	2939	218	8		630407174	35	376	3760	35949	16549	8		1898157726
18130267	6590008	35	376	1620	2939	50	14		621235737	35	376	3760	35949	4692	14		1838690734
18752428	19514897	35	376	1620	2939	175	6		679425537	35	376	3760	35949	14005	6		2153682430
18752428	16250137	35	376	1620	2939	95	8		617970150	35	376	3760	35949	9242	8		1854343248
18752428	18130267	35	376	1620	2939	90	15		601029005	35	376	3760	35949	7670	15		1838357813
18752428	18752426	35	376	1620	2939	83	9		604675646	35	376	3760	35949	7820	9		1828808408
18752428	18130598	35	376	1620	2939	140	10		609175446	35	376	3760	35949	11754	10		1863575259
18752428	14579088	35	376	1620	2939	91	11		616889353	35	376	3760	35949	8602	11		1838272955
18752428	18464147	35	376	1620	2939	117	16		609718981	35	376	3760	35949	9400	16		1846590501
18752428	41522043	35	376	1620	2939	107	6		605492102	35	376	3760	35949	10411	6		1857086735
18752428	14579494	35	376	1620	2939	88	8		599554621	35	376	3760	35949	8373	8		1841115193
18752428	15197179	35	376	1620	2939	196	6		612072604	35	376	3760	35949	14108	6		1869842698
18752428	16272469	35	376	1620	2939	93	6		592076286	35	376	3760	35949	8910	6		1848530307
18752428	16211076	35	376	1620	2939	75	13		610332506	35	376	3760	35949	7038	13		1814563988
18752428	16253106	35	376	1620	2939	180	9		607961880	35	376	3760	35949	13429	9		1862933719
18752428	14579493	35	376	1620	2939	192	11		604031988	35	376	3760	35949	14282	11		1902262684
18752428	49650310	35	376	1620	2939	192	17		606115862	35	376	3760	35949	13650	17		1858115032
18752428	7770986	35	376	1620	2939	177	17		607947305	35	376	3760	35949	13097	17		1866812936
18752428	17791429	35	376	1620	2939	203	6		601604513	35	376	3760	35949	15609	6		1891809382
18752428	7461171	35	376	1620	2939	154	18		610596005	35	376	3760	35949	11375	18		1860759113
18752428	6677293	35	376	1620	2939	225	6		600115235	35	376	3760	35949	18342	6		1919096252
18752428	21057006	35	376	1620	2939	198	6		598949415	35	376	3760	35949	14827	6		1882828598
18752428	18021634	35	376	1620	2939	233	17		608161550	35	376	3760	35949	17647	17		1901738680
18752428	13955186	35	376	1620	2939	214	17		608476899	35	376	3760	35949	15775	17		1868853079
18752428	16210652	35	376	1620	2939	247	17		617873556	35	376	3760	35949	18903	17		1893848414
18752428	14579476	35	376	1620	2939	170	8		603318891	35	376	3760	35949	12955	8		1866605849
18752428	7459221	35	376	1620	2939	134	12		601928471	35	376	3760	35949	11825	12		1868174793
18752428	18754874	35	376	1620	2939	205	10		603719568	35	376	3760	35949	14495	10		1872499562
18752428	35497190	35	376	1620	2939	185	8		608682432	35	376	3760	35949	13587	8		1860653887
18752428	9001623	35	376	1620	2939	230	7		625118742	35	376	3760	35949	17639	7		1874559381
18752428	15178444	35	376	1620	2939	163	17		615939133	35	376	3760	35949	12086	17		1866937524
18752428	21057029	35	376	1620	2939	186	20		586737630	35	376	3760	35949	12236	20		1860840292
18752428	21057015	35	376	1620	2939	186	20		601621048	35	376	3760	35949	12236	20		1867837843
18752428	19514888	35	376	1620	2939	201	19		607118113	35	376	3760	35949	13721	19		1872680105
18752428	21056991	35	376	1620	2939	192	8		605447112	35	376	3760	35949	14298	8		1889033633
18752428	12998942	35	376	1620	2939	186	18		606830822	35	376	3760	35949	12544	18		1891666113
18752428	18130742	35	376	1620	2939	208	17		622683934	35	376	3760	35949	15151	17		2043383741
18752428	13303993	35	376	1620	2939	75	12		776308556	35	376	3760	35949	7038	12		2018562774
18752428	15175195	35	376	1620	2939	181	17		659611998	35	376	3760	35949	12947	17		1939387442
18752428	18295122	35	376	1620	2939	81	13		680045337	35	376	3760	35949	7820	13		1934437047
18752428	21057002	35	376	1620	2939	193	17		646744985	35	376	3760	35949	14519	17		1893908561
18752428	9001819	35	376	1620	2939	266	8		640999055	35	376	3760	35949	19835	8		1943851315
18752428	18678374	35	376	1620	2939	169	8		629727746	35	376	3760	35949	12884	8		2123460823
18752428	14581567	35	376	1620	2939	156	20		595808480	35	376	3760	35949	11304	20		1873584412
18752428	7787802	35	376	1620	2939	240	10		606437007	35	376	3760	35949	18587	10		1896767682
18752428	7810038	35	376	1620	2939	205	17		617062992	35	376	3760	35949	14993	17		1902455411
18752428	7478255	35	376	1620	2939	140	19		608150239	35	376	3760	35949	9274	19		1842545243
18752428	18022059	35	376	1620	2939	140	21		627939465	35	376	3760	35949	9274	21		1857500561
18752428	14018640	35	376	1620	2939	224	8		606240214	35	376	3760	35949	17023	8		1879538198
18752428	24529322	35	376	1620	2939	218	8		603456315	35	376	3760	35949	16549	8		1899228518
18752428	6590008	35	376	1620	2939	50	14		603956383	35	376	3760	35949	4692	14		1827914563
18752426	19514897	168	642	2183	4002	242	12		637220339	168	1427	14573	139284	54264	12		18020290241
18752426	16250137	168	642	2183	4002	138	12		627281697	168	1427	14573	139284	35808	12		17728354573
18752426	18130267	168	642	2183	4002	121	17		630388999	168	1427	14573	139284	29718	17		17813241790
18752426	18752428	168	642	2183	4002	104	15		602733930	168	1427	14573	139284	27270	15		17918385982
18752426	18130598	168	642	2183	4002	197	14		624781253	168	1427	14573	139284	45540	14		17806963257
18752426	14579088	168	642	2183	4002	128	15		613590528	168	1427	14573	139284	33330	15		17776880027
18752426	18464147	168	642	2183	4002	156	18		629575369	168	1427	14573	139284	36420	18		17871152264
18752426	41522043	168	642	2183	4002	160	12		631444226	168	1427	14573	139284	40338	12		17712238440
18752426	14579494	168	642	2183	4002	126	13		618530877	168	1427	14573	139284	32442	13		17752071364
18752426	15197179	168	642	2183	4002	257	10		616756475	168	1427	14573	139284	54660	10		17841146435
18752426	16272469	168	642	2183	4002	137	12		616427454	168	1427	14573	139284	34524	12		17723150923
18752426	16211076	168	642	2183	4002	104	15		614117517	168	1427	14573	139284	27270	15		17697252992
18752426	16253106	168	642	2183	4002	236	12		619278885	168	1427	14573	139284	52026	12		17799327189
18752426	14579493	168	642	2183	4002	255	17		621931146	168	1427	14573	139284	55332	17		17785674164
18752426	49650310	168	642	2183	4002	246	19		628904410	168	1427	14573	139284	52884	19		17980423921
18752426	7770986	168	642	2183	4002	229	19		626196507	168	1427	14573	139284	50742	19		18120014502
18752426	17791429	168	642	2183	4002	274	12		654254396	168	1427	14573	139284	60474	12		18068945414
18752426	7461171	168	642	2183	4002	202	22		631452749	168	1427	14573	139284	44070	22		17996030525
18752426	6677293	168	642	2183	4002	306	12		624352078	168	1427	14573	139284	71064	12		18123570990
18752426	21057006	168	642	2183	4002	263	12		623976868	168	1427	14573	139284	57444	12		18127124012
18752426	18021634	168	642	2183	4002	307	20		814728150	168	1427	14573	139284	68370	20		17943362313
18752426	13955186	168	642	2183	4002	278	22		630971008	168	1427	14573	139284	61116	22		17981777955
18752426	16210652	168	642	2183	4002	328	21		625313063	168	1427	14573	139284	73236	21		18067385894
18752426	14579476	168	642	2183	4002	224	12		639205282	168	1427	14573	139284	50190	12		17990987487
18752426	7459221	168	642	2183	4002	187	16		615840248	168	1427	14573	139284	45816	16		17922944789
18752426	18754874	168	642	2183	4002	269	14		665572265	168	1427	14573	139284	56160	14		17993628166
18752426	35497190	168	642	2183	4002	240	12		623386681	168	1427	14573	139284	52638	12		17976740650
18752426	9001623	168	642	2183	4002	310	13		635647339	168	1427	14573	139284	68340	13		18211332169
18752426	15178444	168	642	2183	4002	212	20		623277607	168	1427	14573	139284	46824	20		17943093600
18752426	21057029	168	642	2183	4002	234	26		698080663	168	1427	14573	139284	47406	26		18136209556
18752426	21057015	168	642	2183	4002	234	26		668302492	168	1427	14573	139284	47406	26		17774385696
18752426	19514888	168	642	2183	4002	255	19		644810874	168	1427	14573	139284	53160	19		17572300276
18752426	21056991	168	642	2183	4002	251	12		681170739	168	1427	14573	139284	55392	12		17908529532
18752426	12998942	168	642	2183	4002	236	22		666298356	168	1427	14573	139284	48600	22		19280521778
18752426	18130742	168	642	2183	4002	267	20		656052066	168	1427	14573	139284	58698	20		17962852928
18752426	13303993	168	642	2183	4002	104	14		623800899	168	1427	14573	139284	27270	14		17841198303
18752426	15175195	168	642	2183	4002	230	19		628813455	168	1427	14573	139284	50160	19		18184919583
18752426	18295122	168	642	2183	4002	114	14		632163412	168	1427	14573	139284	30300	14		17713610098
18752426	21057002	168	642	2183	4002	251	20		645951608	168	1427	14573	139284	56250	20		17984069544
18752426	9001819	168	642	2183	4002	357	16		653441914	168	1427	14573	139284	76848	16		18069014739
18752426	18678374	168	642	2183	4002	223	12		644825280	168	1427	14573	139284	49914	12		17945951745
18752426	14581567	168	642	2183	4002	201	26		632091883	168	1427	14573	139284	43794	26		17873633724
18752426	7787802	168	642	2183	4002	325	18		875820969	168	1427	14573	139284	72012	18		18042363870
18752426	7810038	168	642	2183	4002	266	20		669708987	168	1427	14573	139284	58086	20		18034784717
18752426	7478255	168	642	2183	4002	173	27		1107332015	168	1427	14573	139284	35928	27		17916918277
18752426	18022059	168	642	2183	4002	173	26		629311470	168	1427	14573	139284	35928	26		17964076395
18752426	14018640	168	642	2183	4002	301	17		689860274	168	1427	14573	139284	65952	17		18298210393
18752426	24529322	168	642	2183	4002	293	17		650937652	168	1427	14573	139284	64116	17		17991181079
18752426	6590008	168	642	2183	4002	68	19		632593915	168	1427	14573	139284	18180	19		17763949259
18130598	19514897	128	557	1943	4296	263	11		636032633	128	1165	11756	112398	43788	11		11925893874
18130598	16250137	128	557	1943	4296	146	13		621382696	128	1165	11756	112398	28896	13		11907100769
18130598	18130267	128	557	1943	4296	136	21		627842149	128	1165	11756	112398	23981	21		11896971835
18130598	18752428	128	557	1943	4296	115	19		893154066	128	1165	11756	112398	22005	19		11896242146
18130598	18752426	128	557	1943	4296	127	13		630443064	128	1165	11756	112398	24450	13		11843153844
18130598	14579088	128	557	1943	4296	139	17		642304624	128	1165	11756	112398	26895	17		11821830094
18130598	18464147	128	557	1943	4296	177	22		649342484	128	1165	11756	112398	29390	22		11972888658
18130598	41522043	128	557	1943	4296	167	11		638468428	128	1165	11756	112398	32551	11		11899869647
18130598	14579494	128	557	1943	4296	135	12		817288195	128	1165	11756	112398	26179	12		11896960209
18130598	15197179	128	557	1943	4296	285	10		652761029	128	1165	11756	112398	44110	10		12008192455
18130598	16272469	128	557	1943	4296	146	11		639277364	128	1165	11756	112398	27858	11		11878381807
18130598	16211076	128	557	1943	4296	115	19		669816386	128	1165	11756	112398	22005	19		11971386692
18130598	16253106	128	557	1943	4296	263	14		698709196	128	1165	11756	112398	41987	14		11987396297
18130598	14579493	128	557	1943	4296	285	19		678446095	128	1165	11756	112398	44654	19		12054433315
18130598	49650310	128	557	1943	4296	279	22		746476579	128	1165	11756	112398	42678	22		11977984758
18130598	7770986	128	557	1943	4296	258	22		630119640	128	1165	11756	112398	40949	22		12003936960
18130598	17791429	128	557	1943	4296	304	11		650324360	128	1165	11756	112398	48803	11		11935095000
18130598	7461171	128	557	1943	4296	229	21		627118629	128	1165	11756	112398	35565	21		11901009774
18130598	6677293	128	557	1943	4296	336	11		656605989	128	1165	11756	112398	57348	11		12046419207
18130598	21057006	128	557	1943	4296	297	11		638673315	128	1165	11756	112398	46358	11		12008078856
18130598	18021634	128	557	1943	4296	339	22		692184560	128	1165	11756	112398	55175	22		12110835651
18130598	13955186	128	557	1943	4296	312	22		651658556	128	1165	11756	112398	49322	22		12017278193
18130598	16210652	128	557	1943	4296	360	22		623644276	128	1165	11756	112398	59102	22		12012592494
18130598	14579476	128	557	1943	4296	253	13		649361426	128	1165	11756	112398	40505	13		11952770329
18130598	7459221	128	557	1943	4296	203	13		630819343	128	1165	11756	112398	36972	13		11948998511
18130598	18754874	128	557	1943	4296	303	15		619218234	128	1165	11756	112398	45320	15		11903662578
18130598	35497190	128	557	1943	4296	274	13		637284620	128	1165	11756	112398	42481	13		11946937457
18130598	9001623	128	557	1943	4296	342	12		650741642	128	1165	11756	112398	55150	12		12072756426
18130598	15178444	128	557	1943	4296	242	22		621397536	128	1165	11756	112398	37788	22		11909413623
18130598	21057029	128	557	1943	4296	264	25		616932547	128	1165	11756	112398	38257	25		11920566947
18130598	21057015	128	557	1943	4296	264	25		642229101	128	1165	11756	112398	38257	25		11948515121
18130598	19514888	128	557	1943	4296	292	22		621859087	128	1165	11756	112398	42900	22		11934215835
18130598	21056991	128	557	1943	4296	284	13		628894541	128	1165	11756	112398	44704	13		12026041369
18130598	12998942	128	557	1943	4296	271	23		749803018	128	1165	11756	112398	39220	23		11968892789
18130598	18130742	128	557	1943	4296	302	22		640492900	128	1165	11756	112398	47371	22		11945520209
18130598	13303993	128	557	1943	4296	115	17		637180460	128	1165	11756	112398	22005	17		11857521095
18130598	15175195	128	557	1943	4296	267	22		713637997	128	1165	11756	112398	40480	22		12095106728
18130598	18295122	128	557	1943	4296	125	16		744505376	128	1165	11756	112398	24450	16		11896269314
18130598	21057002	128	557	1943	4296	281	22		626699096	128	1165	11756	112398	45395	22		11940088620
18130598	9001819	128	557	1943	4296	387	14		641641538	128	1165	11756	112398	62016	14		12010259086
18130598	18678374	128	557	1943	4296	251	13		674469439	128	1165	11756	112398	40283	13		11966407758
18130598	14581567	128	557	1943	4296	231	27		615415580	128	1165	11756	112398	35343	27		11903426166
18130598	7787802	128	557	1943	4296	352	19		645715415	128	1165	11756	112398	58114	19		12091588205
18130598	7810038	128	557	1943	4296	298	22		637218206	128	1165	11756	112398	46877	22		11979641477
18130598	7478255	128	557	1943	4296	203	28		609331728	128	1165	11756	112398	28996	28		11963718872
18130598	18022059	128	557	1943	4296	203	28		639828332	128	1165	11756	112398	28996	28		11915531887
18130598	14018640	128	557	1943	4296	328	14		647989811	128	1165	11756	112398	53224	14		11973706741
18130598	24529322	128	557	1943	4296	318	14		642145846	128	1165	11756	112398	51742	14		12031307573
18130598	6590008	128	557	1943	4296	77	24		624652333	128	1165	11756	112398	14670	24		11791061175
14579088	19514897	176	788	2603	3756	250	13		632462846	176	1625	16468	157449	61339	13		23264067691
14579088	16250137	176	788	2603	3756	142	13		683472432	176	1625	16468	157449	40478	13		22667747694
14579088	18130267	176	788	2603	3756	125	15		633666528	176	1625	16468	157449	33593	15		22727668529
14579088	18752428	176	788	2603	3756	110	17		625112805	176	1625	16468	157449	30825	17		22459744954
14579088	18752426	176	788	2603	3756	125	16		653644849	176	1625	16468	157449	34250	16		22599734469
14579088	18130598	176	788	2603	3756	197	17		633517593	176	1625	16468	157449	51480	17		22545806464
14579088	18464147	176	788	2603	3756	159	16		632620670	176	1625	16468	157449	41170	16		22553759971
14579088	41522043	176	788	2603	3756	166	14		644470486	176	1625	16468	157449	45598	14		22591747109
14579088	14579494	176	788	2603	3756	132	16		663466220	176	1625	16468	157449	36672	16		22674308480
14579088	15197179	176	788	2603	3756	250	9		640636443	176	1625	16468	157449	61790	9		22473821114
14579088	16272469	176	788	2603	3756	145	13		658889947	176	1625	16468	157449	39024	13		22641083410
14579088	16211076	176	788	2603	3756	110	17		669346544	176	1625	16468	157449	30825	17		22718378489
14579088	16253106	176	788	2603	3756	236	14		641508014	176	1625	16468	157449	58816	14		22692784360
14579088	14579493	176	788	2603	3756	256	20		633886527	176	1625	16468	157449	62552	20		22722621772
14579088	49650310	176	788	2603	3756	248	18		630880429	176	1625	16468	157449	59784	18		22739212125
14579088	7770986	176	788	2603	3756	234	18		643070158	176	1625	16468	157449	57362	18		22778175207
14579088	17791429	176	788	2603	3756	273	14		642532158	176	1625	16468	157449	68364	14		22745935766
14579088	7461171	176	788	2603	3756	202	23		672733576	176	1625	16468	157449	49820	23		22863258031
14579088	6677293	176	788	2603	3756	305	14		657258575	176	1625	16468	157449	80334	14		23062177680
14579088	21057006	176	788	2603	3756	263	14		634791424	176	1625	16468	157449	64939	14		22683313808
14579088	18021634	176	788	2603	3756	311	20		637240325	176	1625	16468	157449	77290	20		22830416081
14579088	13955186	176	788	2603	3756	282	19		625432588	176	1625	16468	157449	69091	19		22626134247
14579088	16210652	176	788	2603	3756	334	21		664205877	176	1625	16468	157449	82791	21		22787745668
14579088	14579476	176	788	2603	3756	223	13		639528883	176	1625	16468	157449	56740	13		22720828435
14579088	7459221	176	788	2603	3756	193	17		639481828	176	1625	16468	157449	51791	17		22629133207
14579088	18754874	176	788	2603	3756	270	15		664355976	176	1625	16468	157449	63485	15		22686352113
14579088	35497190	176	788	2603	3756	236	13		627439131	176	1625	16468	157449	59508	13		22899899475
14579088	9001623	176	788	2603	3756	314	14		644870394	176	1625	16468	157449	77255	14		22823146669
14579088	15178444	176	788	2603	3756	213	20		604039976	176	1625	16468	157449	52934	20		22703404186
14579088	21057029	176	788	2603	3756	224	24		647837725	176	1625	16468	157449	53591	24		22846281626
14579088	21057015	176	788	2603	3756	224	24		633955821	176	1625	16468	157449	53591	24		22692110714
14579088	19514888	176	788	2603	3756	252	21		656195982	176	1625	16468	157449	60095	21		22660470150
14579088	21056991	176	788	2603	3756	247	13		629959510	176	1625	16468	157449	62622	13		22748102851
14579088	12998942	176	788	2603	3756	232	22		627213336	176	1625	16468	157449	54940	22		22846881509
14579088	18130742	176	788	2603	3756	271	20		635456565	176	1625	16468	157449	66358	20		22985590794
14579088	13303993	176	788	2603	3756	110	16		623312844	176	1625	16468	157449	30825	16		22430062037
14579088	15175195	176	788	2603	3756	232	18		619516659	176	1625	16468	157449	56705	18		22817970013
14579088	18295122	176	788	2603	3756	119	13		669249510	176	1625	16468	157449	34250	13		22692260333
14579088	21057002	176	788	2603	3756	258	20		632081100	176	1625	16468	157449	63590	20		22936668670
14579088	9001819	176	788	2603	3756	359	21		718009440	176	1625	16468	157449	86873	21		23360785151
14579088	18678374	176	788	2603	3756	220	13		642927289	176	1625	16468	157449	56429	13		22683008772
14579088	14581567	176	788	2603	3756	200	23		723484479	176	1625	16468	157449	49509	23		23312981995
14579088	7787802	176	788	2603	3756	336	24		685765597	176	1625	16468	157449	81407	24		23061212178
14579088	7810038	176	788	2603	3756	270	20		772870937	176	1625	16468	157449	65666	20		23009620012
14579088	7478255	176	788	2603	3756	169	23		638027279	176	1625	16468	157449	40618	23		22664368506
14579088	18022059	176	788	2603	3756	169	21		692164992	176	1625	16468	157449	40618	21		22895141650
14579088	14018640	176	788	2603	3756	308	22		654178179	176	1625	16468	157449	74557	22		22785937607
14579088	24529322	176	788	2603	3756	298	22		637113198	176	1625	16468	157449	72481	22		22994889121
14579088	6590008	176	788	2603	3756	71	22		619157155	176	1625	16468	157449	20550	22		22401610176
18464147	19514897	284	957	2666	3334	213	11		720160298	284	2597	26329	251682	98052	11		61761049366
18464147	16250137	284	957	2666	3334	115	9		777797539	284	2597	26329	251682	64704	9		62836625721
18464147	18130267	284	957	2666	3334	105	16		614687457	284	2597	26329	251682	53699	16		61803687477
18464147	18752428	284	957	2666	3334	89	15		634734829	284	2597	26329	251682	49275	15		62695168316
18464147	18752426	284	957	2666	3334	100	13		644522739	284	2597	26329	251682	54750	13		63048383803
18464147	18130598	284	957	2666	3334	168	11		649437736	284	2597	26329	251682	82290	11		64236825756
18464147	14579088	284	957	2666	3334	111	15		643691407	284	2597	26329	251682	60225	15		58785226293
18464147	41522043	284	957	2666	3334	133	11		662834626	284	2597	26329	251682	72889	11		64190335839
18464147	14579494	284	957	2666	3334	106	11		677284774	284	2597	26329	251682	58621	11		64185332677
18464147	15197179	284	957	2666	3334	231	7		666451352	284	2597	26329	251682	98770	7		62238992016
18464147	16272469	284	957	2666	3334	115	11		674043596	284	2597	26329	251682	62382	11		63010392960
18464147	16211076	284	957	2666	3334	89	15		689581814	284	2597	26329	251682	49275	15		63622573783
18464147	16253106	284	957	2666	3334	210	11		673879379	284	2597	26329	251682	94013	11		64959615011
18464147	14579493	284	957	2666	3334	224	14		719958664	284	2597	26329	251682	99986	14		59817229822
18464147	49650310	284	957	2666	3334	224	18		685790712	284	2597	26329	251682	95562	18		64696866122
18464147	7770986	284	957	2666	3334	208	18		738733109	284	2597	26329	251682	91691	18		65127667381
18464147	17791429	284	957	2666	3334	238	11		626144539	284	2597	26329	251682	109277	11		63234660037
18464147	7461171	284	957	2666	3334	176	22		658233740	284	2597	26329	251682	79635	22		65250891014
18464147	6677293	284	957	2666	3334	269	11		646261139	284	2597	26329	251682	128412	11		65003449614
18464147	21057006	284	957	2666	3334	231	11		651838969	284	2597	26329	251682	103802	11		62612594072
18464147	18021634	284	957	2666	3334	278	19		635080478	284	2597	26329	251682	123545	19		63932445567
18464147	13955186	284	957	2666	3334	251	20		624226285	284	2597	26329	251682	110438	20		61834040782
18464147	16210652	284	957	2666	3334	296	20		675044845	284	2597	26329	251682	132338	20		75137827911
18464147	14579476	284	957	2666	3334	195	9		651352492	284	2597	26329	251682	90695	9		63311206085
18464147	7459221	284	957	2666	3334	160	16		676086413	284	2597	26329	251682	82788	16		63682371789
18464147	18754874	284	957	2666	3334	240	14		666767990	284	2597	26329	251682	101480	14		62880093731
18464147	35497190	284	957	2666	3334	211	9		679818867	284	2597	26329	251682	95119	9		62639531087
18464147	9001623	284	957	2666	3334	276	12		645074210	284	2597	26329	251682	123490	12		64609131554
18464147	15178444	284	957	2666	3334	186	19		638200469	284	2597	26329	251682	84612	19		62139037224
18464147	21057029	284	957	2666	3334	216	24		1313240212	284	2597	26329	251682	85663	24		64374507367
18464147	21057015	284	957	2666	3334	216	24		697444215	284	2597	26329	251682	85663	24		61792248503
18464147	19514888	284	957	2666	3334	231	20		717264004	284	2597	26329	251682	96060	20		64876766411
18464147	21056991	284	957	2666	3334	220	9		754756654	284	2597	26329	251682	100096	9		61141598010
18464147	12998942	284	957	2666	3334	213	20		644634726	284	2597	26329	251682	87820	20		63919154096
18464147	18130742	284	957	2666	3334	243	19		692946253	284	2597	26329	251682	106069	19		65478737155
18464147	13303993	284	957	2666	3334	89	14		948302908	284	2597	26329	251682	49275	14		65723732686
18464147	15175195	284	957	2666	3334	207	18		700303742	284	2597	26329	251682	90640	18		65412471576
18464147	18295122	284	957	2666	3334	96	14		656171295	284	2597	26329	251682	54750	14		62675968499
18464147	21057002	284	957	2666	3334	227	19		748232072	284	2597	26329	251682	101645	19		65412099055
18464147	9001819	284	957	2666	3334	326	16		678748144	284	2597	26329	251682	138864	16		63071492507
18464147	18678374	284	957	2666	3334	193	9		697410048	284	2597	26329	251682	90197	9		64875529488
18464147	14581567	284	957	2666	3334	177	24		661861398	284	2597	26329	251682	79137	24		62600496514
18464147	7787802	284	957	2666	3334	295	18		680140923	284	2597	26329	251682	130126	18		62926031383
18464147	7810038	284	957	2666	3334	239	19		701062791	284	2597	26329	251682	104963	19		62435116554
18464147	7478255	284	957	2666	3334	159	24		680637747	284	2597	26329	251682	64924	24		62885615770
18464147	18022059	284	957	2666	3334	159	24		653628970	284	2597	26329	251682	64924	24		62226126525
18464147	14018640	284	957	2666	3334	273	17		658130821	284	2597	26329	251682	119176	17		63543280644
18464147	24529322	284	957	2666	3334	267	17		642950250	284	2597	26329	251682	115858	17		60803550700
18464147	6590008	284	957	2666	3334	58	15		639620460	284	2597	26329	251682	32850	15		62867352386
41522043	19514897	176	788	2418	3337	241	14		618672253	176	1625	16468	157449	61339	14		22838290038
41522043	16250137	176	788	2418	3337	139	12		618687807	176	1625	16468	157449	40478	12		22799048106
41522043	18130267	176	788	2418	3337	124	17		667062932	176	1625	16468	157449	33593	17		22571545427
41522043	18752428	176	788	2418	3337	107	15		619949359	176	1625	16468	157449	30825	15		22473113079
41522043	18752426	176	788	2418	3337	120	14		640447452	176	1625	16468	157449	34250	14		22962052919
41522043	18130598	176	788	2418	3337	193	16		681772480	176	1625	16468	157449	51480	16		22857786432
41522043	14579088	176	788	2418	3337	133	17		640987749	176	1625	16468	157449	37675	17		22475614418
41522043	18464147	176	788	2418	3337	159	18		675597358	176	1625	16468	157449	41170	18		22858398287
41522043	14579494	176	788	2418	3337	127	16		646569017	176	1625	16468	157449	36672	16		22933803284
41522043	15197179	176	788	2418	3337	256	9		635790121	176	1625	16468	157449	61790	9		22995592185
41522043	16272469	176	788	2418	3337	139	14		636524062	176	1625	16468	157449	39024	14		22797963484
41522043	16211076	176	788	2418	3337	107	15		621305604	176	1625	16468	157449	30825	15		22526588326
41522043	16253106	176	788	2418	3337	240	14		626943659	176	1625	16468	157449	58816	14		22886471774
41522043	14579493	176	788	2418	3337	259	20		626004421	176	1625	16468	157449	62552	20		23316314329
41522043	49650310	176	788	2418	3337	253	21		634577904	176	1625	16468	157449	59784	21		22841995213
41522043	7770986	176	788	2418	3337	236	21		639709331	176	1625	16468	157449	57362	21		22885096301
41522043	17791429	176	788	2418	3337	279	15		630568734	176	1625	16468	157449	68364	15		22818183711
41522043	7461171	176	788	2418	3337	203	22		639008973	176	1625	16468	157449	49820	22		22780546110
41522043	6677293	176	788	2418	3337	311	15		638856480	176	1625	16468	157449	80334	15		23134249233
41522043	21057006	176	788	2418	3337	271	15		626513457	176	1625	16468	157449	64939	15		22822915535
41522043	18021634	176	788	2418	3337	314	21		656322856	176	1625	16468	157449	77290	21		22905583969
41522043	13955186	176	788	2418	3337	286	19		662852473	176	1625	16468	157449	69091	19		22325437924
41522043	16210652	176	788	2418	3337	333	22		626640306	176	1625	16468	157449	82791	22		24206683295
41522043	14579476	176	788	2418	3337	228	12		646975256	176	1625	16468	157449	56740	12		22575282150
41522043	7459221	176	788	2418	3337	188	17		754496095	176	1625	16468	157449	51791	17		22962949312
41522043	18754874	176	788	2418	3337	268	17		818576711	176	1625	16468	157449	63485	17		22739085952
41522043	35497190	176	788	2418	3337	246	12		853645983	176	1625	16468	157449	59508	12		22792855451
41522043	9001623	176	788	2418	3337	314	15		640110692	176	1625	16468	157449	77255	15		23086575344
41522043	15178444	176	788	2418	3337	216	21		636963959	176	1625	16468	157449	52934	21		22580540869
41522043	21057029	176	788	2418	3337	230	22		644549099	176	1625	16468	157449	53591	22		22587179409
41522043	21057015	176	788	2418	3337	230	22		624232891	176	1625	16468	157449	53591	22		22532352490
41522043	19514888	176	788	2418	3337	253	20		638047458	176	1625	16468	157449	60095	20		23776822169
41522043	21056991	176	788	2418	3337	257	12		628072032	176	1625	16468	157449	62622	12		23040222531
41522043	12998942	176	788	2418	3337	234	22		637235861	176	1625	16468	157449	54940	22		23009622148
41522043	18130742	176	788	2418	3337	277	21		675941421	176	1625	16468	157449	66358	21		22742674880
41522043	13303993	176	788	2418	3337	107	15		610738191	176	1625	16468	157449	30825	15		23711093511
41522043	15175195	176	788	2418	3337	240	21		626837354	176	1625	16468	157449	56705	21		22589790521
41522043	18295122	176	788	2418	3337	116	13		628170601	176	1625	16468	157449	34250	13		22465662022
41522043	21057002	176	788	2418	3337	259	21		758274789	176	1625	16468	157449	63590	21		22775672803
41522043	9001819	176	788	2418	3337	353	21		714204603	176	1625	16468	157449	86873	21		22792354982
41522043	18678374	176	788	2418	3337	226	12		794895404	176	1625	16468	157449	56429	12		22671618768
41522043	14581567	176	788	2418	3337	206	22		632536683	176	1625	16468	157449	49509	22		22813771878
41522043	7787802	176	788	2418	3337	332	25		655972201	176	1625	16468	157449	81407	25		23248558177
41522043	7810038	176	788	2418	3337	273	21		640659178	176	1625	16468	157449	65666	21		22750260768
41522043	7478255	176	788	2418	3337	182	22		623221344	176	1625	16468	157449	40618	22		22706448630
41522043	18022059	176	788	2418	3337	182	20		715394062	176	1625	16468	157449	40618	20		23325020320
41522043	14018640	176	788	2418	3337	306	22		680963849	176	1625	16468	157449	74557	22		22753252856
41522043	24529322	176	788	2418	3337	298	23		654082211	176	1625	16468	157449	72481	23		22955883693
41522043	6590008	176	788	2418	3337	70	23		638520617	176	1625	16468	157449	20550	23		22415926860
14579494	19514897	213	841	2465	4552	286	16		631738044	213	2001	20228	193398	75344	16		34831519675
14579494	16250137	213	841	2465	4552	157	15		646722238	213	2001	20228	193398	49720	15		33927060473
14579494	18130267	213	841	2465	4552	141	21		628927568	213	2001	20228	193398	41263	21		34634358481
14579494	18752428	213	841	2465	4552	120	19		642969894	213	2001	20228	193398	37863	19		33961541996
14579494	18752426	213	841	2465	4552	136	17		645932343	213	2001	20228	193398	42070	17		33982284588
14579494	18130598	213	841	2465	4552	225	19		670827303	213	2001	20228	193398	63234	19		34723333474
14579494	14579088	213	841	2465	4552	152	23		646445017	213	2001	20228	193398	46277	23		33850531915
14579494	18464147	213	841	2465	4552	183	22		629953704	213	2001	20228	193398	50570	22		34338118293
14579494	41522043	213	841	2465	4552	184	17		664986818	213	2001	20228	193398	56009	17		34207211103
14579494	15197179	213	841	2465	4552	300	11		624563795	213	2001	20228	193398	75898	11		34912981148
14579494	16272469	213	841	2465	4552	159	16		656159307	213	2001	20228	193398	47934	16		34568010164
14579494	16211076	213	841	2465	4552	120	19		693079682	213	2001	20228	193398	37863	19		34310095845
14579494	16253106	213	841	2465	4552	279	17		642541323	213	2001	20228	193398	72245	17		34713172628
14579494	14579493	213	841	2465	4552	304	26		656797185	213	2001	20228	193398	76834	26		34904799709
14579494	49650310	213	841	2465	4552	299	25		648394148	213	2001	20228	193398	73434	25		33961266557
14579494	7770986	213	841	2465	4552	278	25		660945553	213	2001	20228	193398	70459	25		34330089322
14579494	17791429	213	841	2465	4552	325	17		653910981	213	2001	20228	193398	83973	17		34574609496
14579494	7461171	213	841	2465	4552	238	24		662230585	213	2001	20228	193398	61195	24		33723405208
14579494	6677293	213	841	2465	4552	360	17		625770387	213	2001	20228	193398	98676	17		34686523596
14579494	21057006	213	841	2465	4552	317	17		645659409	213	2001	20228	193398	79766	17		34120420168
14579494	18021634	213	841	2465	4552	373	25		648402232	213	2001	20228	193398	94937	25		34664115542
14579494	13955186	213	841	2465	4552	338	23		675252878	213	2001	20228	193398	84866	23		34945553095
14579494	16210652	213	841	2465	4552	396	26		663521101	213	2001	20228	193398	101694	26		35116958308
14579494	14579476	213	841	2465	4552	266	15		625733976	213	2001	20228	193398	69695	15		35491766710
14579494	7459221	213	841	2465	4552	214	18		674912898	213	2001	20228	193398	63616	18		34495108967
14579494	18754874	213	841	2465	4552	317	19		646769894	213	2001	20228	193398	77980	19		34994877966
14579494	35497190	213	841	2465	4552	286	15		664176325	213	2001	20228	193398	73095	15		34052431827
14579494	9001623	213	841	2465	4552	374	16		649870895	213	2001	20228	193398	94894	16		34627051815
14579494	15178444	213	841	2465	4552	253	25		656328286	213	2001	20228	193398	65020	25		34704570867
14579494	21057029	213	841	2465	4552	274	31		633139619	213	2001	20228	193398	65827	31		34840667339
14579494	21057015	213	841	2465	4552	274	31		662453269	213	2001	20228	193398	65827	31		34495660441
14579494	19514888	213	841	2465	4552	303	24		650743861	213	2001	20228	193398	73816	24		35201231558
14579494	21056991	213	841	2465	4552	298	15		687538189	213	2001	20228	193398	76920	15		34084056332
14579494	12998942	213	841	2465	4552	278	25		652343136	213	2001	20228	193398	67484	25		34302437066
14579494	18130742	213	841	2465	4552	326	25		644824517	213	2001	20228	193398	81509	25		34308234241
14579494	13303993	213	841	2465	4552	120	19		632262792	213	2001	20228	193398	37863	19		34374104359
14579494	15175195	213	841	2465	4552	281	25		640623745	213	2001	20228	193398	69652	25		34615780293
14579494	18295122	213	841	2465	4552	131	16		1023022504	213	2001	20228	193398	42070	16		34636169371
14579494	21057002	213	841	2465	4552	306	25		914076765	213	2001	20228	193398	78109	25		34569143642
14579494	9001819	213	841	2465	4552	429	23		963090434	213	2001	20228	193398	106708	23		35597453432
14579494	18678374	213	841	2465	4552	262	15		694920591	213	2001	20228	193398	69313	15		34837541098
14579494	14581567	213	841	2465	4552	241	31		722761780	213	2001	20228	193398	60813	31		34408900281
14579494	7787802	213	841	2465	4552	398	26		761592525	213	2001	20228	193398	99994	26		34091059481
14579494	7810038	213	841	2465	4552	322	25		752131434	213	2001	20228	193398	80659	25		35106867468
14579494	7478255	213	841	2465	4552	213	30		722062290	213	2001	20228	193398	49892	30		34108386070
14579494	18022059	213	841	2465	4552	213	28		739990545	213	2001	20228	193398	49892	28		33880483701
14579494	14018640	213	841	2465	4552	366	24		668237795	213	2001	20228	193398	91580	24		34596198524
14579494	24529322	213	841	2465	4552	356	24		673724905	213	2001	20228	193398	89030	24		34616174062
14579494	6590008	213	841	2465	4552	77	24		690186848	213	2001	20228	193398	25242	24		34059036595
15197179	19514897	399	918	2795	5046	301	16		746327118	399	3767	38085	364080	141840	16		170048207792
15197179	16250137	399	918	2795	5046	173	15		717689883	399	3767	38085	364080	93600	15		170866598229
15197179	18130267	399	918	2795	5046	151	18		952271073	399	3767	38085	364080	77680	18		170133270151
15197179	18752428	399	918	2795	5046	133	20		728211758	399	3767	38085	364080	71280	20		168892316699
15197179	18752426	399	918	2795	5046	149	17		770003481	399	3767	38085	364080	79200	17		168243952963
15197179	18130598	399	918	2795	5046	237	17		770276125	399	3767	38085	364080	119040	17		167686353852
15197179	14579088	399	918	2795	5046	165	23		704606076	399	3767	38085	364080	87120	23		158868723067
15197179	18464147	399	918	2795	5046	194	19		824440433	399	3767	38085	364080	95200	19		148497759849
15197179	41522043	399	918	2795	5046	201	16		719775622	399	3767	38085	364080	105440	16		170861637454
15197179	14579494	399	918	2795	5046	159	15		795696076	399	3767	38085	364080	84800	15		171130405793
15197179	16272469	399	918	2795	5046	174	16		750080619	399	3767	38085	364080	90240	16		148721558998
15197179	16211076	399	918	2795	5046	133	20		654036487	399	3767	38085	364080	71280	20		170582539170
15197179	16253106	399	918	2795	5046	288	14		662575503	399	3767	38085	364080	136000	14		149124960404
15197179	14579493	399	918	2795	5046	308	20		669045542	399	3767	38085	364080	144640	20		168571312445
15197179	49650310	399	918	2795	5046	301	20		699100188	399	3767	38085	364080	138240	20		168666949801
15197179	7770986	399	918	2795	5046	283	20		666992271	399	3767	38085	364080	132640	20		198921570105
15197179	17791429	399	918	2795	5046	331	16		668027933	399	3767	38085	364080	158080	16		169081185736
15197179	7461171	399	918	2795	5046	242	23		711779993	399	3767	38085	364080	115200	23		169812696084
15197179	6677293	399	918	2795	5046	372	16		645932722	399	3767	38085	364080	185760	16		169602732913
15197179	21057006	399	918	2795	5046	318	16		746693644	399	3767	38085	364080	150160	16		150698980341
15197179	18021634	399	918	2795	5046	378	22		675266066	399	3767	38085	364080	178720	22		177370584614
15197179	13955186	399	918	2795	5046	339	24		673973734	399	3767	38085	364080	159760	24		170134040278
15197179	16210652	399	918	2795	5046	404	23		693958980	399	3767	38085	364080	191440	23		170798849445
15197179	14579476	399	918	2795	5046	268	15		662142225	399	3767	38085	364080	131200	15		169186424569
15197179	7459221	399	918	2795	5046	235	18		665147187	399	3767	38085	364080	119760	18		170184658222
15197179	18754874	399	918	2795	5046	323	19		679209546	399	3767	38085	364080	146800	19		170138968191
15197179	35497190	399	918	2795	5046	287	15		677620051	399	3767	38085	364080	137600	15		149725921338
15197179	9001623	399	918	2795	5046	378	17		670634242	399	3767	38085	364080	178640	17		171326297327
15197179	15178444	399	918	2795	5046	254	22		678794280	399	3767	38085	364080	122400	22		168693209015
15197179	21057029	399	918	2795	5046	277	26		677480322	399	3767	38085	364080	123920	26		168259828702
15197179	21057015	399	918	2795	5046	277	26		691970625	399	3767	38085	364080	123920	26		147241504561
15197179	19514888	399	918	2795	5046	309	24		667218288	399	3767	38085	364080	138960	24		147467805371
15197179	21056991	399	918	2795	5046	300	15		670055119	399	3767	38085	364080	144800	15		167040290286
15197179	12998942	399	918	2795	5046	282	24		651268231	399	3767	38085	364080	127040	24		214817528235
15197179	18130742	399	918	2795	5046	326	22		716480970	399	3767	38085	364080	153440	22		167366017545
15197179	13303993	399	918	2795	5046	133	19		663845279	399	3767	38085	364080	71280	19		169500210856
15197179	15175195	399	918	2795	5046	279	20		708709141	399	3767	38085	364080	131120	20		170228855320
15197179	18295122	399	918	2795	5046	145	17		659792089	399	3767	38085	364080	79200	17		169226079843
15197179	21057002	399	918	2795	5046	307	22		666881026	399	3767	38085	364080	147040	22		170488761051
15197179	9001819	399	918	2795	5046	433	21		647947739	399	3767	38085	364080	200880	21		171075231025
15197179	18678374	399	918	2795	5046	265	15		684798770	399	3767	38085	364080	130480	15		168346915978
15197179	14581567	399	918	2795	5046	241	29		653544975	399	3767	38085	364080	114480	29		167845802669
15197179	7787802	399	918	2795	5046	399	26		673509345	399	3767	38085	364080	188240	26		170502490575
15197179	7810038	399	918	2795	5046	325	22		672153884	399	3767	38085	364080	151840	22		168736415674
15197179	7478255	399	918	2795	5046	203	31		648970722	399	3767	38085	364080	93920	31		168958350572
15197179	18022059	399	918	2795	5046	203	29		725616452	399	3767	38085	364080	93920	29		168005886751
15197179	14018640	399	918	2795	5046	367	22		663390436	399	3767	38085	364080	172400	22		168445418812
15197179	24529322	399	918	2795	5046	356	22		689277817	399	3767	38085	364080	167600	22		169876853666
15197179	6590008	399	918	2795	5046	86	26		656151422	399	3767	38085	364080	47520	26		169539597027
16272469	19514897	252	592	1708	4154	251	10		973855592	252	2263	23045	220284	85820	10		46581905921
16272469	16250137	252	592	1708	4154	142	12		649395188	252	2263	23045	220284	56632	12		46253089661
16272469	18130267	252	592	1708	4154	127	19		625002839	252	2263	23045	220284	47000	19		46573405510
16272469	18752428	252	592	1708	4154	108	16		643696983	252	2263	23045	220284	43128	16		45247091142
16272469	18752426	252	592	1708	4154	120	13		763112340	252	2263	23045	220284	47920	13		47525783884
16272469	18130598	252	592	1708	4154	204	13		761255404	252	2263	23045	220284	72024	13		47661107876
16272469	14579088	252	592	1708	4154	132	15		656136245	252	2263	23045	220284	52712	15		46832470947
16272469	18464147	252	592	1708	4154	166	20		658414553	252	2263	23045	220284	57600	20		45178866676
16272469	41522043	252	592	1708	4154	162	10		649504232	252	2263	23045	220284	63796	10		45638778926
16272469	14579494	252	592	1708	4154	130	13		634539673	252	2263	23045	220284	51308	13		45356245434
16272469	15197179	252	592	1708	4154	270	10		639253222	252	2263	23045	220284	86448	10		45212266711
16272469	16211076	252	592	1708	4154	108	16		617458521	252	2263	23045	220284	43128	16		45350411884
16272469	16253106	252	592	1708	4154	250	12		652712577	252	2263	23045	220284	82284	12		46545991096
16272469	14579493	252	592	1708	4154	271	17		716871712	252	2263	23045	220284	87512	17		47248602300
16272469	49650310	252	592	1708	4154	261	21		660926449	252	2263	23045	220284	83640	21		52175314922
16272469	7770986	252	592	1708	4154	242	21		632287493	252	2263	23045	220284	80252	21		46536809637
16272469	17791429	252	592	1708	4154	288	10		630138442	252	2263	23045	220284	95644	10		45942243994
16272469	7461171	252	592	1708	4154	215	22		639354587	252	2263	23045	220284	69700	22		46804247566
16272469	6677293	252	592	1708	4154	319	10		640207880	252	2263	23045	220284	112392	10		44551750994
16272469	21057006	252	592	1708	4154	278	10		648746950	252	2263	23045	220284	90852	10		46938730463
16272469	18021634	252	592	1708	4154	321	21		657693777	252	2263	23045	220284	108132	21		46833410743
16272469	13955186	252	592	1708	4154	294	23		636906004	252	2263	23045	220284	96660	23		46705149743
16272469	16210652	252	592	1708	4154	342	21		635134330	252	2263	23045	220284	115828	21		45659310456
16272469	14579476	252	592	1708	4154	238	12		671137387	252	2263	23045	220284	79380	12		46098329846
16272469	7459221	252	592	1708	4154	195	15		647095834	252	2263	23045	220284	72460	15		45993569298
16272469	18754874	252	592	1708	4154	284	13		618759234	252	2263	23045	220284	88820	13		45532726858
16272469	35497190	252	592	1708	4154	257	12		641479588	252	2263	23045	220284	83252	12		45817391295
16272469	9001623	252	592	1708	4154	323	11		629765240	252	2263	23045	220284	108084	11		44877868073
16272469	15178444	252	592	1708	4154	226	21		634495593	252	2263	23045	220284	74056	21		45851572182
16272469	21057029	252	592	1708	4154	248	26		627835702	252	2263	23045	220284	74976	26		46096750744
16272469	21057015	252	592	1708	4154	248	26		640488314	252	2263	23045	220284	74976	26		46103412556
16272469	19514888	252	592	1708	4154	273	20		636014890	252	2263	23045	220284	84076	20		45180086610
16272469	21056991	252	592	1708	4154	268	12		675932747	252	2263	23045	220284	87608	12		44989661518
16272469	12998942	252	592	1708	4154	253	23		631029974	252	2263	23045	220284	76864	23		46285589570
16272469	18130742	252	592	1708	4154	283	21		636775993	252	2263	23045	220284	92836	21		46194060313
16272469	13303993	252	592	1708	4154	108	15		626703517	252	2263	23045	220284	43128	15		46333644605
16272469	15175195	252	592	1708	4154	247	21		629663566	252	2263	23045	220284	79332	21		47713614330
16272469	18295122	252	592	1708	4154	118	16		634976258	252	2263	23045	220284	47920	16		46122295804
16272469	21057002	252	592	1708	4154	264	21		624473260	252	2263	23045	220284	88964	21		44711339044
16272469	9001819	252	592	1708	4154	369	13		661930941	252	2263	23045	220284	121540	13		46516282489
16272469	18678374	252	592	1708	4154	237	12		621658546	252	2263	23045	220284	78944	12		45249404621
16272469	14581567	252	592	1708	4154	215	27		644717347	252	2263	23045	220284	69264	27		46230231842
16272469	7787802	252	592	1708	4154	335	16		647187689	252	2263	23045	220284	113892	16		46520979645
16272469	7810038	252	592	1708	4154	282	21		623712325	252	2263	23045	220284	91868	21		45730796986
16272469	7478255	252	592	1708	4154	187	28		678350609	252	2263	23045	220284	56824	28		46699095267
16272469	18022059	252	592	1708	4154	187	28		633092301	252	2263	23045	220284	56824	28		46535360575
16272469	14018640	252	592	1708	4154	311	14		635296041	252	2263	23045	220284	104308	14		45175981159
16272469	24529322	252	592	1708	4154	302	14		614609994	252	2263	23045	220284	101404	14		47654893299
16272469	6590008	252	592	1708	4154	71	20		628691198	252	2263	23045	220284	28752	20		45140570677
16211076	19514897	35	220	1389	2978	193	9		730365906	35	220	2341	22335	8703	9		1191792580
16211076	16250137	35	220	1389	2978	105	9		646429417	35	220	2341	22335	5742	9		1255415666
16211076	18130267	35	220	1389	2978	98	14		718359634	35	220	2341	22335	4766	14		1147989762
16211076	18752428	35	220	1389	2978	84	17		639520920	35	220	2341	22335	4374	17		1141525516
16211076	18752426	35	220	1