NEW
20677136
287
16220443
5020
21714232
6132
20131232
6450
21715894
6751
16228954
8118
21021982
17350
21722868
17466
37510986
17728
30945148
18518
30945156
18522
30945152
18597
37510967
18835
19187565
19487
22412108
20176
23154622
21365
23154619
21428
36481007
21776
20265201
22004
19673374
22005
36481003
22076
20808432
22805
15342665
23155
22412111
23234
14802476
24540
23926333
25162
23926338
25270
23926335
25379
23926337
25446
14802472
25625
14802467
25782
23926336
25853
23926334
25881
23926351
26233
22893008
26805
13524357
26984
18161541
27483
19881430
27832
20229234
28285
17977123
28487
29200976
28646
16229319
28684
16229327
28742
14998649
28901
17977111
28958
18991812
29002
12981453
29355
12981431
29601
19881424
29704
12981428
29763
19564126
30476
28752273
30656
6856929
30709
14648399
31003
28875494
31314
18806176
31376
33173536
31600
33236647
31929
18806387
31973
33236644
32109
12979006
32118
28072719
32228
22873250
32273
13614699
32332
18768873
32338
18800225
32365
18800396
32365
31466357
32409
13614710
32421
15402529
32449
9022504
32473
31466203
32508
28465049
32517
28568184
32582
20688761
32621
28467633
32810
18800118
32894
23817443
32926
14648636
32927
7583694
32951
18796142
32969
28465047
32987
22891942
33093
18799161
33148
18799178
33150
18799168
33160
20688889
33168
22891450
33193
30360685
33391
19464658
33452
22891453
33536
28465173
33538
18180271
33640
28465175
33694
28465177
33724
12825117
33753
14752972
33756
28567917
33798
28841172
33864
33169628
34063
15971235
34124
12981455
34218
19969069
34230
15737321
34239
19431015
34283
33169627
34307
22194260
34675
33173427
34684
19213878
34742
33173428
34952
18464068
35071
18121482
35307
28788010
35437
23254375
35838
22704631
36230
22704625
36260
30207573
36341
30360857
36426
30031750
36471
19859774
36493
20663809
36514
30108254
36529
19881429
36577
22982021
36766
15610834
36804
16244085
36807
28810631
36820
19217879
36931
13988721
37001
22974930
37043
23064993
37190
23053601
37213
18038194
37220
23053573
37257
23053576
37265
18038193
37272
23064963
37275
23064943
37277
23064946
37282
15791752
37283
18180275
37290
23053761
37352
23069348
37375
23530175
37391
23069344
37402
23057372
37408
14803567
37475
19881426
37626
23064427
37671
20627876
37674
15863210
37753
21006435
37866
20164860
37875
18180284
37904
44326372
37930
23008986
37930
18678162
38041
15341705
38094
21438216
38099
20812044
38100
19991879
38401
23013184
38401
19881425
38497
18180283
38501
18878204
38792
15959988
38911
19690267
38959
22517810
39034
14732853
39162
14732854
39186
15021596
39331
15021593
39341
15021594
39378
15021595
39385
19891570
39561
20955911
39705
20955620
39818
12979103
39836
15686040
40123
15341635
40481
16306709
40719
15789794
40740
18109565
40903
20697637
41008
25278728
41365
19314868
41443
31856847
41518
30264928
41905
29106705
42313
15027214
42319
17908950
42460
15539734
42516
19563684
42783
22212691
42796
27779500
42802
17989272
42805
18109168
42815
15113290
42822
15539733
42859
23035552
42952
8777322
43017
23040930
43064
24464244
43109
18203711
43118
15539732
43348
18180101
43483
17946623
43498
20946779
43499
20944419
43546
20944412
43566
19836532
43626
8777323
43658
8777323
43658
21910017
43680
20946758
43686
15027213
43726
19184079
43856
21058067
44172
29560658
44311
28422310
44334
21002998
44366
15027211
44429
29563799
44727
24005266
44805
28993189
45551
20943906
45740
15686038
45796
18174853
46092
23227728
46213
12981456
46564
19623566
47160
24280031
47330
15509492
49051
15509492
49051
21350301
49374
21350307
49669
21350256
50742
21350255
50754
21350126
51045
14630263
51232
14628597
51485
21350222
53302
19696616
53652
21350258
53674
48955705
53878
13945715
54687
16091240
55620
16090741
57214
16090562
57490
21032250
58205
6676255
58610
14752220
58619
15743928
59290
21350378
59717
21350916
60477
16198806
60938
16198807
61076
15741533
61575
25801031
61615
15741667
61661
16198809
61767
15741668
61925
26443455
62089
15743962
62097
35351323
64986
15852056
65036
20958733
66083
16068018
67164
22089353
68552
19618587
69325
19905215
69402
19729852
69485
19576795
69539
20187272
69555
16091092
69738
19666321
70212
19666320
70223
15031177
70597
15192222
70814
16065498
72313
29182405
80629
7671517
80672
14372626
82920
16132744
87361
16132745
87385
15459775
87889
17933431
88207
16132660
88214
NEW
21021982
275
19187565
4815
18161541
7207
20265201
7325
14998649
7345
15342665
9117
20131232
11274
21714232
11278
19564126
13669
19881430
13794
20677136
17698
16220443
20574
20808432
21611
36481007
21777
16228954
22010
36481003
22077
19881424
22693
17977123
22694
30945152
23089
17977111
23165
30945148
23300
30945156
23304
12981431
23756
12981428
23918
18180271
26629
21715894
28317
19859775
28850
19859774
29482
19881429
29566
21722868
29902
18180275
30279
14803567
30464
19881426
30615
18180284
30893
19881425
31486
18180283
31490
19891570
32550
23154622
34074
23154619
34137
25278728
34354
19673374
34441
37510986
34861
37510967
35968
22412108
36614
23926333
36734
23926338
36842
21438216
36905
23926335
36951
14802476
36973
23926337
37018
23926336
37425
23926334
37453
22412111
37693
23926351
37805
14802472
38058
14802467
38215
22893008
39238
13524357
39417
20164860
40698
20229234
40718
29200976
41079
16229319
41117
19213878
41121
16229327
41175
18991812
41435
12981453
41788
15509492
42040
15509492
42040
14648399
43078
28752273
43089
6856929
43142
28875494
43389
33173536
43675
18806176
43809
22873250
44348
18806387
44406
18768873
44413
18800396
44440
18800225
44440
12979006
44551
28072719
44661
20688761
44696
13614699
44765
31466357
44842
13614710
44854
15402529
44882
28467633
44885
9022504
44906
31466203
44941
28465049
44950
18800118
44969
23817443
45001
28465047
45062
28568184
45151
22891942
45168
20688889
45243
22891450
45268
7583694
45384
30360685
45466
14732853
45475
19464658
45527
22891453
45611
28465173
45613
33169628
45635
15021596
45644
15021593
45654
15021594
45691
15021595
45698
28465175
45769
14648636
45801
12825117
45828
28567917
45873
33169627
45879
33169629
45996
28465177
46157
18799178
46177
14752972
46189
15971235
46199
22194260
46247
33173427
46256
28841172
46297
15737321
46314
33173428
46524
12981455
46651
19431015
46716
22517810
47138
18464068
47504
28788010
47512
18121482
47740
23254375
48271
33236647
48381
30207573
48416
30360857
48501
30031750
48546
33236644
48561
30108254
48604
23064963
48618
23064943
48620
23064946
48625
22704631
48663
22704625
48693
20663809
48712
18038194
48792
18038193
48844
15610834
48879
28810631
48895
23064993
48946
23530175
48963
23053601
48969
19217879
49006
23053573
49013
23053576
49021
13988721
49076
23053761
49108
22974930
49118
23069348
49131
23069344
49158
23057372
49164
22982021
49199
23064427
49230
16244085
49240
44326372
49502
23008986
49502
21006435
49622
20812044
49672
23013184
50157
19991879
50157
15341705
50527
15959988
50667
18878204
50867
19836532
51022
19690267
51034
20627876
51410
20955911
51461
20955620
51574
12979103
51592
15686040
51695
16306709
52291
20697637
52580
15341635
52914
31856847
53090
18109565
53336
30264928
53477
15791752
53705
17908950
54032
15863210
54175
19314868
54213
22212691
54368
27779500
54374
15113290
54394
19563684
54539
29106705
54746
15027214
54752
18678162
54785
15539734
54949
17989272
55238
18109168
55248
17946623
55254
20946779
55255
15539733
55292
15027213
55298
20944419
55302
23035552
55385
20946758
55442
19184079
55612
15539732
55781
15027211
56001
21002998
56122
15789794
57162
28993189
57307
20943906
57496
15686038
57552
18174853
57848
16090741
57853
16090562
58129
23227728
58646
12981456
58997
24280031
59086
6676255
59249
8777322
59439
18203711
59540
18180101
59905
8777323
60080
8777323
60080
29560658
60733
29563799
61149
21350301
61807
21350307
62102
19618587
62314
19905215
62391
19729852
62474
19576795
62528
20187272
62544
21350256
63175
21350255
63187
21350126
63478
14630263
63665
19623566
63904
14628597
63918
19696616
65309
21350222
65735
21350258
66107
16091240
68053
16068018
68892
21032250
69961
14752220
71052
13945715
71431
16091092
71466
21350378
72150
48955705
72154
15031177
72325
21350916
72910
16198806
73371
16198807
73509
16065498
74041
25801031
74048
16198809
74200
26443455
74522
15743928
75712
15741533
77997
15741667
78083
15741668
78347
15743962
78519
22089353
80985
35351323
81408
15852056
81458
20958733
82505
15192222
87236
29182405
97051
7671517
97094
14372626
99342
16132744
103783
16132745
103807
15459775
104311
17933431
104629
16132660
104636
NEW
21714232
288
20131232
712
20677136
6814
21715894
9610
16220443
10343
21021982
12486
16228954
12615
30945152
13490
30945148
13701
30945156
13705
19187565
13749
18161541
16141
20265201
16257
14998649
16279
15342665
17408
36481007
18248
36481003
18548
21722868
20507
19881430
22085
37510986
22459
19564126
22603
17977123
22740
17977111
23211
37510967
23566
12981431
23854
19881424
23957
12981428
24016
22412111
24356
20808432
24406
23154622
24679
23154619
24742
19673374
25046
22412108
27219
23926333
27339
23926338
27447
23926335
27556
14802476
27578
23926337
27623
18180271
27893
23926336
28030
23926334
28058
23926351
28410
14802472
28663
14802467
28820
22893008
29843
13524357
30022
19859775
30114
19859774
30746
19881429
30830
20229234
31323
18180275
31543
29200976
31684
16229319
31722
14803567
31728
16229327
31780
19881426
31879
18991812
32040
18180284
32157
12981453
32393
19881425
32750
18180283
32754
14648399
33683
28752273
33694
6856929
33747
19891570
33814
28875494
33994
33173536
34280
18806176
34414
22873250
34953
18806387
35011
18768873
35018
18800225
35045
18800396
35045
12979006
35156
28072719
35266
20688761
35301
13614699
35370
31466357
35447
13614710
35459
15402529
35487
28467633
35490
9022504
35511
31466203
35546
28465049
35555
18800118
35574
23817443
35606
25278728
35618
18796142
35649
28465047
35667
28568184
35756
22891942
35773
20688889
35848
22891450
35873
7583694
35989
30360685
36071
19464658
36132
22891453
36216
28465173
36218
33169628
36240
28465175
36374
14648636
36406
12825117
36433
28567917
36478
33169627
36484
33169629
36601
28465177
36762
18799161
36780
18799178
36782
18799168
36792
14752972
36794
15971235
36804
22194260
36852
33173427
36861
28841172
36902
19969069
36910
15737321
36919
33173428
37129
12981455
37256
19431015
37321
19213878
37780
18464068
38109
28788010
38117
18121482
38345
23254375
38876
33236647
38986
30207573
39021
30360857
39106
30031750
39151
33236644
39166
30108254
39209
23064963
39223
23064943
39225
23064946
39230
22704631
39268
23064906
39297
22704625
39298
20663809
39317
18038194
39397
18038193
39449
15610834
39484
28810631
39500
23064993
39551
23530175
39568
23053601
39574
19217879
39611
23053573
39618
23053576
39626
13988721
39681
21438216
39700
23053761
39713
22974930
39723
23069348
39736
23069344
39763
23057372
39769
22982021
39804
23064427
39835
16244085
39845
44326372
40107
23008986
40107
22517810
40156
21006435
40227
20812044
40277
14732853
40284
14732854
40308
15021596
40453
15021593
40463
15021594
40500
15021595
40507
20627876
40712
23013184
40762
19991879
40762
15341705
41132
15959988
41272
18878204
41472
19690267
41639
20164860
41962
20955911
42066
20955620
42179
12979103
42197
15686040
42300
18678162
42772
16306709
42896
20697637
43185
15509492
43304
15509492
43304
15341635
43519
31856847
43695
18109565
43941
30264928
44082
15791752
44310
17908950
44637
19836532
44748
15863210
44780
19314868
44818
22212691
44973
27779500
44979
19563684
45144
24464244
45286
29106705
45351
15027214
45357
21058067
45495
15539734
45554
17989272
45843
18109168
45853
21910017
45857
17946623
45859
20946779
45860
15539733
45897
15027213
45903
20944419
45907
20944412
45927
23035552
45990
20946758
46047
23040930
46102
19184079
46217
15539732
46386
28422310
46511
15027211
46606
21002998
46727
24005266
46982
15789794
47767
28993189
47912
20943906
48101
15686038
48157
18174853
48453
23227728
49251
12981456
49602
24280031
49691
8777322
50044
18203711
50145
18180101
50510
8777323
50685
8777323
50685
29560658
51338
29563799
51754
19623566
51891
21350301
52412
21350307
52707
21350256
53780
21350255
53792
21350126
54083
14630263
54270
14628597
54523
19696616
55914
21350222
56340
48955705
58609
16091240
58658
16090741
59117
16090562
59393
13945715
59418
6676255
60513
21032250
60566
14752220
61657
21350378
62755
21350916
63515
19618587
63578
19905215
63655
19729852
63738
19576795
63792
20187272
63808
16198806
63976
16198807
64114
19666321
64465
19666320
64476
25801031
64653
16198809
64805
26443455
65127
15743928
66317
15741533
68602
15741667
68688
15741668
68952
15743962
69124
16068018
70156
22089353
71590
35351323
72013
15852056
72063
16091092
72730
20958733
73110
15031177
73589
16065498
75305
15192222
77841
29182405
87656
7671517
87699
14372626
89947
16132744
94388
16132745
94412
15459775
94916
17933431
95234
16132660
95241
NEW
19564126
272
18161541
9949
14998649
11367
19187565
12964
21021982
15843
19881424
20871
17977123
20872
17977111
21343
12981431
21934
12981428
22096
20131232
24753
21714232
24757
18180271
24807
20265201
25006
15342665
26157
19859775
27028
19859774
27660
19881429
27744
18180275
28457
14803567
28642
19881426
28793
18180284
29071
19881430
29342
20808432
29597
19881425
29664
18180283
29668
19891570
30728
25278728
32532
20677136
33238
21715894
35172
16228954
35489
16220443
36767
36481007
38281
36481003
38377
20164860
38876
19213878
39299
15509492
40218
15509492
40218
30945148
42315
30945156
42319
30945152
42394
21722868
43381
21438216
44891
23154622
47553
23154619
47616
19673374
47920
37510986
48340
22412111
48536
37510967
49447
20627876
49588
23926333
50213
23926338
50321
23926335
50430
14802476
50452
23926337
50497
22412108
50816
23926336
50904
23926334
50932
23926351
51284
14802472
51537
14802467
51694
22893008
52717
13524357
52896
14732853
53461
15021596
53630
15021593
53640
15021594
53677
15021595
53684
20229234
54197
29200976
54558
16229319
54596
16229327
54654
18991812
54914
22517810
55124
12981453
55267
16090741
56031
19618587
56245
16090562
56307
19905215
56322
19729852
56405
19576795
56459
20187272
56475
14648399
56557
28752273
56568
6856929
56621
28875494
56868
33173536
57154
18806176
57288
6676255
57427
22873250
57827
18806387
57885
18768873
57892
18800225
57919
18800396
57919
12979006
58030
28072719
58140
20688761
58175
13614699
58244
31466357
58321
13614710
58333
15402529
58361
28467633
58364
9022504
58385
31466203
58420
28465049
58429
18800118
58448
23817443
58480
28465047
58541
28568184
58630
22891942
58647
20688889
58722
22891450
58747
7583694
58863
30360685
58945
19464658
59006
19836532
59008
22891453
59090
28465173
59092
33169628
59114
28465175
59248
14648636
59280
12825117
59307
28567917
59352
33169627
59358
33169629
59475
28465177
59636
18799178
59656
14752972
59668
15971235
59678
22194260
59726
33173427
59735
28841172
59776
15737321
59793
33173428
60003
12981455
60130
19431015
60195
18464068
60983
28788010
60991
18121482
61219
23254375
61750
33236647
61860
30207573
61895
30360857
61980
30031750
62025
33236644
62040
30108254
62083
23064963
62097
23064943
62099
23064946
62104
22704631
62142
22704625
62172
20663809
62191
18038194
62271
18038193
62323
15610834
62358
28810631
62374
23064993
62425
23530175
62442
23053601
62448
19217879
62485
23053573
62492
23053576
62500
13988721
62555
22974930
62597
23069348
62610
23069344
62637
23057372
62643
22982021
62678
23064427
62709
16244085
62719
23008986
62981
44326372
62981
21006435
63101
20812044
63151
23013184
63636
19991879
63636
15341705
64006
15959988
64146
18878204
64346
19690267
64513
20955911
64940
20955620
65053
12979103
65071
15686040
65174
16306709
65770
20697637
66059
15341635
66393
31856847
66569
18109565
66815
30264928
66956
16068018
67070
15791752
67184
17908950
67511
15863210
67654
19314868
67692
22212691
67847
27779500
67853
15113290
67873
19563684
68018
29106705
68225
15027214
68231
18678162
68264
15539734
68428
17989272
68717
18109168
68727
17946623
68733
20946779
68734
15539733
68771
15027213
68777
20944419
68781
23035552
68864
20946758
68921
19184079
69091
15539732
69260
15027211
69480
21002998
69601
16091092
69644
18203711
69723
8777323
69946
8777323
69946
15031177
70503
15789794
70641
28993189
70786
20943906
70975
15686038
71031
18174853
71327
23227728
72125
16065498
72219
12981456
72476
24280031
72565
18180101
73384
29560658
74212
29563799
74628
21350301
75286
21350307
75581
21350256
76654
21350255
76666
21350126
76957
14630263
77144
19623566
77383
14628597
77397
19696616
78788
21350222
79214
21350258
79586
16091240
81532
21032250
83440
14752220
84531
13945715
84910
21350378
85629
48955705
85633
21350916
86389
16198806
86850
16198807
86988
25801031
87527
16198809
87679
26443455
88001
15743928
89191
15741667
91562
15741668
91826
15743962
91998
22089353
94464
35351323
94887
15852056
94937
20958733
95984
15192222
100715
29182405
110530
7671517
110573
14372626
112821
16132744
117262
16132745
117286
15459775
117790
17933431
118108
16132660
118115
NEW
20944412
202
20944419
20
20943906
440
19184079
610
18174853
840
17946623
992
27779500
1848
19563684
3319
31856847
4734
15027213
4873
15686040
5679
12981456
5937
23013184
5981
21006435
6012
16306709
6018
19991879
6035
44326372
6120
23064417
6399
23069348
6459
23069344
6486
23057372
6492
23053573
6640
23053576
6648
23053761
6763
23064963
7092
23064946
7099
20955620
7452
12979103
7470
18038194
8217
18038193
8269
23254375
9198
13988721
9226
16244085
9363
30108254
9398
20663809
9643
15027214
9982
18464068
10554
15539734
10647
17989272
10683
15539733
10990
15539732
11122
30360857
11882
28788010
12048
18800127
12291
33169628
12306
18768873
12378
18800396
12405
33169627
12550
30207573
12558
33169629
12667
22873250
12698
19690267
12760
33173427
12927
18800118
12934
33173536
12975
33173428
13195
22891450
13233
30360685
13431
19464658
13492
28467633
13533
28465173
13578
28072719
13692
28465047
13710
28465175
13734
28568184
13799
28567917
13838
20688889
13891
15402529
13913
28465049
13981
12979006
14222
14648636
14449
31466357
14513
13614710
14525
9022504
14577
31466203
14612
19431015
14954
18991812
15028
28568183
15033
12981453
15381
12981455
15524
28465177
15640
12825117
15691
21032250
16035
18799178
16040
16229327
16071
16229319
16136
15610834
16544
18121482
16862
29200976
16986
6856929
18334
23926337
18674
14752972
18772
23926336
19081
23926334
19109
23926335
19289
23926351
19340
7583694
19580
22704625
19810
23926333
19915
23926338
20023
14752220
20478
13945715
20853
14628597
21092
29106705
21280
19696616
21695
14630263
22198
15341632
22346
19623566
22543
33236647
23269
33236644
23449
23154619
23558
15341705
24346
23154622
24484
14802472
25806
19673374
26927
18678162
28535
37510986
28896
37510967
30003
21722868
30248
16198806
32000
16198807
32138
25801031
32677
16198809
32829
15791752
34933
29563799
35064
15863210
35391
30945156
36502
30945152
36577
22089353
36789
16228954
36817
18180101
36856
21350256
37096
21350255
37108
21350126
37399
22412108
37724
21350301
37803
21350307
38259
16220443
38324
20627876
38334
15789794
38390
21350222
39656
22412111
39828
21350258
40028
48955705
40691
19213878
41242
36481007
41835
8777323
42220
20677136
43160
21714232
45718
20131232
46036
21350378
46097
21350916
46857
19891570
48505
15743928
48830
25278728
49756
15741533
50583
15741667
50669
15743962
50849
15741668
51465
20265201
52459
15342665
53610
20958733
55091
21438216
55613
15192222
55839
35351323
56324
15852056
56374
19187565
56819
18180271
57010
19881424
57249
19836532
57634
15021593
57911
15021594
57948
22517810
58692
18161541
59211
14998649
59349
16090741
59568
16090562
59844
19859774
59936
17977123
60320
19859775
60385
18180275
60660
17977111
60791
6676255
60964
19881426
60996
19881429
61101
18180284
61274
12981431
61382
12981428
61544
19881430
61545
19881425
61867
18180283
61871
29182405
65582
7671517
65625
14372626
67873
16068018
68085
19618587
72281
16132744
72314
16132745
72338
20187272
72511
15459775
72842
15509492
73160
17933431
73160
16065498
73234
NEW
19666320
213
19666321
43
20187272
770
19905215
1024
19618587
1042
19859774
33673
19881429
33814
19859775
34358
20627876
35526
15509492
36178
15509492
36178
16090741
38298
16090562
38574
6676255
39694
25278728
40387
19891570
42024
18180271
42338
19881424
42577
17977123
42591
17977111
43062
12981431
43653
12981428
43815
18180275
43996
19881426
44332
18180284
44610
19881425
45203
18180283
45207
36481007
46136
19881430
46873
16068018
49337
30945148
50142
30945156
50146
30945152
50221
20265201
50491
15342665
51642
14802472
51969
16065498
54486
18161541
56608
19213878
56830
21722868
57634
14998649
58026
29200976
58747
16229319
58785
16229327
58843
18991812
59103
12981453
59456
19187565
59623
15341705
59635
7583694
59713
6856929
60251
14752972
60518
15341635
62022
18121482
62069
12979006
62219
28072719
62329
31466357
62510
13614710
62522
15402529
62550
9022504
62574
28465049
62618
22873250
62640
28568184
62683
28467633
62743
28465047
62920
22704625
63022
28465177
63266
21714232
63452
13614659
63538
18768873
63610
18800396
63637
12981455
63760
20131232
63770
46850846
63818
19431015
63825
20688889
63833
31466203
64041
13614692
64121
18800118
64166
14648636
64215
18799178
64266
15737321
64644
18464068
65172
28465173
65552
28567917
65638
30360685
65687
23817443
65696
28465175
65844
28788010
65911
23254375
65939
19673374
66147
30360857
66171
19464658
66222
16220443
66418
15610834
66708
30207573
66815
30031750
66945
30108254
67003
20663809
67111
23053573
67358
23053576
67366
23064963
67376
23064946
67383
23053761
67453
23069348
67476
23069344
67503
23057372
67509
29106705
67883
21006435
67967
23154619
68318
23013184
68502
19991879
68502
33173536
68521
16228954
68660
19690267
68724
13988721
68746
15027214
69081
23926337
69100
20677136
69192
23154622
69244
16244085
69250
15539734
69278
23926336
69507
23926334
69535
17989272
69567
15539733
69621
18038194
69623
18038193
69675
23926351
69766
23926333
69914
15539732
70110
21350301
70150
21350307
70445
19314868
70523
33169628
70786
33169627
71030
33169629
71147
20955620
71229
12979103
71247
33173427
71407
21350256
71518
21350255
71530
33173428
71675
21350126
71821
15686040
72607
14630263
72773
23227728
72975
14628597
73026
24222878
73136
16306709
73203
12981456
73326
17946623
73599
20946779
73600
20946758
73787
19184079
73957
31856847
74002
21350222
74078
15027211
74352
30264928
74389
21350258
74450
22212691
75280
27779500
75286
15113290
75306
19563684
75631
28993189
75652
37510986
75827
20943906
75841
18174853
76193
15027213
76210
37510967
76934
21350378
80493
21350916
81253
33236647
81666
16198806
81714
33236644
81846
16198807
81852
25801031
82391
22412108
82435
16198809
82543
22412111
83514
18678162
86878
21032250
88306
22089353
90093
21438216
91550
19623566
92441
13945715
93124
19696616
93966
15791752
94459
15863210
94929
15789794
97916
29563799
100144
15021596
100289
15021593
100299
15021594
100336
15021595
100343
8777323
100563
8777323
100563
18180101
100659
22517810
101783
19836532
105667
15743928
111691
15741668
114326
15741533
116646
15741667
116732
15743962
116912
35351323
119805
15852056
119855
20958733
121154
29182405
130802
7671517
130845
14372626
133093
16132744
137534
16132745
137558
15459775
138062
17933431
138380
NEW
19666321
217
19666320
43
20187272
759
19905215
1013
19618587
1031
19859774
33662
19881429
33803
19859775
34347
20627876
35515
15509492
36167
15509492
36167
16090741
38287
16090562
38563
6676255
39683
25278728
40376
19891570
42013
18180271
42327
19881424
42566
17977123
42580
17977111
43051
12981431
43642
12981428
43804
18180275
43985
19881426
44321
18180284
44599
19881425
45192
18180283
45196
36481007
46125
19881430
46862
16068018
49326
30945148
50131
30945156
50135
30945152
50210
20265201
50480
15342665
51631
14802472
51958
16065498
54475
18161541
56597
19213878
56819
21722868
57623
14998649
58015
29200976
58736
16229319
58774
16229327
58832
18991812
59092
12981453
59445
19187565
59612
15341705
59624
7583694
59702
6856929
60240
14752972
60507
15341635
62011
18121482
62058
12979006
62208
28072719
62318
31466357
62499
13614710
62511
15402529
62539
9022504
62563
28465049
62607
22873250
62629
28568184
62672
28467633
62732
28465047
62909
22704625
63011
28465177
63255
21714232
63441
13614659
63527
18768873
63599
18800396
63626
12981455
63749
20131232
63759
46850846
63807
19431015
63814
20688889
63822
31466203
64030
13614692
64110
18800118
64155
14648636
64204
18799178
64255
15737321
64633
18464068
65161
22891440
65322
22891450
65332
22891942
65356
22891948
65399
28465173
65541
30360685
65676
28465175
65833
28788010
65900
23254375
65928
19673374
66136
30360857
66160
19464658
66211
16220443
66407
15610834
66697
30207573
66804
30031750
66934
30108254
66992
20663809
67100
23053573
67347
23053576
67355
23064963
67365
23064946
67372
23053761
67442
23069348
67465
23069344
67492
23057372
67498
29106705
67872
21006435
67956
23154619
68307
23013184
68491
19991879
68491
33173536
68510
16228954
68649
19690267
68713
13988721
68735
15027214
69070
23926337
69089
20677136
69181
23154622
69233
16244085
69239
15539734
69267
23926336
69496
23926334
69524
17989272
69556
15539733
69610
18038194
69612
18038193
69664
23926351
69755
23926333
69903
23926338
70011
15539732
70099
23926335
70120
21350301
70139
21350307
70434
19314868
70512
33169628
70775
33169627
71019
33169629
71136
20955620
71218
12979103
71236
33173427
71396
21350256
71507
21350255
71519
33173428
71664
21350126
71810
15686040
72596
14630263
72762
23227728
72964
14628597
73015
24222878
73125
16306709
73192
12981456
73315
17946623
73588
20946779
73589
20946758
73776
19184079
73946
31856847
73991
15027211
74341
30264928
74378
21350258
74439
22212691
75269
27779500
75275
15113290
75295
19563684
75620
28993189
75641
37510986
75816
20943906
75830
18174853
76182
15027213
76199
37510967
76923
21350378
80482
21350916
81242
33236647
81655
16198806
81703
33236644
81835
16198807
81841
25801031
82380
22412108
82424
16198809
82532
22412111
83503
14752220
84420
18678162
86867
21032250
88295
22089353
90082
21438216
91539
19623566
92430
13945715
93113
19696616
93955
15791752
94448
15863210
94918
15789794
97905
29563799
100133
15021596
100278
15021593
100288
15021594
100325
15021595
100332
8777323
100552
8777323
100552
18180101
100648
22517810
101772
19836532
105656
15743928
111680
15741668
114315
15741533
116635
15741667
116721
15743962
116901
35351323
119794
15852056
119844
15192222
121006
20958733
121143
29182405
130791
7671517
130834
14372626
133082
16132744
137523
16132745
137547
17933431
138369
NEW
19729852
271
19905215
148
19576795
252
20187272
268
19618587
322
19859774
32953
19881429
33094
19859775
33638
14803567
34258
20627876
34806
15509492
35458
15509492
35458
16090741
37578
16090562
37854
6676255
38974
20164860
39524
25278728
39667
19891570
41304
18180271
41618
19881424
41857
17977123
41871
17977111
42342
12981431
42933
12981428
43095
18180275
43276
19881426
43612
18180284
43890
19881425
44483
18180283
44487
36481007
45416
36481003
45512
19881430
46153
16068018
48617
30945148
49422
30945156
49426
30945152
49501
20265201
49771
15342665
50922
16091092
51191
14802472
51249
14802467
51406
15031177
52050
16065498
53766
22893008
53791
18161541
55888
19213878
56110
13524357
56365
21722868
56914
14998649
57306
19564126
57587
20229234
57666
29200976
58027
16229319
58065
16229327
58123
18991812
58383
12981453
58736
19187565
58903
15341705
58915
7583694
58993
28752273
59478
6856929
59531
14752972
59798
28841172
59906
18806176
60198
18806387
60795
15341635
61302
14648399
61321
18121482
61349
12979006
61499
28072719
61609
13614699
61713
21021982
61782
31466357
61790
13614710
61802
15402529
61830
9022504
61854
28465049
61898
22873250
61920
28568184
61963
28467633
62023
28465047
62200
22704625
62302
28465177
62546
20688761
62566
21714232
62732
13614659
62818
18768873
62890
18800396
62917
18800225
62917
12981455
63040
20131232
63050
46850846
63098
19431015
63105
20688889
63113
31466203
63321
13614692
63401
18800118
63446
14648636
63495
18799178
63546
15971235
63809
15737321
63924
18464068
64452
22891440
64613
22891450
64623
22891942
64647
22891453
64656
22891948
64690
28465173
64832
28567917
64918
30360685
64967
23817443
64976
28465175
65124
28788010
65191
23254375
65219
19673374
65427
30360857
65451
19464658
65502
16220443
65698
19217879
65956
15610834
65988
30207573
66095
30031750
66225
30108254
66283
28810631
66367
20663809
66391
23064993
66571
23053601
66594
23053573
66638
23053576
66646
23064963
66656
23064946
66663
23053761
66733
23069348
66756
23069344
66783
23057372
66789
22982021
66850
18109565
66945
29106705
67163
21006435
67247
28875494
67515
23154619
67598
23013184
67782
19991879
67782
33173536
67801
18878204
67817
16228954
67940
19690267
68004
13988721
68026
22974930
68068
15027214
68361
23926337
68380
20677136
68472
23154622
68524
16244085
68530
15539734
68558
23926336
68787
23926334
68815
17989272
68847
18109168
68857
15539733
68901
18038194
68903
18038193
68955
23035552
68994
23926351
69046
23926333
69194
23926338
69302
15539732
69390
23926335
69411
21350301
69430
21350307
69725
19314868
69803
33169628
70066
33169627
70310
20955620
70509
12979103
70527
15959988
70565
20955911
70660
33173427
70687
21350256
70798
21350255
70810
21350126
71101
15686040
71887
17908950
71924
14630263
72053
23227728
72255
14628597
72306
24222878
72416
24464244
72444
16306709
72483
12981456
72606
20697637
72772
17946623
72879
20946779
72880
20944419
72927
20946758
73067
19184079
73237
31856847
73282
21350222
73358
21715894
73418
28422310
73537
15027211
73632
30264928
73669
21350258
73730
21002998
73747
22212691
74560
27779500
74566
15113290
74586
19563684
74911
28993189
74932
37510986
75107
20943906
75121
15686038
75177
18174853
75473
15027213
75490
20808432
75536
16091240
75676
37510967
76214
24280031
76711
21350378
79773
21350916
80533
33236647
80946
16198806
80994
33236644
81126
16198807
81132
25801031
81671
22412108
81715
16198809
81823
26443455
82145
22412111
82794
14752220
83711
18678162
86158
21032250
87586
22089353
89373
21438216
90830
19623566
91721
13945715
92404
19696616
93246
15791752
93739
15863210
94209
15789794
97196
8777322
99202
18203711
99303
14732853
99400
29563799
99424
15021596
99569
15021593
99579
15021594
99616
15021595
99623
8777323
99843
8777323
99843
18180101
99939
29560658
100071
22517810
101063
19836532
104947
48955705
105215
15743928
110971
15741668
113606
15741533
115926
15741667
116012
15743962
116192
35351323
119085
15852056
119135
15192222
120297
20958733
120434
29182405
130082
7671517
130125
14372626
132373
16132744
136814
16132745
136838
15459775
137342
17933431
137660
16132660
137667
NEW
13524357
269
29200976
1520
22893008
1710
20229234
1770
16229319
2170
16229327
2228
12981452
3242
28752273
3297
18806387
3319
14802472
3323
14802476
3360
14802467
3398
12981453
3434
12981451
3647
28568183
4271
6856929
4318
18991812
4397
13614699
4512
13614710
4601
13614659
5083
12979006
7513
28072719
7623
31466357
7804
15402529
7844
9022504
7868
31466203
7903
28465049
7912
22873250
7934
28465177
7938
28568184
7977
28467633
8037
28465047
8214
14648636
8322
12981455
8432
19431015
8497
18799178
8545
20688761
8580
18768873
8904
18800225
8931
18800396
8931
7583694
8977
20688889
9127
18800118
9460
23817443
9492
22891942
9659
22891450
9759
14752972
9782
28841172
9890
30360685
9957
19464658
10018
22891453
10102
28465173
10104
28465175
10260
28567917
10364
18464068
10466
15971235
10690
15737321
10805
18121482
10843
30360857
10843
23254375
11233
19217879
11348
15610834
11380
28810631
11759
20663809
11909
28788010
12003
22982021
12161
16244085
12202
30031750
12230
22704631
12256
22704625
12286
30207573
12534
23064993
12585
23053601
12608
23053573
12652
23053576
12660
23064963
12670
23064946
12677
23053761
12747
23069348
12770
23069344
12797
23057372
12803
18038194
12848
18038193
12900
18878204
13209
22974930
13236
21006435
13261
28875494
13529
19690267
13535
19991879
13796
23013184
13796
33173536
13815
21722868
14027
15959988
14306
23926337
14394
14648399
14461
23926336
14801
23926334
14829
23926335
15009
23926351
15060
20955911
15100
20955620
15213
12979103
15231
23926333
15635
23926338
15743
15686040
15786
33169628
16080
33169627
16324
16306709
16382
33169629
16441
19314868
16555
22194260
16692
33173427
16701
15341705
16727
18109565
16929
33173428
16969
31856847
17181
30264928
17568
19563684
18178
29106705
18339
15027214
18345
15341635
18372
22212691
18459
27779500
18465
15113290
18485
15539734
18542
15341632
18813
17989272
18831
18109168
18841
15539733
18885
17946623
18893
20946779
18894
20944419
18941
23035552
18978
20946758
19081
19184079
19251
23154619
19278
15539732
19374
15027213
19389
21058067
19567
15027211
20092
23154622
20204
30945148
20277
30945156
20281
30945152
20356
28993189
20946
20943906
21135
15686038
21191
18174853
21487
20627876
22113
23227728
22239
12981456
22590
19673374
22647
24280031
22725
24005266
23680
37510986
24616
19213878
25021
16228954
25053
36481007
25614
37510967
25723
36481003
25914
16220443
26560
33236647
27043
33236644
27223
20677136
27255
14630263
27500
14628597
27753
20164860
28154
21714232
30955
20131232
31273
21715894
31867
19891570
32284
18678162
32309
25278728
33535
21350256
33563
21350255
33575
21032250
33600
21350126
33866
21350301
34140
21350307
34596
14752220
34645
21350222
36123
21350258
36495
20265201
37696
19623566
37735
22412111
38357
13945715
38418
16091240
38441
16198806
38674
15791752
38707
16198807
38812
15342665
38847
15863210
39165
19696616
39260
25801031
39351
16198809
39503
26443455
39825
18180271
40789
21021982
40793
22412108
41006
19881424
41028
19187565
42056
15789794
42164
21350378
42564
21350916
43324
16090741
43347
16090562
43623
19859774
43715
17977123
44099
19859775
44164
18180275
44439
18161541
44448
17977111
44570
14998649
44586
6676255
44743
19881426
44775
22089353
44820
19881429
44880
18180101
44907
18180284
45053
12981431
45161
29563799
45311
12981428
45323
19881430
45324
8777322
45353
18203711
45454
19881425
45646
18180283
45650
29560658
45735
14803567
45778
8777323
45994
8777323
45994
20808432
49070
16068018
50401
19564126
50910
48955705
51423
16091092
52975
15031177
53834
16065498
55550
19618587
56060
19905215
56137
19729852
56220
19576795
56274
20187272
56290
15743928
56858
15509492
56939
15509492
56939
21438216
58895
15741533
59143
15741667
59229
22517810
59411
15741668
59493
15743962
59665
14732853
61014
15021596
61183
15021593
61193
15021594
61230
15021595
61237
19836532
61408
20958733
63651
35351323
66424
15852056
66474
15192222
67636
29182405
77421
7671517
77464
14372626
79712
16132744
84153
16132745
84177
15459775
84681
17933431
84999
16132660
85006
NEW
14732853
165
14732854
28
22517810
8274
19836532
16919
18203711
27634
20808432
28027
22412108
28969
21715894
31965
16228954
38587
33236647
39764
33236644
39944
20677136
40462
15791752
41189
21714232
41443
23154622
41998
23154619
42061
18678162
45827
33169628
46720
23926333
46814
23926337
46875
23926338
46922
33169627
46964
23926335
47031
33169629
47081
23926336
47282
23926334
47310
22194260
47332
33173427
47341
33173428
47609
23926351
47662
33173536
47733
28875494
47739
21021982
48012
29560658
48217
21722868
48222
23064943
49705
23064946
49710
18038194
49877
18038193
49929
23064993
50031
23530175
50048
23053601
50054
23053761
50193
23069348
50216
23069344
50243
23057372
50249
23064427
50315
18161541
50477
23008986
50587
44326372
50587
21006435
50707
20812044
50757
18878204
50936
22974930
50978
13988721
51130
22982021
51159
19991879
51242
20663809
51410
15959988
51752
28810631
51774
14648399
51796
14998649
51895
18464068
52382
20955911
52546
19217879
52957
19673374
52973
18768873
53131
18800225
53158
16306709
53376
20688761
53414
19564126
53470
28467633
53603
20697637
53665
23817443
53719
28465047
53780
28568184
53869
22891942
53886
20688889
53961
15402529
54042
28465049
54110
28072719
54209
19464658
54245
22891453
54329
28465173
54331
12979006
54348
28465175
54487
13614699
54513
14648636
54519
12825117
54546
28567917
54591
13614710
54602
9022504
54654
31466203
54689
23035552
54752
15971235
54917
19623566
54995
15737321
55032
28568183
55052
17908950
55117
12981455
55173
18109168
55208
46850846
55319
18109565
55768
28788010
56230
19431015
56327
20944419
56387
18991812
56472
12981453
56825
28465177
57003
21002998
57207
18806387
57335
12981456
57637
15342665
57903
20229234
58241
14802476
58265
29200976
58430
15686038
58637
36481003
59043
14802472
59350
14802467
59507
18121482
59563
48955705
59638
24280031
60171
22893008
60530
13524357
60709
14752972
60749
28841172
61486
19696616
61487
28752273
61735
22704631
61757
17977123
62495
13945715
62522
17977111
62966
12981431
63557
12981428
63719
35351323
65900
7583694
66676
19213878
68434
19859775
68651
19859774
69283
14803567
70265
20627876
71399
20164860
71567
14630263
77867
14628597
78120
29182405
84535
14372626
86826
16198806
89041
16198807
89179
16091240
89345
25801031
89718
16198809
89870
26443455
90192
16090741
90939
16090562
91215
16132744
91267
16132745
91291
16132660
92120
6676255
92335
21350916
94202
22089353
95187
16068018
100889
19729852
102275
19576795
102329
16091092
103463
15031177
104322
NEW
14732854
-1
NEW
14802467
-1
NEW
14803567
-1
NEW
19834858
-1
NEW
13614699
-1
NEW
16090562
-1
NEW
16090741
-1
NEW
14648399
-1
NEW
16091240
-1
NEW
19213878
-1
NEW
18464068
-1
NEW
20229234
-1
NEW
13945715
-1
NEW
18203711
-1
NEW
16132660
-1
NEW
8777322
-1
NEW
15031177
-1
NEW
21910017
-1
NEW
28752273
-1
NEW
28841172
-1
NEW
23530175
-1
NEW
29560658
-1
NEW
22974930
-1
NEW
28810631
-1
NEW
18799161
-1
NEW
22891453
-1
NEW
18796142
-1
NEW
20812044
-1
NEW
20955911
-1
NEW
23008986
-1
NEW
23069344
-1
NEW
23069348
-1
NEW
18806176
-1
NEW
18109168
-1
NEW
19969069
-1
NEW
15959988
-1
NEW
18799168
-1
NEW
19217879
-1
NEW
24005266
-1
NEW
24464244
-1
NEW
24280031
-1
NEW
23035552
-1
NEW
22893008
-1
NEW
36481003
-1
NEW
29182404
-1
NEW
29182405
-1
NEW
22194260
-1
NEW
22704631
-1
NEW
26443455
-1
NEW
22412108
-1
NEW
22517810
-1
NEW
20944419
-1
NEW
21002998
-1
NEW
21715894
-1
NEW
14802472
-1
NEW
14802476
-1
NEW
19696616
-1
NEW
18109565
-1
NEW
16091092
-1
NEW
20164860
-1
NEW
20808432
-1
NEW
19576795
-1
NEW
21058067
-1
NEW
22891942
-1
NEW
15686038
-1
NEW
18800225
-1
NEW
18878204
-1
NEW
20688761
-1
NEW
22982021
-1
NEW
23053601
-1
NEW
23053583
-1
NEW
23064943
-1
NEW
23064906
-1
NEW
23064993
-1
NEW
23064427
-1
NEW
28875494
-1
NEW
15971235
-1
NEW
17908950
-1
NEW
23040930
-1
NEW
28422310
-1
NEW
20697637
-1
NEW
23057372
-1
NEW
20663809
-1
NEW
18806387
-1
NEW
6676255
-1
NEW
20627876
-1
NEW
19859775
-1
NEW
12981451
-1
NEW
14628597
-1
NEW
7583694
-1
NEW
22089353
-1
NEW
16068018
-1
NEW
25801031
-1
NEW
19431015
-1
NEW
18121482
-1
NEW
31466203
-1
NEW
46850846
-1
NEW
29200976
-1
NEW
12981455
-1
NEW
14648636
-1
NEW
14752972
-1
NEW
19859774
-1
NEW
12981456
-1
NEW
14630263
-1
NEW
16198806
-1
NEW
16198807
-1
NEW
16198809
-1
NEW
21350916
-1
NEW
15737321
-1
NEW
13614692
-1
NEW
13614659
-1
NEW
28465177
-1
NEW
33173427
-1
NEW
33173428
-1
NEW
35351323
-1
NEW
14998649
-1
NEW
15402529
-1
NEW
19991879
-1
NEW
18038193
-1
NEW
18038194
-1
NEW
17977111
-1
NEW
17977123
-1
NEW
18678162
-1
NEW
19623566
-1
NEW
12981453
-1
NEW
13614710
-1
NEW
19673374
-1
NEW
15791752
-1
NEW
9022504
-1
NEW
21722868
-1
NEW
21006435
-1
NEW
28568183
-1
NEW
28788010
-1
NEW
23154619
-1
NEW
23154622
-1
NEW
23926333
-1
NEW
23926334
-1
NEW
23926351
-1
NEW
18768873
-1
NEW
19836532
-1
NEW
28465047
-1
NEW
20688889
-1
NEW
33173536
-1
NEW
13988721
-1
NEW
12825117
-1
NEW
12979006
-1
NEW
23926335
-1
NEW
23926336
-1
NEW
23926337
-1
NEW
23926338
-1
NEW
33169627
-1
NEW
33169628
-1
NEW
33169629
-1
NEW
33236644
-1
NEW
33236647
-1
NEW
16228954
-1
NEW
14372626
-1
NEW
16306709
-1
NEW
15342665
-1
NEW
16132744
-1
NEW
16132745
-1
NEW
12981428
-1
NEW
12981431
-1
NEW
18161541
-1
NEW
18991812
-1
NEW
12981452
-1
NEW
21637156
-1
NEW
19464658
-1
NEW
28467633
-1
NEW
28568184
-1
NEW
28567917
-1
NEW
12981454
-1
NEW
28465049
-1
NEW
28465173
-1
NEW
23817443
-1
NEW
28072719
-1
NEW
23064946
-1
NEW
44326372
-1
NEW
15024771
-1
NEW
23053761
-1
NEW
28465175
-1
NEW
30031750
-1
NEW
48955705
-1
NEW
15001695
-1
NEW
19184079
-1
NEW
19218578
-1
NEW
15113290
-1
NEW
15539732
-1
NEW
15539733
-1
NEW
18887920
-1
NEW
15027214
-1
NEW
15610834
-1
NEW
14752220
-1
NEW
15027213
-1
NEW
15789794
-1
NEW
18180101
-1
NEW
21438216
-1
NEW
21032250
-1
NEW
15192222
-1
NEW
6856929
-1
NEW
16065498
-1
NEW
22212691
-1
NEW
29106705
-1
NEW
22704625
-1
NEW
23013184
-1
NEW
15027211
-1
NEW
19563684
-1
NEW
19314868
-1
NEW
19690267
-1
NEW
17946623
-1
NEW
18174853
-1
NEW
15459775
-1
NEW
31856847
-1
NEW
16244085
-1
NEW
18799178
-1
NEW
22854268
-1
NEW
22854360
-1
NEW
23254375
-1
NEW
24222878
-1
NEW
27779500
-1
NEW
23227728
-1
NEW
23064643
-1
NEW
23064437
-1
NEW
12979102
-1
NEW
25278728
-1
NEW
28993189
-1
NEW
22412111
-1
NEW
15863210
-1
NEW
19218576
-1
NEW
17933431
-1
NEW
18180271
-1
NEW
18180275
-1
NEW
18180283
-1
NEW
18180284
-1
NEW
21350126
-1
NEW
22891450
-1
NEW
31466357
-1
NEW
30360685
-1
NEW
15027205
-1
NEW
20943906
-1
NEW
18800118
-1
NEW
18800127
-1
NEW
18800396
-1
NEW
15686040
-1
NEW
22873250
-1
NEW
30207573
-1
NEW
23064450
-1
NEW
12979103
-1
NEW
17989272
-1
NEW
30264928
-1
NEW
30360857
-1
NEW
