6676255
20627876
19859775
12981451
14628597
7583694
22089353
16068018
25801031
19431015
18121482
31466203
46850846
29200976
12981455
14648636
14752972
19859774
12981456
14630263
16198806
16198807
16198809
21350916
15737321
13614692
13614659
28465177
33173427
33173428
35351323
14998649
15402529
19991879
18038193
18038194
17977111
17977123
18678162
19623566
12981453
13614710
19673374
15791752
9022504
21722868
21006435
28568183
28788010
23154619
23154622
23926333
23926334
23926351
18768873
19836532
28465047
20688889
33173536
13988721
12825117
12979006
23926335
23926336
23926337
23926338
33169627
33169628
33169629
33236644
33236647
16228954
14372626
16306709
15342665
16132744
16132745
12981428
12981431
18161541
18991812
12981452
21637156
19464658
28467633
28568184
28567917
12981454
28465049
28465173
23817443
28072719
23064946
44326372
15024771
23053761
28465175
30031750
48955705
15001695
