16220443
19187565
19618587
20187272
15021593
15021594
19881424
16229327
19891570
19881425
19881426
16229319
37510986
30945156
20265201
7671517
8777323
15341635
15341705
18799609
18799627
15741533
15743962
15341632
21350222
20955620
23053573
18799183
18799219
22891948
37510967
36481007
30945152
29563799
21350301
21350307
15741667
15741668
15743928
19881430
20131232
15509492
19881429
21350255
21350256
21350258
21350378
22891440
18799706
18800220
18800086
23053576
23064963
23064417
47842009
20958733
