19184079
19218578
15113290
15539732
15539733
18887920
15027214
15610834
14752220
15027213
15789794
18180101
21438216
21032250
15192222
6856929
16065498
22212691
29106705
22704625
23013184
15027211
19563684
19314868
19690267
17946623
18174853
15459775
31856847
16244085
18799178
22854268
22854360
23254375
24222878
27779500
23227728
23064643
23064437
12979102
25278728
28993189
22412111
15863210
19218576
17933431
18180271
18180275
18180283
18180284
21350126
22891450
31466357
30360685
15027205
20943906
18800118
18800127
18800396
15686040
22873250
30207573
23064450
12979103
17989272
30264928
30360857
30030223
30108254
15539734
24464124
15852056
