20677136
21021982
21714232
19564126
20944412
19666320
19666321
19729852
13524357
14732853
14732854
14802467
14803567
19834858
13614699
16090562
16090741
14648399
16091240
19213878
18464068
20229234
13945715
18203711
16132660
8777322
15031177
21910017
28752273
28841172
23530175
29560658
22974930
28810631
18799161
22891453
18796142
20812044
20955911
23008986
23069344
23069348
18806176
18109168
19969069
15959988
18799168
19217879
24005266
24464244
24280031
23035552
22893008
36481003
29182404
29182405
22194260
22704631
26443455
22412108
22517810
20944419
21002998
21715894
14802472
14802476
19696616
18109565
16091092
20164860
20808432
19576795
21058067
22891942
15686038
18800225
18878204
20688761
22982021
23053601
23053583
23064943
23064906
23064993
23064427
28875494
15971235
17908950
23040930
28422310
20697637
23057372
20663809
18806387
