NEW
19514897
15
16272469
294
15197179
479
6677293
747
17915296
769
19227136
793
19214639
805
6902930
833
6902933
928
1964777
2490
15176721
2857
6847951
2968
7757964
3104
18151385
3446
1903418
3692
19215921
4393
NEW
16250137
40
14579493
144
14579494
161
41522043
238
17791429
241
19227136
254
7461171
257
18752426
265
19214639
266
6902930
294
6677293
295
7751408
305
15197181
313
6902933
389
17915296
419
1940049
441
13227225
474
7365144
474
14607762
489
7816860
518
20805410
649
48865594
677
15197186
947
15176721
2318
19906425
2349
1964777
2413
6847951
2429
7757964
2565
15603181
2762
31709836
2878
11220384
2888
18151385
2907
18769839
3026
9009951
3053
1903418
3153
37062574
3384
14858769
3517
32170732
3578
32870675
3814
16136122
3827
19215921
3854
NEW
18130267
-1
NEW
18752428
0
NEW
18752426
10
16253106
57
7770986
126
18130744
146
18130746
165
13227229
674
18752420
872
1964777
2149
16136122
3563
11220384
3838
19215921
5232
NEW
18130598
-1
NEW
14579088
9
13227225
195
18021636
650
13227229
750
22337371
1150
1964777
2351
11220384
4065
16136122
4081
19215921
5459
32870675
5735
NEW
18464147
51
16253106
91
16272469
137
7770986
160
18130744
180
18130746
199
15197179
240
19531567
248
19531571
264
18185281
285
14579493
379
41522043
473
17791429
476
19227136
489
7461171
492
19214639
501
9001729
509
6902930
529
6677293
530
7751408
540
16250137
550
6902933
624
17915296
654
1940049
676
13227229
708
7365144
709
14607762
724
20805410
779
18752420
906
48865594
912
15197186
1077
36136934
1363
15431724
1400
19591127
1466
19591126
1755
1964777
2183
15603181
2220
9009951
2511
15176721
2553
19906425
2584
6847951
2664
7757964
2800
18769839
2907
18151385
3142
37062574
3265
1903418
3388
14858769
3752
32170732
3813
11220384
3872
32870675
4049
19215921
4089
16136122
4384
NEW
41522043
36
6677293
57
16250137
97
17791429
99
14579493
150
17915296
181
19227136
196
7461171
199
1940049
203
19214639
208
6902930
236
7751408
247
6902933
331
20805410
411
7365144
416
14607762
431
15197179
583
19514897
589
48865594
619
9001725
694
15197186
709
15176721
2260
19906425
2291
6847951
2371
7757964
2507
15603181
2704
31709836
2820
11220384
2830
18151385
2849
18769839
2968
9009951
2995
1903418
3095
37062574
3326
14858769
3459
32170732
3520
32870675
3756
19215921
3796
NEW
14579494
33
14579536
199
14579088
250
13227225
313
6902933
470
6902930
493
19214639
521
7751408
527
19227136
533
14607762
570
14579493
699
48865594
726
41522043
729
17791429
732
7365144
741
7461171
748
18021636
768
6677293
786
16250137
806
13227229
868
17915296
910
1940049
932
22337371
1268
7757964
2281
1964777
2469
15176721
2616
6847951
2727
11220384
2769
18151385
3205
18769839
3324
1903418
3451
19215921
4163
16136122
4199
32870675
4439
NEW
19514975
13
19531571
105
18185281
126
19531567
154
5983027
168
16253108
192
5907297
226
9001729
415
18752420
610
36136934
1269
15431724
1306
19591127
1372
19591126
1661
1964777
2105
NEW
16253108
23
18464147
67
49650310
77
19531567
218
19531571
234
18185281
255
15197179
289
9001729
479
19227136
538
19214639
550
6902930
578
6902933
673
36136934
1333
15431724
1370
19591127
1436
19591126
1725
1964777
2232
15176721
2602
6847951
2713
7757964
2849
18151385
3191
1903418
3437
19215921
4138
16136122
4354
NEW
18021636
2
18752420
740
1964777
2017
NEW
18130744
10
18130746
19
18021636
406
13227229
506
22337371
906
18752420
1146
1964777
2107
11220384
3821
16136122
3837
19215921
5215
32870675
5491
NEW
19227136
40
19214639
11
6902930
40
6902933
135
14579493
166
14579494
183
7751408
192
41522043
196
17791429
199
7461171
215
14607762
235
6677293
253
7816860
264
7365144
268
15197181
271
16250137
273
17915296
377
18752426
385
1940049
399
48865594
423
13227225
496
20805410
607
15197186
905
15176721
2112
19906425
2143
6847951
2223
7757964
2359
1964777
2533
15603181
2556
11220384
2634
31709836
2672
18151385
2701
18769839
2820
9009951
2847
1903418
2947
37062574
3178
14858769
3311
32170732
3324
32870675
3608
16136122
3947
19215921
4028
NEW
19214639
41
19227136
11
6902930
29
6902933
123
14579493
178
7751408
180
14579494
195
41522043
208
17791429
211
14607762
223
7461171
227
7816860
252
6677293
265
7365144
280
15197181
283
16250137
285
14579536
289
17915296
389
18752426
397
1940049
411
48865594
411
13227225
508
20805410
619
15197186
917
15176721
2124
19906425
2155
6847951
2235
7757964
2371
1964777
2545
15603181
2568
11220384
2622
31709836
2684
18151385
2713
18769839
2832
9009951
2859
1903418
2959
37062574
3190
32170732
3312
14858769
3323
32870675
3620
16136122
3959
19215921
4016
NEW
18130746
9
18021636
386
13227229
486
22337371
886
18752420
1126
1964777
2087
11220384
3801
16136122
3817
19215921
5195
32870675
5471
NEW
19531567
15
19531571
16
18185281
37
5907297
137
19514975
196
5983027
270
16253108
294
49650310
371
13710445
387
9001729
611
18752420
712
36136934
1465
15431724
1502
19591127
1568
19591126
1857
1964777
2207
NEW
19531571
15
18185281
21
5907297
120
19514975
179
5983027
253
16253108
277
19531567
333
49650310
354
13710445
370
9001729
594
18752420
695
36136934
1448
15431724
1485
19591127
1551
19591126
1840
1964777
2190
NEW
18185281
15
5907297
99
19514975
158
5983027
232
19531571
255
16253108
256
19531567
312
49650310
333
13710445
349
9001729
573
18752420
674
36136934
1427
15431724
1464
19591127
1530
19591126
1819
1964777
2169
NEW
21049304
44
15197186
123
7751409
160
7365144
454
19227136
612
19214639
624
6902930
652
14579493
730
14579494
747
6902933
747
41522043
760
17791429
763
7461171
779
6677293
817
7751408
827
15197181
835
16250137
837
14607762
847
7816860
876
17915296
941
18752426
949
1940049
963
48865594
1035
13227225
1060
20805410
1171
9001725
1248
15176721
2298
19906425
2329
6847951
2409
7757964
2545
15603181
2742
31709836
2858
18151385
2887
18769839
3006
9009951
3033
1964777
3097
1903418
3133
33299727
3307
37062574
3364
14858769
3497
32870675
3794
19215921
3834
11220384
4073
16136122
4511
32170732
4763
NEW
19531582
39
19524316
226
9001729
231
9001725
285
16272469
308
9001727
312
18464147
323
19531567
421
19531571
437
18185281
458
19227136
807
19214639
819
6902930
847
6902933
942
36136934
1085
15431724
1122
19591127
1188
19591126
1477
32179802
1504
31709836
1588
18752420
1881
15176721
2119
15603181
2250
9009951
2541
33299727
2743
19906425
2787
18769839
2937
14125616
2954
1964777
2957
7757964
3118
37062574
3295
22337371
3319
6847951
3341
18151385
3819
1903418
4065
16136122
4106
32170732
4131
14858769
4429
32870675
4726
19215921
4766
NEW
14579536
31
14579088
206
13227225
269
6902933
415
6902930
438
19214639
466
7751408
472
19227136
478
14607762
515
14579493
644
48865594
671
41522043
674
17791429
677
7365144
686
18021636
724
6677293
731
16250137
751
13227229
824
17915296
855
1940049
877
22337371
1224
7757964
2226
1964777
2425
15176721
2561
6847951
2672
11220384
2714
18151385
3150
18769839
3269
1903418
3396
19215921
4108
16136122
4155
32870675
4384
NEW
17915296
57
1940049
22
6677293
124
41522043
181
15197181
181
20805410
231
17791429
237
16250137
278
14579493
331
19227136
377
7461171
380
19214639
389
15197179
403
19514897
409
6902930
417
7751408
428
16272469
510
6902933
512
9001725
514
15197186
529
7461174
561
7751409
566
7365144
597
14607762
612
21049304
614
16253106
614
18464147
631
7770986
683
18130744
703
18130746
722
19531567
729
19531571
745
18185281
766
48865594
800
19524316
846
19524327
865
9001729
990
13227229
1231
36136934
1844
15431724
1881
19591127
1947
15603181
1955
19591126
2236
9009951
2246
15176721
2441
19906425
2472
6847951
2552
7757964
2688
11220384
3011
18151385
3030
18769839
3149
1903418
3276
37062574
3507
14858769
3640
32170732
3701
32870675
3937
19215921
3977
16136122
4865
NEW
13227225
9
18021636
645
13227229
745
22337371
1145
18752420
1385
1964777
2346
11220384
4060
16136122
4076
19215921
5454
32870675
5730
NEW
7816860
21
48865594
163
19227136
675
19214639
687
6902930
715
6902933
810
15176721
2053
6847951
2164
7757964
2300
36136934
2407
15603181
2497
31709836
2613
18151385
2642
15431724
2717
18769839
2761
19591127
2783
9009951
2788
11220384
2789
1903418
2888
19591126
3100
19215921
3589
16136122
5701
NEW
18752420
9
13710445
39
18021636
822
32179802
1601
1964777
1867
19591126
1878
22337371
2229
33299727
2840
14125616
3051
11220384
5112
NEW
20805410
28
1940049
80
17915296
102
6677293
225
41522043
282
15197181
282
17791429
338
16250137
379
15197179
435
19514897
441
19227136
478
19214639
490
6902930
518
16272469
542
9001725
546
15197186
561
6902933
613
19524316
878
15603181
1987
9009951
2278
15176721
2542
6847951
2653
1964777
2738
7757964
2789
11220384
3112
18151385
3131
18769839
3250
1903418
3377
19215921
4078
NEW
19524327
30
9001725
229
19524316
561
9001729
756
9001727
837
19531582
907
15431724
1413
36136934
1435
19591127
1479
15176721
1752
19591126
1768
32179802
1795
15603181
1883
31709836
1999
9009951
2174
19906425
2420
33299727
2448
18769839
2570
37062574
2952
6847951
2974
14125616
3245
1964777
3248
18151385
3452
7757964
3587
1903418
3698
14858769
4062
11220384
4305
32870675
4359
16136122
4397
19215921
4399
32170732
5805
NEW
19524316
19
19524327
19
9001729
775
15431724
1432
36136934
1454
19591127
1498
15176721
1771
19591126
1787
15603181
1902
31709836
2018
9009951
2193
18769839
2589
6847951
2993
1964777
3267
18151385
3471
7757964
3606
1903418
3717
11220384
4324
16136122
4416
19215921
4418
NEW
15197179
63
19514897
100
16272469
201
14579493
215
14579494
232
16253106
305
41522043
309
17791429
312
18464147
322
19227136
325
7461171
328
19214639
337
6902930
365
6677293
366
7770986
374
7751408
376
17915296
384
15197181
384
16250137
386
18130744
394
1940049
406
18130746
413
19531567
420
19531571
436
18185281
457
6902933
460
20805410
539
13227225
545
7365144
545
9001725
556
14607762
560
7816860
589
7461174
603
9001729
681
48865594
748
15197186
837
7751409
874
19524316
900
19524327
919
13227229
922
21049304
922
36136934
1535
15431724
1572
19591127
1638
19591126
1927
15603181
1980
31709836
2096
9009951
2271
15176721
2389
1964777
2397
19906425
2420
6847951
2500
33299727
2545
7757964
2636
18769839
2667
11220384
2959
18151385
2978
37062574
3049
1903418
3224
14858769
3588
32170732
3649
32870675
3885
19215921
3925
16136122
4556
NEW
16272469
52
16253106
104
19514897
129
18464147
137
7770986
173
18130744
193
15197179
201
18130746
212
19531567
235
19531571
251
18185281
272
14579493
392
6677293
469
41522043
486
17791429
489
17915296
491
9001729
496
19227136
502
7461171
505
1940049
513
19214639
514
6902930
542
7751408
553
16250137
563
6902933
637
20805410
646
13227229
721
7365144
722
14607762
737
48865594
925
15197186
944
36136934
1350
15431724
1387
19591127
1453
19591126
1742
15603181
2087
1964777
2196
31709836
2203
9009951
2378
15176721
2566
19906425
2624
6847951
2677
18769839
2774
7757964
2813
18151385
3155
37062574
3156
1903418
3401
14858769
3765
32170732
3826
11220384
3885
32870675
4062
19215921
4102
16136122
4371
NEW
16211076
0
NEW
16253106
44
7770986
69
18130744
89
18130746
108
15197179
277
19514897
377
14579493
416
18021636
494
41522043
510
17791429
513
19227136
526
7461171
529
19214639
538
6902930
566
6677293
567
7751408
577
16250137
587
13227229
617
6902933
661
17915296
661
1940049
683
7365144
746
14607762
761
20805410
816
9001725
833
48865594
949
22337371
994
15197186
1114
1964777
2195
15603181
2257
31709836
2373
9009951
2548
15176721
2590
19906425
2621
6847951
2701
7757964
2837
18769839
2944
18151385
3179
37062574
3302
1903418
3425
11220384
3781
14858769
3789
32170732
4623
19215921
5175
32870675
5451
NEW
14579493
11
14579494
17
13227225
330
6902933
487
6902930
510
19214639
538
19227136
550
13227229
885
7757964
2298
1964777
2486
11220384
2786
19215921
4180
NEW
49650310
38
19514975
48
16272469
129
19531567
140
18464147
142
19531571
156
18185281
177
15197179
314
19524316
396
9001729
401
9001725
455
9001727
482
19531582
552
6677293
582
17915296
604
1940049
626
19227136
628
19214639
640
6902930
668
6902933
763
36136934
1255
15431724
1292
19591127
1358
19591126
1647
32179802
1674
31709836
1758
1964777
2153
15603181
2200
9009951
2491
15176721
2692
6847951
2803
18769839
2887
33299727
2913
7757964
2939
14125616
3124
18151385
3281
1903418
3527
19215921
4228
16136122
4276
NEW
7770986
11
18130744
19
18130746
38
18021636
425
13227229
525
22337371
925
18752420
1165
1964777
2126
11220384
3840
16136122
3856
19215921
5234
32870675
5510
NEW
17791429
16
15197181
72
6677293
113
41522043
154
17915296
237
16250137
251
1940049
259
19227136
350
19214639
362
6902930
390
20805410
467
6902933
485
15197179
639
19514897
645
16272469
746
15197186
765
19524316
1082
NEW
7461171
32
14579536
217
14579088
268
13227225
331
6902933
488
6902930
511
19214639
539
7751408
545
19227136
551
14607762
588
14579493
717
48865594
744
41522043
747
17791429
750
7365144
759
18021636
786
6677293
804
16250137
824
13227229
886
17915296
928
1940049
950
22337371
1286
7757964
2299
1964777
2487
15176721
2634
6847951
2745
11220384
2787
18151385
3223
18769839
3342
1903418
3469
19215921
4181
16136122
4217
32870675
4457
NEW
6677293
43
41522043
57
15197181
57
17791429
113
17915296
124
1940049
146
16250137
154
14579493
207
19227136
253
7461171
256
19214639
265
6902930
293
7751408
304
20805410
354
6902933
388
7365144
473
14607762
488
15197179
526
19514897
532
16272469
633
9001725
637
15197186
652
48865594
676
7461174
684
7751409
689
21049304
737
19524316
969
19524327
988
15176721
2317
19906425
2348
6847951
2428
7757964
2564
15603181
2761
31709836
2877
11220384
2887
18151385
2906
18769839
3025
9009951
3052
1903418
3152
37062574
3383
14858769
3516
32170732
3577
32870675
3813
19215921
3853
NEW
15197181
28
6677293
57
17791429
72
41522043
98
17915296
181
16250137
195
1940049
203
19227136
294
19214639
306
6902930
334
20805410
411
6902933
429
15197179
583
19514897
589
16272469
690
9001725
694
15197186
709
19524316
1026
15176721
2358
6847951
2469
7757964
2605
15603181
2802
31709836
2918
11220384
2928
18151385
2947
18769839
3066
9009951
3093
1903418
3193
19215921
3894
NEW
6902930
41
19214639
29
19227136
40
6902933
95
7751408
152
14607762
195
14579493
206
14579494
223
7816860
224
41522043
236
17791429
239
7461171
255
14579536
261
6677293
293
7365144
308
15197181
311
16250137
313
48865594
383
17915296
417
18752426
425
1940049
439
13227225
536
20805410
647
15197186
945
15176721
2152
19906425
2183
6847951
2263
7757964
2399
1964777
2573
11220384
2594
15603181
2596
31709836
2712
18151385
2741
18769839
2860
9009951
2887
1903418
2987
37062574
3218
32170732
3284
14858769
3351
32870675
3648
16136122
3987
19215921
3988
NEW
9001727
7
5907297
93
19514975
152
5983027
226
19531571
249
16253108
250
18185281
270
18752420
668
NEW
7751408
31
14579536
109
6902933
292
6902930
315
19214639
343
19227136
355
13227225
378
14607762
392
14579493
521
48865594
548
41522043
551
17791429
554
7365144
563
7461171
570
6677293
608
16250137
628
17915296
732
1940049
754
13227229
933
7757964
2103
15176721
2438
1964777
2534
6847951
2549
11220384
2591
15603181
2882
31709836
2998
18151385
3027
18769839
3146
9009951
3173
1903418
3273
19215921
3985
32870675
4261
NEW
5983027
11
5907297
58
18752420
643
15431724
1006
19591127
1072
19591126
1361
32179802
1388
1964777
2136
33299727
2627
31709836
2634
14125616
2838
11220384
5381
NEW
17915327
0
NEW
6902933
31
7751408
57
14579536
166
6902930
372
19214639
400
19227136
412
13227225
435
14607762
449
14579493
578
48865594
605
41522043
608
17791429
611
7365144
620
7461171
627
6677293
665
16250137
685
17915296
789
1940049
811
13227229
990
7757964
2160
15176721
2495
1964777
2591
6847951
2606
11220384
2648
15603181
2939
31709836
3055
18151385
3084
18769839
3203
9009951
3230
1903418
3330
19215921
4042
32870675
4318
NEW
17915328
-1
NEW
7751409
36
21049304
48
15197186
171
7365144
502
19227136
660
19214639
672
6902930
700
14579493
778
6902933
795
41522043
808
17791429
811
7461171
827
6677293
865
7751408
875
16250137
885
14607762
895
17915296
989
1940049
1011
48865594
1083
9001725
1296
15176721
2346
19906425
2377
6847951
2457
7757964
2593
15603181
2790
31709836
2906
18151385
2935
18769839
3054
9009951
3081
1903418
3181
33299727
3355
37062574
3412
14858769
3545
32870675
3842
19215921
3882
11220384
4121
32170732
4811
NEW
5907297
11
13710445
249
5983027
317
18752420
584
18021636
1032
32179802
1811
1964777
2077
19591126
2088
22337371
2439
33299727
3050
14125616
3261
11220384
5322
NEW
17916549
34
7365144
215
19227136
373
19214639
385
6902930
413
14579493
491
6902933
508
41522043
521
17791429
524
7461171
540
6677293
578
7751408
588
16250137
598
14607762
608
17915296
702
1940049
724
48865594
796
15197186
958
15176721
2059
19906425
2090
6847951
2170
7757964
2306
15603181
2503
31709836
2619
18151385
2648
18769839
2767
9009951
2794
1903418
2894
33299727
3068
37062574
3125
14858769
3258
32870675
3555
19215921
3595
11220384
3834
32170732
4524
NEW
15197186
36
7751409
38
21049304
86
7365144
361
19227136
519
19214639
531
6902930
559
14579493
637
6902933
654
41522043
667
17791429
670
7461171
686
6677293
724
7751408
734
16250137
744
14607762
754
17915296
848
1940049
870
48865594
942
9001725
1155
15176721
2205
19906425
2236
6847951
2316
7757964
2452
15603181
2649
31709836
2765
18151385
2794
18769839
2913
9009951
2940
1903418
3040
33299727
3214
37062574
3271
14858769
3404
32870675
3701
19215921
3741
11220384
3980
32170732
4670
NEW
9001729
26
9001727
82
19531582
152
5907297
175
19514975
234
5983027
308
19531571
331
16253108
332
18185281
352
19524316
377
9001725
436
18752420
750
36136934
1236
15431724
1273
19591127
1339
19591126
1628
32179802
1655
31709836
1739
1964777
2245
15603181
2401
9009951
2692
33299727
2894
19906425
2938
18769839
3088
14125616
3105
37062574
3446
16136122
4257
NEW
1940049
58
17915296
22
6677293
146
41522043
203
15197181
203
20805410
209
17791429
259
16250137
300
14579493
353
15197179
381
19514897
387
19227136
399
7461171
402
19214639
411
6902930
439
7751408
450
16272469
488
9001725
492
15197186
507
6902933
534
7461174
539
7751409
544
21049304
592
16253106
592
18464147
609
7365144
619
14607762
634
7770986
661
18130744
681
18130746
700
19531567
707
19531571
723
18185281
744
48865594
822
19524316
824
19524327
843
9001729
968
13227229
1209
36136934
1822
15431724
1859
19591127
1925
15603181
1933
19591126
2214
9009951
2224
15176721
2463
19906425
2494
6847951
2574
1964777
2684
7757964
2710
11220384
3033
18151385
3052
18769839
3171
1903418
3298
37062574
3529
14858769
3662
32170732
3723
32870675
3959
19215921
3999
16136122
4843
NEW
7461174
49
1940049
259
17915296
281
20805410
288
9001725
305
15197179
397
19514897
403
6677293
404
41522043
461
15197181
461
16272469
504
17791429
517
16250137
558
15197186
586
14579493
612
19524316
649
19227136
722
7461171
725
19214639
734
6902930
762
7751408
773
6902933
857
7365144
942
14607762
957
48865594
1145
36136934
1281
15431724
1591
15176721
1598
19591127
1657
15603181
1729
31709836
1845
32179802
1973
9009951
2020
19906425
2266
33299727
2294
19591126
2332
18769839
2416
37062574
2798
6847951
2820
7757964
3033
18151385
3298
14125616
3423
1964777
3426
1903418
3544
14858769
3908
32170732
4046
11220384
4151
32870675
4205
19215921
4245
16136122
4575
NEW
13227229
46
14579536
390
14579088
452
13227225
515
6902933
627
6902930
650
19214639
678
7751408
684
19227136
690
14607762
727
7816860
756
48865594
765
14579493
856
14579494
873
41522043
886
17791429
889
7365144
898
7461171
905
6677293
943
15197181
961
16250137
963
18021636
970
17915296
1067
18752426
1075
1940049
1089
20805410
1297
22337371
1470
15197186
1554
18752420
1710
7757964
2320
15176721
2655
1964777
2671
19906425
2686
6847951
2766
11220384
2808
15603181
3099
31709836
3215
18151385
3244
18769839
3363
9009951
3390
1903418
3490
32170732
3498
37062574
3721
14858769
3854
19215921
4202
16136122
4401
32870675
4478
NEW
14607762
0
NEW
9001725
23
7461174
48
1940049
307
17915296
329
16272469
342
15197179
445
6677293
452
19227136
770
19214639
782
6902930
810
6902933
905
36136934
1329
15176721
1646
15603181
1777
31709836
1893
9009951
2068
19591126
2380
18769839
2464
1964777
2538
6847951
2868
7757964
3081
18151385
3346
1903418
3592
19215921
4293
NEW
13710445
6
5983027
164
19514975
230
19531571
327
16253108
328
18185281
348
18752420
576
NEW
7365144
33
19227136
268
19214639
280
6902930
308
14579493
386
6902933
403
41522043
416
17791429
419
7461171
435
6677293
473
7751408
483
16250137
493
14607762
503
17915296
597
1940049
619
48865594
691
15197186
847
15176721
1948
19906425
1979
6847951
2059
7757964
2195
15603181
2392
31709836
2508
18151385
2537
18769839
2656
9009951
2683
1903418
2783
33299727
2957
37062574
3014
14858769
3147
32870675
3444
19215921
3484
11220384
3723
32170732
4413
NEW
48865594
42
7365144
358
19227136
522
19214639
534
6902930
562
14579493
640
6902933
657
41522043
670
17791429
673
7461171
689
6677293
727
7751408
737
16250137
747
14607762
757
15197186
799
17915296
851
1940049
873
9001725
1370
15176721
1900
19906425
1931
6847951
2011
7757964
2147
19524316
2155
36136934
2254
15603181
2344
31709836
2460
18151385
2489
15431724
2564
18769839
2608
11220384
2626
19591127
2630
9009951
2635
1903418
2735
33299727
2909
32179802
2946
19591126
2947
37062574
2966
14858769
3099
32170732
3316
32870675
3396
19215921
4020
14125616
4396
16136122
5548
NEW
19591127
72
19591126
289
36136934
572
32179802
630
15431724
734
19524316
947
19524327
966
9001729
969
5983027
982
5907297
1040
9001727
1050
31709836
1075
19531582
1120
33299727
1249
18752420
1493
13710445
1532
9001725
1539
7461174
1586
15176721
1606
1940049
1623
17915296
1645
20805410
1652
15603181
1737
15197179
1761
19514897
1767
6677293
1768
15197181
1825
16272469
1868
16253106
1972
14579493
1976
16253108
1980
18464147
1989
14579494
1993
9009951
2028
7770986
2041
49650310
2057
18130744
2061
41522043
2070
17791429
2073
18130746
2080
19227136
2086
7461171
2089
19214639
2098
14125616
2100
6902930
2126
7751408
2137
16250137
2147
15197186
2191
6902933
2221
7751409
2228
19906425
2274
21049304
2276
13227225
2306
14607762
2321
18021636
2349
7816860
2350
18769839
2424
48865594
2509
7365144
2529
1964777
2569
37062574
2806
6847951
2828
22337371
2931
18151385
3306
7757964
3441
1903418
3552
13227229
3641
16136122
3718
14858769
3916
11220384
4159
32870675
4213
19215921
4253
32170732
5659
NEW
22337371
11
13227229
817
18021636
825
1964777
1721
11220384
3435
7757964
3962
16136122
4408
19215921
4829
32870675
5105
18151385
5300
1903418
5546
14858769
5910
NEW
15431724
72
19591127
66
19591126
355
36136934
638
32179802
696
19524316
1013
19524327
1032
9001729
1035
5983027
1048
5907297
1106
9001727
1116
31709836
1141
19531582
1186
33299727
1315
18752420
1559
13710445
1598
9001725
1605
7461174
1652
15176721
1672
1940049
1689
17915296
1711
20805410
1718
15603181
1803
15197179
1827
19514897
1833
6677293
1834
15197181
1891
16272469
1934
16253106
2038
14579493
2042
16253108
2046
18464147
2055
14579494
2059
9009951
2094
7770986
2107
49650310
2123
18130744
2127
41522043
2136
17791429
2139
18130746
2146
19227136
2152
7461171
2155
19214639
2164
14125616
2166
6902930
2192
7751408
2203
16250137
2213
15197186
2257
6902933
2287
7751409
2294
19906425
2340
21049304
2342
13227225
2372
14607762
2387
18021636
2415
7816860
2416
18769839
2490
48865594
2575
7365144
2595
1964777
2635
37062574
2872
6847951
2894
22337371
2997
18151385
3372
7757964
3507
1903418
3618
13227229
3707
16136122
3784
14858769
3982
11220384
4225
32870675
4279
19215921
4319
32170732
5725
NEW
32179802
31
15431724
439
19591127
505
19591126
794
36136934
1077
18752420
1142
19524316
1257
31709836
1580
16253108
1629
18021636
1998
15176721
2111
1964777
2218
15603181
2242
9009951
2533
22337371
2580
33299727
2659
15197186
2696
19906425
2779
14125616
2870
18769839
2929
16136122
3283
37062574
3287
13227229
3290
6847951
3333
18151385
3811
7757964
3946
1903418
4057
14858769
4421
32870675
4718
19215921
4758
11220384
5463
32170732
6305
NEW
19591126
42
32179802
341
36136934
763
15431724
779
19591127
845
31709836
1007
33299727
1084
19524316
1138
19524327
1157
9001729
1160
9001727
1241
19531582
1311
9009951
1407
18752420
1482
15603181
1577
9001725
1730
7461174
1777
14125616
1811
1940049
1814
17915296
1836
20805410
1843
16253108
1969
18769839
2264
18021636
2338
15197186
2382
7751409
2419
19906425
2465
21049304
2467
15176721
2557
1964777
2558
37062574
2622
22337371
2920
6847951
3019
18151385
3497
14858769
3616
16136122
3623
13227229
3630
7757964
3632
1903418
3743
32870675
4404
19215921
4444
11220384
5803
32170732
6645
NEW
36136934
42
31709836
825
33299727
902
19591126
932
9009951
1225
32179802
1232
15603181
1395
15431724
1670
19591127
1736
18769839
2082
18752420
2373
15176721
2375
37062574
2440
9001725
2468
7461174
2515
1940049
2552
17915296
2574
20805410
2581
19524316
2646
19524327
2665
15197179
2690
6677293
2697
14125616
2702
15197186
2804
7751409
2841
16253108
2860
19906425
2887
21049304
2889
7365144
3142
18021636
3229
14858769
3434
6847951
3441
1964777
3449
22337371
3811
1903418
3822
16136122
3908
18151385
3919
7757964
4054
13227229
4521
11220384
4772
32870675
4826
19215921
4866
32170732
6272
NEW
31709836
53
33299727
945
15603181
951
19591126
975
9009951
1254
9001725
1260
32179802
1275
1940049
1344
17915296
1366
20805410
1373
19524316
1438
15197179
1482
19514897
1488
6677293
1489
15197181
1546
16272469
1589
14579493
1697
15431724
1713
19591127
1779
41522043
1791
17791429
1794
19227136
1807
7461171
1810
19214639
1819
6902930
1847
7751408
1858
16250137
1868
15197186
1912
6902933
1942
19906425
1995
37062574
2032
14607762
2042
18769839
2125
48865594
2230
7365144
2250
36136934
2351
18752420
2416
15176721
2418
6847951
2549
14125616
2745
16253108
2903
14858769
2990
18151385
3027
7757964
3162
18021636
3272
1903418
3378
1964777
3492
22337371
3854
11220384
3880
32870675
3934
16136122
3951
19215921
3974
13227229
4564
32170732
5380
NEW
1964777
41
18752420
1279
13710445
1318
16253108
1332
18464147
1399
49650310
1409
22337371
1428
19531567
1550
19531571
1566
18185281
1587
32179802
1599
15197179
1621
15431724
1689
19591127
1755
9001729
1811
19227136
1870
19591126
1876
19214639
1882
6902930
1910
6902933
2005
13227229
2138
18021636
2146
36136934
2327
33299727
2838
31709836
2845
14125616
3049
16136122
3279
9009951
3341
15603181
3415
19906425
4029
18769839
4102
11220384
4311
15176721
4395
37062574
4460
6847951
4583
7757964
4838
18151385
5061
32170732
5153
1903418
5307
14858769
5454
19215921
5705
32870675
5981
NEW
7757964
56
11220384
300
6847951
1195
18151385
1433
1903418
1679
19906425
1985
14858769
2043
19215921
2109
32870675
2385
15176721
2391
18769839
3099
48865594
3129
15603181
3148
32170732
3201
7365144
3366
37062574
3457
19227136
3530
19214639
3542
6902930
3570
15197186
3645
14579493
3648
6902933
3665
14579494
3665
41522043
3678
17791429
3681
7751409
3682
7461171
3697
21049304
3730
6677293
3735
7751408
3745
15197181
3753
16250137
3755
14607762
3765
7816860
3794
17915296
3859
18752426
3867
1940049
3881
20805410
3932
13227225
3978
9001725
3998
22337371
4221
13227229
4631
18021636
4639
19524316
4783
1964777
4792
19524327
4802
36136934
4882
31709836
5088
15431724
5192
19591127
5258
9009951
5263
18752420
5379
33299727
5537
32179802
6391
19591126
6668
16136122
7799
14125616
7841
NEW
11220384
56
7757964
527
19215921
1809
6847951
2042
32870675
2085
18151385
2280
1903418
2526
48865594
2829
19906425
2832
14858769
2890
32170732
2901
7365144
3066
19227136
3230
15176721
3238
19214639
3242
6902930
3270
15197186
3345
14579493
3348
6902933
3365
14579494
3365
41522043
3378
17791429
3381
7751409
3382
7461171
3397
21049304
3430
6677293
3435
7751408
3445
15197181
3453
16250137
3455
14607762
3465
7816860
3494
17915296
3559
18752426
3567
1940049
3581
20805410
3632
13227225
3678
9001725
3698
22337371
3921
18769839
3946
15603181
3995
37062574
4304
13227229
4331
18021636
4339
19524316
4483
1964777
4492
19524327
4502
36136934
4582
31709836
4788
15431724
4892
19591127
4958
9009951
4963
18752420
5079
33299727
5237
32179802
6091
19591126
6368
16136122
7499
14125616
7541
NEW
6847951
54
18151385
926
19906425
1050
1903418
1172
7757964
1369
14858769
1536
15176721
1644
11220384
1779
32870675
1833
19215921
1873
7365144
1976
19227136
2140
19214639
2152
6902930
2180
14579493
2258
6902933
2275
14579494
2275
41522043
2288
17791429
2291
7461171
2307
6677293
2345
18769839
2352
7751408
2355
15197181
2363
16250137
2365
14607762
2375
15603181
2401
7816860
2404
1940049
2439
15197186
2460
17915296
2461
20805410
2468
18752426
2477
7751409
2497
48865594
2513
9001725
2534
21049304
2545
7461174
2581
13227225
2588
37062574
2710
19524316
2860
19524327
2879
31709836
3143
9009951
3444
33299727
3592
19591126
3630
32179802
3930
36136934
4029
32170732
4351
15431724
4368
19591127
4434
22337371
5371
14125616
5400
1964777
5942
16136122
8949
NEW
19906425
44
6847951
1049
15176721
1267
18151385
1292
1903418
1538
18769839
1539
7365144
1599
19227136
1763
19214639
1775
6902930
1803
14579493
1881
6902933
1898
14858769
1902
41522043
1911
17791429
1914
7461171
1930
6677293
1968
7751408
1978
16250137
1988
14607762
1998
15603181
2024
7757964
2041
1940049
2062
15197186
2083
17915296
2084
20805410
2091
48865594
2136
9001725
2157
37062574
2333
11220384
2451
19524316
2483
32870675
2505
19215921
2545
31709836
2766
33299727
3215
19591126
3253
32179802
3553
36136934
3652
9009951
3895
15431724
3991
19591127
4057
32170732
4214
1964777
5770
22337371
6043
16136122
6229
NEW
15176721
58
19906425
1102
18769839
1529
15603181
1578
6847951
1656
1940049
1705
15197186
1726
17915296
1727
20805410
1734
7751409
1763
9001725
1800
21049304
1811
7461174
1847
37062574
1887
7365144
2028
18151385
2134
19227136
2192
19214639
2204
6902930
2232
14579493
2310
31709836
2320
6902933
2327
14579494
2327
41522043
2340
17791429
2343
7461171
2359
1903418
2380
6677293
2397
7751408
2407
15197181
2415
16250137
2417
7757964
2425
14607762
2427
7816860
2456
18752426
2529
48865594
2565
9009951
2621
13227225
2640
14858769
2744
33299727
2769
19591126
2807
11220384
2987
32870675
3041
19215921
3081
19524316
3107
32179802
3107
19524327
3126
15197179
3151
19514897
3157
36136934
3206
16272469
3258
15431724
3545
19591127
3611
18752420
4248
14125616
4577
32170732
4643
1964777
5324
22337371
5686
16136122
5783
NEW
33299727
47
9009951
781
31709836
982
15603181
1552
19591126
1570
32179802
1579
15431724
2017
14125616
2051
19591127
2083
18769839
2239
37062574
2263
15176721
2532
9001725
2625
36136934
2655
1940049
2709
17915296
2731
20805410
2738
19524316
2803
15197179
2847
6677293
2854
15197181
2911
15197186
2961
19906425
3044
14579493
3062
41522043
3156
17791429
3159
19227136
3172
7461171
3175
19214639
3184
6902930
3212
7751408
3223
16250137
3233
7365144
3299
6902933
3307
14607762
3407
14858769
3591
48865594
3595
6847951
3598
1964777
3796
1903418
3979
16136122
3979
18151385
4076
7757964
4211
13227229
4868
11220384
4929
32870675
4983
19215921
5023
32170732
6429
NEW
15603181
69
9009951
1249
18769839
1257
31709836
1338
15176721
1550
37062574
1568
33299727
1787
19591126
1825
9001725
1947
7461174
1994
1940049
2031
17915296
2053
20805410
2060
19524316
2125
32179802
2125
19524327
2144
15197179
2169
19514897
2175
6677293
2176
36136934
2224
15197181
2233
16272469
2276
15197186
2283
7751409
2320
9001729
2320
19906425
2366
21049304
2368
16253106
2380
14579493
2384
18464147
2397
9001727
2401
14579494
2401
7770986
2449
18130744
2469
19531582
2471
41522043
2478
17791429
2481
18130746
2488
19227136
2494
19531567
2495
7461171
2497
19214639
2506
19531571
2511
18185281
2532
6902930
2534
7751408
2545
16250137
2555
15431724
2563
14858769
2609
7365144
2621
19591127
2629
6902933
2629
13227225
2714
14607762
2729
7816860
2758
48865594
2917
6847951
2920
1903418
2997
13227229
2997
18752420
3266
18151385
3398
7757964
3533
14125616
3595
11220384
4251
32870675
4305
1964777
4342
19215921
4345
22337371
4704
16136122
4801
32170732
5751
NEW
18769839
69
14858769
1576
1903418
1964
18151385
2108
15176721
2331
15603181
2857
19906425
3034
37062574
3165
6847951
3170
7757964
3501
31709836
3599
32870675
3703
19215921
3743
9009951
3900
11220384
3911
7365144
3960
33299727
4048
19591126
4086
19227136
4124
19214639
4136
6902930
4164
9001725
4208
14579493
4242
7461174
4255
6902933
4259
14579494
4259
41522043
4272
17791429
4275
7461171
4291
1940049
4292
17915296
4314
20805410
4321
6677293
4329
7751408
4339
15197181
4347
16250137
4349
14607762
4359
32179802
4386
19524316
4386
7816860
4388
19524327
4405
15197179
4430
19514897
4436
15197186
4444
18752426
4461
7751409
4481
36136934
4485
48865594
4497
21049304
4529
16272469
4537
13227225
4572
9001729
4581
18464147
4658
9001727
4662
7770986
4710
18130744
4730
19531582
4732
18130746
4749
19531567
4756
19531571
4772
18185281
4793
15431724
4824
19591127
4890
13227229
5258
18752420
5527
14125616
5856
32170732
6483
1964777
6603
22337371
6965
16136122
7062
NEW
18151385
57
1903418
460
14858769
824
6847951
1276
19906425
1424
7757964
1607
15176721
1830
11220384
2017
32870675
2071
19215921
2111
18769839
2306
15603181
2356
7365144
2604
37062574
2664
19227136
2768
19214639
2780
6902930
2808
14579493
2886
6902933
2903
14579494
2903
41522043
2916
17791429
2919
7461171
2935
6677293
2973
7751408
2983
15197181
2991
16250137
2993
14607762
3003
7816860
3032
1940049
3067
15197186
3088
17915296
3089
20805410
3096
31709836
3098
18752426
3105
7751409
3125
48865594
3141
9001725
3162
21049304
3173
7461174
3209
13227225
3216
9009951
3399
33299727
3547
19591126
3585
19524316
3885
32179802
3885
19524327
3904
15197179
3929
19514897
3935
36136934
3984
15431724
4323
19591127
4389
32170732
4589
18752420
5026
14125616
5355
22337371
5609
1964777
6180
16136122
6561
NEW
9009951
67
33299727
801
31709836
1042
15603181
1292
19591126
1339
37062574
1483
32179802
1639
14125616
2068
15431724
2077
19591127
2143
18769839
2188
9001725
2365
7461174
2412
1940049
2449
17915296
2471
20805410
2478
15176721
2481
19524316
2543
19524327
2562
15197179
2587
19514897
2593
6677293
2594
15197181
2651
16272469
2694
15197186
2701
36136934
2715
7751409
2738
9001729
2738
18752420
2780
19906425
2784
21049304
2786
16253106
2798
14579493
2802
9001727
2819
14579494
2819
7770986
2867
18130744
2887
19531582
2889
41522043
2896
17791429
2899
18130746
2906
19227136
2912
7461171
2915
19214639
2924
6902930
2952
7751408
2963
16250137
2973
7365144
3039
6902933
3047
13227225
3132
14607762
3147
7816860
3176
16253108
3267
48865594
3335
6847951
3338
14858769
3540
18021636
3636
18151385
3816
1964777
3856
1903418
3928
7757964
3951
22337371
4218
11220384
4669
32870675
4723
19215921
4763
16136122
4829
13227229
4928
32170732
6169
NEW
32870675
45
19215921
276
6847951
1659
1903418
1767
7757964
1802
18151385
1897
19906425
2449
14858769
2481
11220384
2735
15176721
2855
7365144
3187
19227136
3351
19214639
3363
6902930
3391
14579493
3469
6902933
3486
41522043
3499
17791429
3502
7461171
3518
6677293
3556
18769839
3563
7751408
3566
16250137
3576
14607762
3586
15603181
3612
1940049
3650
15197186
3671
17915296
3672
20805410
3679
9001725
3745
37062574
3921
19524316
4071
31709836
4354
48865594
4536
32170732
4608
9009951
4655
33299727
4803
19591126
4841
32179802
5141
15431724
5579
22337371
5628
19591127
5645
13227229
6038
18021636
6046
1964777
6199
36136934
6289
NEW
14858769
49
1903418
1085
15176721
1222
18151385
1229
18769839
1698
15603181
1748
19906425
1925
37062574
2056
6847951
2291
31709836
2490
7757964
2622
9009951
2791
32870675
2824
7365144
2851
19215921
2864
33299727
2939
19591126
2977
19227136
3015
19214639
3027
11220384
3032
6902930
3055
9001725
3099
14579493
3133
6902933
3150
41522043
3163
17791429
3166
7461171
3182
1940049
3183
17915296
3205
20805410
3212
6677293
3220
7751408
3230
16250137
3240
14607762
3250
32179802
3277
19524316
3277
15197179
3321
19514897
3327
15197186
3335
36136934
3376
48865594
3388
16272469
3428
9001729
3472
9001727
3553
19531582
3623
15431724
3715
19591127
3781
32170732
5466
1964777
5494
16136122
5953
NEW
19215921
54
32870675
276
7757964
1910
1903418
2110
6847951
2255
11220384
2459
18151385
2493
14858769
2824
19906425
3045
15176721
3451
18769839
4159
15603181
4208
48865594
4260
32170732
4332
7365144
4497
37062574
4517
19227136
4661
19214639
4673
6902930
4701
15197186
4776
14579493
4779
6902933
4796
14579494
4796
41522043
4809
17791429
4812
7751409
4813
7461171
4828
21049304
4861
6677293
4866
7751408
4876
15197181
4884
16250137
4886
14607762
4896
7816860
4925
31709836
4950
17915296
4990
18752426
4998
1940049
5012
20805410
5063
13227225
5109
9001725
5129
9009951
5251
22337371
5352
33299727
5399
19591126
5437
13227229
5762
18021636
5770
19524316
5914
1964777
5923
19524327
5933
36136934
6013
15431724
6323
19591127
6389
18752420
6510
32179802
7522
NEW
1903418
61
18151385
403
14858769
814
6847951
1465
19906425
1613
7757964
1796
15176721
1820
32870675
1883
19215921
1923
11220384
2206
18769839
2296
15603181
2346
37062574
2654
7365144
2793
19227136
2957
19214639
2969
6902930
2997
14579493
3075
31709836
3088
6902933
3092
14579494
3092
41522043
3105
17791429
3108
7461171
3124
6677293
3162
7751408
3172
15197181
3180
16250137
3182
14607762
3192
7816860
3221
1940049
3256
15197186
3277
17915296
3278
20805410
3285
18752426
3294
7751409
3314
48865594
3330
21049304
3362
9009951
3389
13227225
3405
33299727
3537
19591126
3575
9001725
3697
7461174
3744
19524316
3875
32179802
3875
19524327
3894
15197179
3919
19514897
3925
36136934
3974
16272469
4026
9001729
4070
9001727
4151
19531582
4221
15431724
4313
19591127
4379
32170732
4778
18752420
5016
14125616
5345
22337371
5798
1964777
6092
16136122
6551
NEW
14125616
31
33299727
1643
32179802
1706
9009951
1825
19591126
1875
15431724
2144
19591127
2210
31709836
2405
36136934
2782
15603181
2975
19524316
3020
37062574
3023
18769839
3662
1964777
3923
15176721
3955
9001725
4048
1940049
4132
17915296
4154
20805410
4161
16136122
4284
15197186
4384
19906425
4467
13227229
4995
14858769
5014
6847951
5021
1903418
5402
18151385
5499
7757964
5634
11220384
6352
32870675
6406
19215921
6446
32170732
8010
NEW
16136122
24
18752420
3024
13710445
3063
32179802
3344
19591126
3621
1964777
3810
22337371
4172
15431724
4220
19591127
4286
33299727
4583
31709836
4604
14125616
4794
36136934
4858
13227229
4882
18021636
4890
9009951
5086
15603181
5174
18769839
5861
15176721
6154
37062574
6219
19906425
6560
6847951
7114
14858769
7213
11220384
7522
7757964
8049
NEW
37062574
51
18769839
953
15176721
1246
9009951
1601
15603181
1611
19906425
2038
31709836
2075
33299727
2214
14858769
2305
19591126
2562
6847951
2592
9001725
2684
1903418
2693
1940049
2768
17915296
2790
20805410
2797
18151385
2837
32179802
2862
19524316
2862
15197179
2906
19514897
2912
6677293
2913
36136934
2961
7365144
2964
15197181
2970
16272469
3013
15197186
3020
9001729
3057
14579493
3121
19227136
3128
9001727
3138
19214639
3140
14125616
3148
6902930
3168
19531582
3208
41522043
3215
17791429
3218
7461171
3234
7751408
3282
16250137
3292
15431724
3300
7757964
3361
6902933
3366
19591127
3366
14607762
3466
48865594
3501
11220384
3923
32870675
3977
19215921
4017
1964777
5079
32170732
5579
16136122
5909
NEW
32170732
57
11220384
2968
48865594
3205
7365144
3442
7757964
3495
19227136
3606
19214639
3618
6902930
3646
15197186
3721
14579493
3724
6902933
3741
14579494
3741
41522043
3754
17791429
3757
7751409
3758
7461171
3773
21049304
3806
6677293
3811
7751408
3821
15197181
3829
16250137
3831
14607762
3841
7816860
3870
17915296
3935
18752426
3943
1940049
3957
20805410
4008
13227225
4054
9001725
4074
7461174
4121
22337371
4294
19215921
4362
6847951
4595
15176721
4604
19906425
4635
32870675
4638
13227229
4704
18021636
4712
18151385
4833
19524316
4859
1964777
4865
19524327
4878
36136934
4958
15603181
5048
1903418
5079
31709836
5164
15431724
5268
18769839
5312
19591127
5334
9009951
5339
14858769
5443
18752420
5452
33299727
5613
19591126
5651
37062574
5670
32179802
6464
16136122
7872
14125616
7914
NEW
33237965
0
NEW
32163491
0
NEW
32878105
50
14858769
1532
37062574
1910
1903418
2033
18151385
2177
18769839
2333
15176721
2400
15603181
2926
19906425
3103
9009951
3197
6847951
3239
7757964
3570
31709836
3668
32870675
3772
33299727
3810
19215921
3812
11220384
3980
7365144
4029
19591126
4155
19227136
4193
19214639
4205
6902930
4233
9001725
4277
14579493
4311
6902933
4328
41522043
4341
17791429
4344
7461171
4360
1940049
4361
17915296
4383
20805410
4390
6677293
4398
7751408
4408
16250137
4418
14607762
4428
32179802
4455
19524316
4455
15197179
4499
19514897
4505
15197186
4513
36136934
4554
48865594
4566
16272469
4606
9001729
4650
9001727
4731
14125616
4744
19531582
4801
15431724
4893
19591127
4959
1964777
6672
16136122
7131
