19514897	16250137	154	624	50	12		605584073	154	1569	658	12		220758554
19514897	18130267	154	624	39	10		201586843	154	1569	501	10		204475104
19514897	18752428	154	624	35	8		218340064	154	1569	450	8		193857070
19514897	18752426	154	624	39	8		202608481	154	1569	506	8		188586075
19514897	18130598	154	624	55	9		178751985	154	1569	759	9		213763722
19514897	14579088	154	624	53	10		176155578	154	1569	669	10		178219599
19514897	18464147	154	624	54	11		173245815	154	1569	659	11		177864436
19514897	41522043	154	624	46	12		175385804	154	1569	608	12		176717686
19514897	14579494	154	624	48	13		173242453	154	1569	608	13		178431027
19514897	15197179	154	624	65	13		206892948	154	1569	812	13		183623000
19514897	16272469	154	624	40	8		148326290	154	1569	506	8		164255139
19514897	16211076	154	624	35	8		156552745	154	1569	450	8		178723731
19514897	16253106	154	624	72	11		157825221	154	1569	919	11		162468262
19514897	14579493	154	624	80	15		154751606	154	1569	1031	15		166419115
19514897	49650310	154	624	75	11		154949311	154	1569	965	11		158243534
19514897	7770986	154	624	75	12		151882498	154	1569	929	12		155460441
19514897	17791429	154	624	67	10		156463421	154	1569	873	10		160690546
19514897	7461171	154	624	63	17		152083742	154	1569	812	17		173561765
19514897	6677293	154	624	72	9		204514097	154	1569	900	9		162864662
19514897	21057006	154	624	65	7		160783611	154	1569	838	7		228454853
19514897	18021634	154	624	80	6		155571098	154	1569	1001	6		162250978
19514897	13955186	154	624	79	7		156222803	154	1569	1001	7		166442411
19514897	16210652	154	624	81	6		153479126	154	1569	1001	6		158588544
19514897	14579476	154	624	68	8		157284581	154	1569	888	8		179909732
19514897	7459221	154	624	44	9		193791425	154	1569	545	9		169266523
19514897	18754874	154	624	70	11		193478003	154	1569	907	11		157940875
19514897	35497190	154	624	70	7		173721916	154	1569	883	7		177767285
19514897	9001623	154	624	64	6		151687435	154	1569	839	6		158431992
19514897	15178444	154	624	35	9		148532330	154	1569	455	9		153886587
16250137	19514897	139	701	125	15		147273577	139	1415	819	15		153635387
16250137	18130267	139	701	71	20		149536431	139	1415	449	20		159385746
16250137	18752428	139	701	64	14		150848712	139	1415	402	14		150359107
16250137	18752426	139	701	69	15		147817584	139	1415	453	15		172497491
16250137	18130598	139	701	108	16		272483156	139	1415	685	16		154147002
16250137	14579088	139	701	93	17		149161528	139	1415	602	17		198444263
16250137	18464147	139	701	92	14		155838636	139	1415	594	14		152163008
16250137	41522043	139	701	86	13		150940125	139	1415	547	13		156378902
16250137	14579494	139	701	89	14		147560193	139	1415	547	14		154138176
16250137	15197179	139	701	113	13		159450324	139	1415	735	13		152415695
16250137	16272469	139	701	75	12		155442187	139	1415	453	12		153386835
16250137	16211076	139	701	64	14		155399931	139	1415	402	14		150854017
16250137	16253106	139	701	128	15		150773441	139	1415	831	15		167459173
16250137	14579493	139	701	141	13		153783418	139	1415	935	13		190207151
16250137	49650310	139	701	134	16		156248937	139	1415	871	16		150076401
16250137	7770986	139	701	125	20		151738053	139	1415	841	20		154067251
16250137	17791429	139	701	114	12		151502921	139	1415	792	12		151911979
16250137	7461171	139	701	117	15		148088588	139	1415	735	15		155162936
16250137	6677293	139	701	126	10		148468399	139	1415	812	10		153031088
16250137	21057006	139	701	117	13		150695621	139	1415	757	13		157613938
16250137	18021634	139	701	137	10		151576062	139	1415	906	10		152913933
16250137	13955186	139	701	135	14		152533416	139	1415	906	14		160508889
16250137	16210652	139	701	141	10		154035863	139	1415	906	10		169874183
16250137	14579476	139	701	130	10		175941761	139	1415	803	10		152253183
16250137	7459221	139	701	78	17		149126830	139	1415	492	17		152007073
16250137	18754874	139	701	121	13		151151688	139	1415	819	13		157132581
16250137	35497190	139	701	123	10		151577462	139	1415	799	10		154725237
16250137	9001623	139	701	112	12		150959983	139	1415	756	12		152655931
16250137	15178444	139	701	61	13		149145095	139	1415	408	13		151464891
18130267	19514897	17	225	42	6		150314249	17	225	130	6		149009723
18130267	16250137	17	225	31	7		145802742	17	225	94	7		150340927
18130267	18752428	17	225	21	5		143470031	17	225	63	5		152646009
18130267	18752426	17	225	22	5		146161477	17	225	71	5		147750397
18130267	18130598	17	225	35	7		147182311	17	225	109	7		145661508
18130267	14579088	17	225	30	7		147942016	17	225	95	7		147714865
18130267	18464147	17	225	30	8		145292395	17	225	95	8		145592069
18130267	41522043	17	225	28	9		147771232	17	225	87	9		146029939
18130267	14579494	17	225	29	10		146507829	17	225	87	10		146773297
18130267	15197179	17	225	36	10		147098777	17	225	119	10		145919744
18130267	16272469	17	225	24	6		144879415	17	225	71	6		217727018
18130267	16211076	17	225	21	5		145174320	17	225	63	5		147260533
18130267	16253106	17	225	41	8		145568050	17	225	134	8		151379992
18130267	14579493	17	225	44	11		154901783	17	225	151	11		147233613
18130267	49650310	17	225	45	8		148193477	17	225	140	8		148663160
18130267	7770986	17	225	40	9		150107067	17	225	135	9		149703373
18130267	17791429	17	225	38	7		145736756	17	225	128	7		148952977
18130267	7461171	17	225	37	13		147650327	17	225	119	13		149139888
18130267	6677293	17	225	41	5		150541656	17	225	130	5		145512311
18130267	21057006	17	225	37	6		154778824	17	225	122	6		219735919
18130267	18021634	17	225	45	7		149273018	17	225	146	7		147088188
18130267	13955186	17	225	44	8		156217976	17	225	146	8		157363306
18130267	16210652	17	225	46	6		204592354	17	225	146	6		145976172
18130267	14579476	17	225	41	7		190079572	17	225	129	7		158799359
18130267	7459221	17	225	25	6		144276724	17	225	79	6		143940337
18130267	18754874	17	225	39	7		147876902	17	225	132	7		150265115
18130267	35497190	17	225	40	5		168860870	17	225	129	5		147878167
18130267	9001623	17	225	39	7		146342556	17	225	121	7		148908028
18130267	15178444	17	225	21	7		141426611	17	225	64	7		151569932
18752428	19514897	17	225	42	6		147174888	17	225	130	6		147098890
18752428	16250137	17	225	31	7		153661060	17	225	94	7		158197844
18752428	18130267	17	225	23	7		143562336	17	225	71	7		149683963
18752428	18752426	17	225	22	5		145449329	17	225	71	5		145956918
18752428	18130598	17	225	35	7		145672410	17	225	109	7		147554118
18752428	14579088	17	225	30	7		143801456	17	225	95	7		144234850
18752428	18464147	17	225	30	8		155296754	17	225	95	8		162066332
18752428	41522043	17	225	28	9		146497830	17	225	87	9		148077258
18752428	14579494	17	225	29	10		142351568	17	225	87	10		193769271
18752428	15197179	17	225	36	10		165179917	17	225	119	10		147723811
18752428	16272469	17	225	24	6		143960329	17	225	71	6		188660545
18752428	16211076	17	225	21	5		321075566	17	225	63	5		154471362
18752428	16253106	17	225	41	8		145555295	17	225	134	8		147377965
18752428	14579493	17	225	44	11		154367952	17	225	151	11		148473383
18752428	49650310	17	225	45	8		147250666	17	225	140	8		148684598
18752428	7770986	17	225	40	9		142758366	17	225	135	9		146962961
18752428	17791429	17	225	38	7		134137560	17	225	128	7		153719536
18752428	7461171	17	225	37	13		150683612	17	225	119	13		204824929
18752428	6677293	17	225	41	5		152284273	17	225	130	5		248434683
18752428	21057006	17	225	37	6		206679297	17	225	122	6		147055009
18752428	18021634	17	225	45	7		151556531	17	225	146	7		145755009
18752428	13955186	17	225	44	8		148949186	17	225	146	8		149543287
18752428	16210652	17	225	46	6		150872724	17	225	146	6		174201175
18752428	14579476	17	225	41	7		151715341	17	225	129	7		152213335
18752428	7459221	17	225	25	6		145052482	17	225	79	6		146107783
18752428	18754874	17	225	39	7		149402155	17	225	132	7		145265848
18752428	35497190	17	225	40	5		151416699	17	225	129	5		146819692
18752428	9001623	17	225	39	7		146936864	17	225	121	7		149141336
18752428	15178444	17	225	21	7		146644365	17	225	64	7		146435581
18752426	19514897	91	486	69	8		130095257	91	844	492	8		132336263
18752426	16250137	91	486	51	10		132055169	91	844	355	10		133424590
18752426	18130267	91	486	39	9		145907191	91	844	271	9		147314720
18752426	18752428	91	486	36	7		150210185	91	844	245	7		148868700
18752426	18130598	91	486	54	9		150562434	91	844	408	9		192251046
18752426	14579088	91	486	58	11		151069619	91	844	361	11		150265385
18752426	18464147	91	486	54	9		148453979	91	844	353	9		152507164
18752426	41522043	91	486	47	13		145067796	91	844	327	13		146106638
18752426	14579494	91	486	49	12		146016900	91	844	327	12		147710560
18752426	15197179	91	486	63	11		151604740	91	844	431	11		149369525
18752426	16272469	91	486	41	7		303566178	91	844	275	7		486866989
18752426	16211076	91	486	36	7		151417152	91	844	245	7		148268916
18752426	16253106	91	486	69	12		152368481	91	844	489	12		151085011
18752426	14579493	91	486	82	16		170418296	91	844	547	16		211934987
18752426	49650310	91	486	73	13		152410001	91	844	516	13		149864286
18752426	7770986	91	486	78	12		164202764	91	844	495	12		185270867
18752426	17791429	91	486	66	11		385878357	91	844	463	11		163237845
18752426	7461171	91	486	61	17		146550580	91	844	431	17		152236174
18752426	6677293	91	486	71	10		177240046	91	844	482	10		188427332
18752426	21057006	91	486	63	7		155545444	91	844	447	7		163322973
18752426	18021634	91	486	84	5		238644291	91	844	533	5		166335156
18752426	13955186	91	486	82	5		157261284	91	844	533	5		197614275
18752426	16210652	91	486	84	5		165878066	91	844	533	5		161317117
18752426	14579476	91	486	66	8		163981888	91	844	475	8		170997303
18752426	7459221	91	486	44	7		152915325	91	844	291	7		167849284
18752426	18754874	91	486	66	9		159519516	91	844	483	9		159036812
18752426	35497190	91	486	67	7		158497901	91	844	471	7		211356888
18752426	9001623	91	486	62	3		163710804	91	844	451	3		153070001
18752426	15178444	91	486	36	9		155662537	91	844	247	9		170276746
18130598	19514897	71	333	65	8		164973838	71	694	401	8		159354652
18130598	16250137	71	333	48	10		160117289	71	694	291	10		206349047
18130598	18130267	71	333	37	9		168358253	71	694	220	9		158062671
18130598	18752428	71	333	34	8		226841355	71	694	197	8		222164089
18130598	18752426	71	333	36	8		273996558	71	694	222	8		287590957
18130598	14579088	71	333	49	9		180277206	71	694	295	9		188021431
18130598	18464147	71	333	49	12		170813802	71	694	291	12		170680419
18130598	41522043	71	333	45	10		180133253	71	694	268	10		158438557
18130598	14579494	71	333	47	13		178078007	71	694	268	13		173183258
18130598	15197179	71	333	59	14		176659773	71	694	360	14		160009992
18130598	16272469	71	333	40	9		156359048	71	694	222	9		163755398
18130598	16211076	71	333	34	8		165980919	71	694	197	8		157781671
18130598	16253106	71	333	66	11		169235245	71	694	407	11		163488484
18130598	14579493	71	333	73	12		174050299	71	694	458	12		223660578
18130598	49650310	71	333	68	11		234552572	71	694	427	11		163202401
18130598	7770986	71	333	65	12		168380500	71	694	412	12		165392014
18130598	17791429	71	333	61	9		147284163	71	694	388	9		157644202
18130598	7461171	71	333	60	15		154435057	71	694	360	15		170378480
18130598	6677293	71	333	66	7		188069697	71	694	398	7		189438041
18130598	21057006	71	333	60	7		178018693	71	694	371	7		155147045
18130598	18021634	71	333	72	9		236773809	71	694	444	9		165469683
18130598	13955186	71	333	70	11		162234549	71	694	444	11		223646633
18130598	16210652	71	333	74	9		202714924	71	694	444	9		160910325
18130598	14579476	71	333	66	9		164679424	71	694	394	9		166224182
18130598	7459221	71	333	41	10		149533260	71	694	241	10		158341143
18130598	18754874	71	333	64	10		157742856	71	694	401	10		162444374
18130598	35497190	71	333	64	7		157954982	71	694	392	7		155623140
18130598	9001623	71	333	59	10		150586601	71	694	371	10		162333868
18130598	15178444	71	333	34	9		150961195	71	694	200	9		155192088
14579088	19514897	99	558	110	12		153673832	99	965	559	12		188104502
14579088	16250137	99	558	79	12		153400152	99	965	405	12		159612214
14579088	18130267	99	558	60	16		155772971	99	965	307	16		157003461
14579088	18752428	99	558	55	13		149320769	99	965	276	13		152719430
14579088	18752426	99	558	62	14		150663969	99	965	311	14		168650158
14579088	18130598	99	558	88	15		255049927	99	965	467	15		184873214
14579088	18464147	99	558	81	17		221257251	99	965	404	17		171094178
14579088	41522043	99	558	75	11		170804974	99	965	373	11		184631904
14579088	14579494	99	558	78	14		152781591	99	965	373	14		155733216
14579088	15197179	99	558	96	11		160905847	99	965	497	11		161012559
14579088	16272469	99	558	64	15		175882602	99	965	311	15		168038273
14579088	16211076	99	558	55	13		158406035	99	965	276	13		164150515
14579088	16253106	99	558	108	15		181873142	99	965	563	15		152037219
14579088	14579493	99	558	122	17		153491583	99	965	633	17		149690609
14579088	49650310	99	558	116	17		185341069	99	965	591	17		175863994
14579088	7770986	99	558	112	18		154559649	99	965	571	18		148331416
14579088	17791429	99	558	99	11		149146892	99	965	536	11		152490082
14579088	7461171	99	558	98	13		149333491	99	965	497	13		206402999
14579088	6677293	99	558	108	9		150959094	99	965	552	9		149726395
14579088	21057006	99	558	99	11		151849573	99	965	513	11		150838601
14579088	18021634	99	558	121	9		150656374	99	965	614	9		158400202
14579088	13955186	99	558	116	9		152118339	99	965	614	9		150509015
14579088	16210652	99	558	124	9		151559615	99	965	614	9		155929076
14579088	14579476	99	558	107	9		149195569	99	965	545	9		149588776
14579088	7459221	99	558	68	13		147514329	99	965	334	13		163008200
14579088	18754874	99	558	104	12		148858727	99	965	555	12		151872582
14579088	35497190	99	558	100	10		154622224	99	965	541	10		174580474
14579088	9001623	99	558	96	9		152544959	99	965	514	9		152098002
14579088	15178444	99	558	54	12		162877398	99	965	280	12		152932534
18464147	19514897	153	630	66	7		156033455	153	1542	896	7		155923007
18464147	16250137	153	630	47	11		150288070	153	1542	647	11		154348948
18464147	18130267	153	630	37	9		146778660	153	1542	492	9		153307530
18464147	18752428	153	630	34	7		154775213	153	1542	442	7		162157457
18464147	18752426	153	630	39	7		147271536	153	1542	497	7		152040496
18464147	18130598	153	630	51	9		148912296	153	1542	746	9		152407847
18464147	14579088	153	630	52	10		148735601	153	1542	657	10		164172232
18464147	41522043	153	630	44	11		166293118	153	1542	597	11		163374840
18464147	14579494	153	630	46	11		148289055	153	1542	597	11		184429048
18464147	15197179	153	630	58	13		154131461	153	1542	797	13		153384252
18464147	16272469	153	630	39	7		152080515	153	1542	497	7		152685958
18464147	16211076	153	630	34	7		151515331	153	1542	442	7		157388704
18464147	16253106	153	630	65	11		190529157	153	1542	902	11		157316401
18464147	14579493	153	630	73	14		147794973	153	1542	1012	14		162553398
18464147	49650310	153	630	69	14		149497248	153	1542	948	14		152785930
18464147	7770986	153	630	68	13		154483879	153	1542	912	13		152327627
18464147	17791429	153	630	60	8		153842169	153	1542	857	8		155525941
18464147	7461171	153	630	58	16		148934263	153	1542	797	16		159092836
18464147	6677293	153	630	65	8		150714307	153	1542	884	8		150019338
18464147	21057006	153	630	59	7		147185812	153	1542	823	7		155003083
18464147	18021634	153	630	74	5		153808910	153	1542	983	5		154016447
18464147	13955186	153	630	72	6		150460015	153	1542	983	6		153669292
18464147	16210652	153	630	74	5		152242491	153	1542	983	5		151641828
18464147	14579476	153	630	61	7		150629631	153	1542	873	7		154318510
18464147	7459221	153	630	41	8		150584370	153	1542	535	8		160787367
18464147	18754874	153	630	62	10		152391050	153	1542	890	10		155262960
18464147	35497190	153	630	62	8		150668983	153	1542	868	8		151681996
18464147	9001623	153	630	59	3		159314676	153	1542	825	3		154224179
18464147	15178444	153	630	34	7		150902533	153	1542	447	7		149754950
41522043	19514897	99	585	110	12		154130320	99	965	559	12		150511147
41522043	16250137	99	585	79	12		155929904	99	965	405	12		151143020
41522043	18130267	99	585	57	16		148897296	99	965	307	16		145567316
41522043	18752428	99	585	51	12		207534468	99	965	276	12		162002813
41522043	18752426	99	585	57	15		149764430	99	965	311	15		147074344
41522043	18130598	99	585	88	14		148181799	99	965	467	14		150539146
41522043	14579088	99	585	81	15		146703746	99	965	412	15		150404053
41522043	18464147	99	585	80	17		147212131	99	965	404	17		150261726
41522043	14579494	99	585	76	15		154078717	99	965	373	15		167429182
41522043	15197179	99	585	97	14		195801934	99	965	497	14		147335680
41522043	16272469	99	585	60	13		156624415	99	965	311	13		143447107
41522043	16211076	99	585	51	12		147398475	99	965	276	12		150321531
41522043	16253106	99	585	110	15		148885918	99	965	563	15		154150215
41522043	14579493	99	585	126	18		151339301	99	965	633	18		158928330
41522043	49650310	99	585	116	14		172963445	99	965	591	14		192962746
41522043	7770986	99	585	113	19		158774131	99	965	571	19		151097873
41522043	17791429	99	585	101	11		149838441	99	965	536	11		164300740
41522043	7461171	99	585	99	14		161977012	99	965	497	14		197546591
41522043	6677293	99	585	109	11		158651317	99	965	552	11		150696073
41522043	21057006	99	585	99	11		155693421	99	965	513	11		151539727
41522043	18021634	99	585	124	10		147337301	99	965	614	10		151701189
41522043	13955186	99	585	120	13		202778708	99	965	614	13		152092723
41522043	16210652	99	585	126	10		147448716	99	965	614	10		149355852
41522043	14579476	99	585	109	11		148597148	99	965	545	11		150582102
41522043	7459221	99	585	63	14		151899941	99	965	334	14		159564923
41522043	18754874	99	585	109	13		149173098	99	965	555	13		150693902
41522043	35497190	99	585	104	11		192145313	99	965	541	11		153987379
41522043	9001623	99	585	98	12		152078371	99	965	514	12		149042349
41522043	15178444	99	585	52	13		147977706	99	965	280	13		148940747
14579494	19514897	119	413	83	10		150508492	119	1190	689	10		154768003
14579494	16250137	119	413	61	11		146608255	119	1190	499	11		150890238
14579494	18130267	119	413	46	11		146683366	119	1190	378	11		148900456
14579494	18752428	119	413	43	9		207601307	119	1190	339	9		150988350
14579494	18752426	119	413	47	10		145995726	119	1190	382	10		149045338
14579494	18130598	119	413	70	11		148473806	119	1190	576	11		186512685
14579494	14579088	119	413	62	11		147672639	119	1190	507	11		149026811
14579494	18464147	119	413	59	11		146060845	119	1190	499	11		150632493
14579494	41522043	119	413	56	13		146444625	119	1190	460	13		148090467
14579494	15197179	119	413	69	10		168821082	119	1190	616	10		149632858
14579494	16272469	119	413	49	10		148213794	119	1190	382	10		147072162
14579494	16211076	119	413	43	9		149040828	119	1190	339	9		148728246
14579494	16253106	119	413	78	11		146557317	119	1190	697	11		151368898
14579494	14579493	119	413	87	13		149388353	119	1190	784	13		151370107
14579494	49650310	119	413	86	13		150194848	119	1190	731	13		152517007
14579494	7770986	119	413	79	13		152887851	119	1190	706	13		152682047
14579494	17791429	119	413	71	9		150674563	119	1190	664	9		152463502
14579494	7461171	119	413	71	12		152491286	119	1190	616	12		154453499
14579494	6677293	119	413	77	11		150555470	119	1190	682	11		153891551
14579494	21057006	119	413	69	9		149078099	119	1190	635	9		301430694
14579494	18021634	119	413	87	9		327583703	119	1190	760	9		535639394
14579494	13955186	119	413	85	10		365717005	119	1190	760	10		303307392
14579494	16210652	119	413	89	9		452752180	119	1190	760	9		462278843
14579494	14579476	119	413	77	9		154617978	119	1190	674	9		166042253
14579494	7459221	119	413	49	11		161037560	119	1190	413	11		194240813
14579494	18754874	119	413	75	9		236969295	119	1190	687	9		161936132
14579494	35497190	119	413	75	9		159256548	119	1190	670	9		208856187
14579494	9001623	119	413	73	9		165289745	119	1190	635	9		159518461
14579494	15178444	119	413	42	10		160910894	119	1190	344	10		162676821
15197179	19514897	213	701	76	10		195669199	213	2240	1300	10		172445419
15197179	16250137	213	701	56	12		163289073	213	2240	939	12		196105604
15197179	18130267	213	701	42	10		174927865	213	2240	713	10		236901396
15197179	18752428	213	701	38	9		157155102	213	2240	639	9		171783693
15197179	18752426	213	701	43	9		170731903	213	2240	719	9		169634943
15197179	18130598	213	701	62	9		163165082	213	2240	1084	9		175517657
15197179	14579088	213	701	57	10		166188353	213	2240	953	10		213728762
15197179	18464147	213	701	56	11		213978716	213	2240	941	11		165460644
15197179	41522043	213	701	51	13		158983097	213	2240	867	13		165039467
15197179	14579494	213	701	52	15		159559740	213	2240	867	15		294764163
15197179	16272469	213	701	43	9		164115664	213	2240	719	9		162639580
15197179	16211076	213	701	38	9		160308194	213	2240	639	9		170689383
15197179	16253106	213	701	76	12		180630443	213	2240	1315	12		193870490
15197179	14579493	213	701	86	15		166560607	213	2240	1477	15		167472375
15197179	49650310	213	701	81	10		157517746	213	2240	1380	10		192632501
15197179	7770986	213	701	79	13		164145498	213	2240	1329	13		218417695
15197179	17791429	213	701	70	10		165567796	213	2240	1251	10		173468050
15197179	7461171	213	701	67	16		191579300	213	2240	1163	16		195412525
15197179	6677293	213	701	75	10		155928068	213	2240	1286	10		171797632
15197179	21057006	213	701	67	8		224476229	213	2240	1199	8		255188598
15197179	18021634	213	701	84	6		161571847	213	2240	1433	6		168687357
15197179	13955186	213	701	84	9		166724736	213	2240	1433	9		174151663
15197179	16210652	213	701	86	6		167147314	213	2240	1433	6		178328496
15197179	14579476	213	701	74	8		151732748	213	2240	1271	8		163290939
15197179	7459221	213	701	45	11		176411751	213	2240	779	11		163516918
15197179	18754874	213	701	73	10		152509974	213	2240	1297	10		168881286
15197179	35497190	213	701	74	8		157636490	213	2240	1265	8		161412084
15197179	9001623	213	701	70	5		213233080	213	2240	1199	5		167612720
15197179	15178444	213	701	38	10		154323819	213	2240	647	10		163883067
16272469	19514897	137	652	73	9		158744744	137	1340	780	9		158818817
16272469	16250137	137	652	52	12		152164491	137	1340	563	12		160556814
16272469	18130267	137	652	41	10		154554406	137	1340	429	10		162239178
16272469	18752428	137	652	37	7		164323255	137	1340	387	7		166607017
16272469	18752426	137	652	41	7		150995579	137	1340	435	7		150948507
16272469	18130598	137	652	56	9		160958516	137	1340	648	9		154734117
16272469	14579088	137	652	56	10		149161487	137	1340	573	10		154291831
16272469	18464147	137	652	57	10		158730086	137	1340	561	10		180302428
16272469	41522043	137	652	48	12		169028619	137	1340	519	12		156859838
16272469	14579494	137	652	51	13		152107637	137	1340	519	13		161310248
16272469	15197179	137	652	68	13		165494071	137	1340	687	13		163189730
16272469	16211076	137	652	37	7		569472929	137	1340	387	7		254311796
16272469	16253106	137	652	75	11		149166698	137	1340	779	11		157158746
16272469	14579493	137	652	83	15		153228171	137	1340	873	15		189013226
16272469	49650310	137	652	78	11		153929528	137	1340	820	11		181518527
16272469	7770986	137	652	78	12		146883551	137	1340	789	12		163425732
16272469	17791429	137	652	69	10		167358182	137	1340	739	10		153493509
16272469	7461171	137	652	66	17		149755608	137	1340	687	17		158097369
16272469	6677293	137	652	75	9		152940797	137	1340	766	9		153101347
16272469	21057006	137	652	67	7		149153940	137	1340	711	7		208582860
16272469	18021634	137	652	84	6		156245842	137	1340	849	6		150702068
16272469	13955186	137	652	81	7		152703284	137	1340	849	7		151216770
16272469	16210652	137	652	84	6		153221365	137	1340	849	6		151929740
16272469	14579476	137	652	71	9		156387309	137	1340	755	9		150752979
16272469	7459221	137	652	46	8		151340375	137	1340	463	8		151034022
16272469	18754874	137	652	71	11		151607407	137	1340	769	11		151272389
16272469	35497190	137	652	72	7		155274879	137	1340	749	7		173494830
16272469	9001623	137	652	66	7		152401536	137	1340	715	7		152175593
16272469	15178444	137	652	37	9		148892095	137	1340	391	9		153389390
16211076	19514897	16	127	40	7		147121291	16	127	77	7		148114278
16211076	16250137	16	127	29	10		154937700	16	127	54	10		173726992
16211076	18130267	16	127	22	8		146344309	16	127	43	8		142305598
16211076	18752428	16	127	20	7		141316695	16	127	40	7		144018483
16211076	18752426	16	127	22	7		143034964	16	127	44	7		145735275
16211076	18130598	16	127	33	8		144729772	16	127	61	8		148045634
16211076	14579088	16	127	29	8		148651543	16	127	55	8		148179602
16211076	18464147	16	127	29	8		147214408	16	127	53	8		146093846
16211076	41522043	16	127	26	10		148449518	16	127	50	10		145819035
16211076	14579494	16	127	27	10		147691185	16	127	50	10		149356783
16211076	15197179	16	127	35	10		147598492	16	127	62	10		149506947
16211076	16272469	16	127	23	7		196229663	16	127	44	7		145900076
16211076	16253106	16	127	40	10		147033779	16	127	71	10		145699497
16211076	14579493	16	127	43	12		148374594	16	127	77	12		149635216
16211076	49650310	16	127	41	10		259426719	16	127	77	10		157622733
16211076	7770986	16	127	39	10		147752210	16	127	71	10		149534148
16211076	17791429	16	127	36	7		156229549	16	127	65	7		147489288
16211076	7461171	16	127	35	14		157741866	16	127	62	14		146902028
16211076	6677293	16	127	40	6		145816762	16	127	72	6		142989498
16211076	21057006	16	127	37	6		154364697	16	127	66	6		146577959
16211076	18021634	16	127	43	5		149580891	16	127	77	5		148814823
16211076	13955186	16	127	43	5		146812972	16	127	77	5		151914091
16211076	16210652	16	127	44	5		158546999	16	127	77	5		146476171
16211076	14579476	16	127	41	6		147547801	16	127	70	6		157075987
16211076	7459221	16	127	24	7		149936038	16	127	43	7		145405622
16211076	18754874	16	127	39	9		160361701	16	127	71	9		155298718
16211076	35497190	16	127	40	6		144247043	16	127	69	6		152101163
16211076	9001623	16	127	37	3		146960681	16	127	69	3		145926491
16211076	15178444	16	127	20	7		159348224	16	127	39	7		144882338
16253106	19514897	213	736	76	9		153611781	213	2240	1300	9		163026533
16253106	16250137	213	736	55	11		149352687	213	2240	939	11		156139033
16253106	18130267	213	736	43	10		149101948	213	2240	713	10		154592940
16253106	18752428	213	736	39	7		147981973	213	2240	639	7		153054207
16253106	18752426	213	736	43	7		145385708	213	2240	719	7		166790694
16253106	18130598	213	736	61	10		149804815	213	2240	1084	10		157711763
16253106	14579088	213	736	58	11		153115523	213	2240	953	11		259075403
16253106	18464147	213	736	57	10		287049640	213	2240	941	10		229460251
16253106	41522043	213	736	51	12		163618350	213	2240	867	12		162549843
16253106	14579494	213	736	53	12		342150385	213	2240	867	12		292414094
16253106	15197179	213	736	69	14		153807674	213	2240	1163	14		158105413
16253106	16272469	213	736	45	7		149797335	213	2240	719	7		169628126
16253106	16211076	213	736	39	7		230028019	213	2240	639	7		169605154
16253106	14579493	213	736	87	14		198919628	213	2240	1477	14		163498595
16253106	49650310	213	736	81	13		153374974	213	2240	1380	13		167629086
16253106	7770986	213	736	80	13		161345879	213	2240	1329	13		164654937
16253106	17791429	213	736	72	10		161863054	213	2240	1251	10		166521576
16253106	7461171	213	736	69	16		159251588	213	2240	1163	16		181496362
16253106	6677293	213	736	77	9		159622174	213	2240	1286	9		172658930
16253106	21057006	213	736	70	8		160634672	213	2240	1199	8		170383101
16253106	18021634	213	736	88	6		188666130	213	2240	1433	6		170155758
16253106	13955186	213	736	85	7		162121574	213	2240	1433	7		174828587
16253106	16210652	213	736	87	6		163480814	213	2240	1433	6		226687446
16253106	14579476	213	736	75	8		156462524	213	2240	1271	8		170005965
16253106	7459221	213	736	47	9		156939820	213	2240	779	9		175523529
16253106	18754874	213	736	74	12		165708822	213	2240	1297	12		168179694
16253106	35497190	213	736	74	8		163709907	213	2240	1265	8		167286397
16253106	9001623	213	736	70	5		174516393	213	2240	1199	5		163801889
16253106	15178444	213	736	39	10		207523948	213	2240	647	10		165790240
14579493	19514897	172	699	124	12		156763741	172	1892	1096	12		167990371
14579493	16250137	172	699	89	13		164214859	172	1892	792	13		174471163
14579493	18130267	172	699	70	18		160219860	172	1892	600	18		175583676
14579493	18752428	172	699	64	14		157457484	172	1892	536	14		165043660
14579493	18752426	172	699	69	16		157997332	172	1892	604	16		169975039
14579493	18130598	172	699	104	16		178210693	172	1892	916	16		164671481
14579493	14579088	172	699	94	16		163725820	172	1892	804	16		188954817
14579493	18464147	172	699	91	13		183921859	172	1892	796	13		239786293
14579493	41522043	172	699	84	13		178111524	172	1892	732	13		174593878
14579493	14579494	172	699	88	15		154528780	172	1892	732	15		155060454
14579493	15197179	172	699	110	12		154257179	172	1892	988	12		160043034
14579493	16272469	172	699	75	11		189887675	172	1892	604	11		162810286
14579493	16211076	172	699	64	14		154637510	172	1892	536	14		313785602
14579493	16253106	172	699	124	17		160294165	172	1892	1116	17		160814353
14579493	49650310	172	699	130	17		155384847	172	1892	1168	17		162491523
14579493	7770986	172	699	123	21		154575364	172	1892	1128	21		160798082
14579493	17791429	172	699	112	12		160089485	172	1892	1064	12		156306014
14579493	7461171	172	699	113	13		156479845	172	1892	988	13		162773240
14579493	6677293	172	699	123	9		152949543	172	1892	1088	9		159493334
14579493	21057006	172	699	114	10		159312837	172	1892	1016	10		190905647
14579493	18021634	172	699	134	12		219208039	172	1892	1216	12		168207130
14579493	13955186	172	699	132	10		159190585	172	1892	1216	10		157749435
14579493	16210652	172	699	138	12		153726591	172	1892	1216	12		171051297
14579493	14579476	172	699	123	10		160217738	172	1892	1076	10		177213977
14579493	7459221	172	699	78	19		172978621	172	1892	660	19		170025800
14579493	18754874	172	699	119	14		204663821	172	1892	1100	14		398794941
14579493	35497190	172	699	117	10		152962705	172	1892	1072	10		156671914
14579493	9001623	172	699	110	8		153861450	172	1892	1012	8		157742279
14579493	15178444	172	699	62	14		153189903	172	1892	544	14		158163101
49650310	19514897	197	692	97	12		152337380	197	2113	1223	12		164196965
49650310	16250137	197	692	73	13		165920377	197	2113	885	13		157100645
49650310	18130267	197	692	53	12		150372650	197	2113	670	12		160545517
49650310	18752428	197	692	49	11		156930552	197	2113	599	11		155766049
49650310	18752426	197	692	53	11		146730054	197	2113	675	11		164139483
49650310	18130598	197	692	86	12		152281142	197	2113	1023	12		158359281
49650310	14579088	197	692	71	12		146627537	197	2113	898	12		161437961
49650310	18464147	197	692	73	14		172723525	197	2113	888	14		154344064
49650310	41522043	197	692	68	15		153110465	197	2113	817	15		154431376
49650310	14579494	197	692	69	16		149542928	197	2113	817	16		163644919
49650310	15197179	197	692	88	16		152217486	197	2113	1101	16		161932060
49650310	16272469	197	692	57	12		151999822	197	2113	675	12		156074115
49650310	16211076	197	692	49	11		150914201	197	2113	599	11		164597953
49650310	16253106	197	692	99	14		153664067	197	2113	1244	14		190765986
49650310	14579493	197	692	112	16		155549967	197	2113	1400	16		161928689
49650310	7770986	197	692	96	14		149812673	197	2113	1258	14		163565440
49650310	17791429	197	692	92	12		154824719	197	2113	1186	12		158287553
49650310	7461171	197	692	88	18		151553174	197	2113	1101	18		198885075
49650310	6677293	197	692	98	10		165558113	197	2113	1214	10		226440477
49650310	21057006	197	692	91	9		149297777	197	2113	1133	9		170792000
49650310	18021634	197	692	110	11		161367050	197	2113	1356	11		161593417
49650310	13955186	197	692	107	12		156088097	197	2113	1356	12		159881026
49650310	16210652	197	692	112	10		197306596	197	2113	1356	10		167216694
49650310	14579476	197	692	98	11		150706686	197	2113	1201	11		160302239
49650310	7459221	197	692	61	11		148524505	197	2113	736	11		159534237
49650310	18754874	197	692	98	11		159881855	197	2113	1226	11		159399991
49650310	35497190	197	692	98	10		155338522	197	2113	1196	10		161941351
49650310	9001623	197	692	88	11		148871445	197	2113	1130	11		156449900
49650310	15178444	197	692	49	13		149721003	197	2113	608	13		154735132
7770986	19514897	197	1030	158	15		150915854	197	2113	1223	15		171158625
7770986	16250137	197	1030	115	16		147171263	197	2113	885	16		152399855
7770986	18130267	197	1030	85	20		156279908	197	2113	670	20		155715129
7770986	18752428	197	1030	77	15		147363539	197	2113	599	15		153240593
7770986	18752426	197	1030	84	15		151334285	197	2113	675	15		152756100
7770986	18130598	197	1030	134	18		152045076	197	2113	1023	18		156079162
7770986	14579088	197	1030	116	17		148834055	197	2113	898	17		160918547
7770986	18464147	197	1030	111	22		210871919	197	2113	888	22		152770609
7770986	41522043	197	1030	105	16		151837373	197	2113	817	16		152953815
7770986	14579494	197	1030	109	21		197692445	197	2113	817	21		155664885
7770986	15197179	197	1030	136	20		149901837	197	2113	1101	20		157755425
7770986	16272469	197	1030	90	18		148965882	197	2113	675	18		155153646
7770986	16211076	197	1030	77	15		152184699	197	2113	599	15		153796541
7770986	16253106	197	1030	155	19		151979809	197	2113	1244	19		158221989
7770986	14579493	197	1030	172	20		149082223	197	2113	1400	20		165483851
7770986	49650310	197	1030	168	20		154312249	197	2113	1303	20		161860045
7770986	17791429	197	1030	144	12		152946383	197	2113	1186	12		161152946
7770986	7461171	197	1030	142	24		199975558	197	2113	1101	24		159038595
7770986	6677293	197	1030	155	13		150376420	197	2113	1214	13		157107770
7770986	21057006	197	1030	143	16		148637100	197	2113	1133	16		158556672
7770986	18021634	197	1030	174	14		150385092	197	2113	1356	14		159625960
7770986	13955186	197	1030	170	16		150980519	197	2113	1356	16		159847528
7770986	16210652	197	1030	176	15		155354603	197	2113	1356	15		155662861
7770986	14579476	197	1030	158	17		155347477	197	2113	1201	17		157182120
7770986	7459221	197	1030	94	19		151100256	197	2113	736	19		156819393
7770986	18754874	197	1030	152	18		153141749	197	2113	1226	18		158417389
7770986	35497190	197	1030	151	15		153178897	197	2113	1196	15		156606344
7770986	9001623	197	1030	145	14		151973276	197	2113	1130	14		156962384
7770986	15178444	197	1030	78	15		207850214	197	2113	608	15		191437964
17791429	19514897	197	633	124	13		160097025	197	2113	1223	13		158156383
17791429	16250137	197	633	91	13		194693245	197	2113	885	13		157748839
17791429	18130267	197	633	68	16		152749077	197	2113	670	16		155334175
17791429	18752428	197	633	63	15		148475203	197	2113	599	15		154212568
17791429	18752426	197	633	68	14		150195554	197	2113	675	14		158500847
17791429	18130598	197	633	107	15		150284069	197	2113	1023	15		155684286
17791429	14579088	197	633	91	15		152173766	197	2113	898	15		157903581
17791429	18464147	197	633	89	11		187600918	197	2113	888	11		161774884
17791429	41522043	197	633	83	14		151168062	197	2113	817	14		159305723
17791429	14579494	197	633	86	15		150163513	197	2113	817	15		159081696
17791429	15197179	197	633	106	12		151283260	197	2113	1101	12		158011871
17791429	16272469	197	633	73	11		152514099	197	2113	675	11		156203990
17791429	16211076	197	633	63	15		149594334	197	2113	599	15		159064224
17791429	16253106	197	633	118	15		151612025	197	2113	1244	15		161946092
17791429	14579493	197	633	133	15		157720626	197	2113	1400	15		156598309
17791429	49650310	197	633	129	13		155208343	197	2113	1303	13		157735000
17791429	7770986	197	633	119	18		153215151	197	2113	1258	18		157822584
17791429	7461171	197	633	108	15		151124051	197	2113	1101	15		157429915
17791429	6677293	197	633	118	13		154492222	197	2113	1214	13		161312810
17791429	21057006	197	633	106	14		150511089	197	2113	1133	14		159348270
17791429	18021634	197	633	130	12		149420777	197	2113	1356	12		159493267
17791429	13955186	197	633	130	10		151561603	197	2113	1356	10		216123714
17791429	16210652	197	633	135	13		151943723	197	2113	1356	13		158782853
17791429	14579476	197	633	120	13		155526818	197	2113	1201	13		158889284
17791429	7459221	197	633	72	20		149279370	197	2113	736	20		156604703
17791429	18754874	197	633	118	12		154185671	197	2113	1226	12		161625813
17791429	35497190	197	633	116	11		150907739	197	2113	1196	11		157652575
17791429	9001623	197	633	109	10		149544970	197	2113	1130	10		158009488
17791429	15178444	197	633	61	14		147322884	197	2113	608	14		157758957
7461171	19514897	197	893	141	17		153005547	197	2113	1223	17		167605203
7461171	16250137	197	893	102	13		151205748	197	2113	885	13		156098840
7461171	18130267	197	893	76	17		150643627	197	2113	670	17		157841008
7461171	18752428	197	893	68	12		149824467	197	2113	599	12		159118277
7461171	18752426	197	893	73	13		146994586	197	2113	675	13		156911076
7461171	18130598	197	893	124	15		150662438	197	2113	1023	15		155084254
7461171	14579088	197	893	100	15		157390315	197	2113	898	15		154180688
7461171	18464147	197	893	98	17		149270504	197	2113	888	17		157614156
7461171	41522043	197	893	94	13		149474063	197	2113	817	13		158489100
7461171	14579494	197	893	97	15		157831818	197	2113	817	15		149796457
7461171	15197179	197	893	124	11		143450144	197	2113	1101	11		165927370
7461171	16272469	197	893	80	13		153327518	197	2113	675	13		156215505
7461171	16211076	197	893	68	12		158809266	197	2113	599	12		155054495
7461171	16253106	197	893	142	15		153184796	197	2113	1244	15		159594603
7461171	14579493	197	893	156	13		159014776	197	2113	1400	13		161808539
7461171	49650310	197	893	149	19		153827218	197	2113	1303	19		164182352
7461171	7770986	197	893	135	19		151918151	197	2113	1258	19		156025816
7461171	17791429	197	893	129	12		149075021	197	2113	1186	12		162500388
7461171	6677293	197	893	140	12		155251371	197	2113	1214	12		204601679
7461171	21057006	197	893	131	15		152805015	197	2113	1133	15		160013332
7461171	18021634	197	893	157	13		152190052	197	2113	1356	13		162193004
7461171	13955186	197	893	153	16		150382049	197	2113	1356	16		159121234
7461171	16210652	197	893	158	14		155982374	197	2113	1356	14		158144673
7461171	14579476	197	893	150	13		153349626	197	2113	1201	13		156225298
7461171	7459221	197	893	85	16		149875215	197	2113	736	16		156263560
7461171	18754874	197	893	138	11		157064662	197	2113	1226	11		160050687
7461171	35497190	197	893	142	10		154988059	197	2113	1196	10		159390438
7461171	9001623	197	893	129	14		151739937	197	2113	1130	14		156262296
7461171	15178444	197	893	67	10		150362056	197	2113	608	10		154024338
6677293	19514897	213	598	98	13		156837597	213	2240	1300	13		160682378
6677293	16250137	213	598	71	14		152238010	213	2240	939	14		161650426
6677293	18130267	213	598	55	12		151040634	213	2240	713	12		158785017
6677293	18752428	213	598	50	10		151370620	213	2240	639	10		159258127
6677293	18752426	213	598	55	10		148750330	213	2240	719	10		159404383
6677293	18130598	213	598	80	12		150291911	213	2240	1084	12		158387142
6677293	14579088	213	598	73	12		152050978	213	2240	953	12		159205606
6677293	18464147	213	598	74	11		151087774	213	2240	941	11		160808205
6677293	41522043	213	598	66	14		148574430	213	2240	867	14		157712923
6677293	14579494	213	598	69	13		151165467	213	2240	867	13		156818412
6677293	15197179	213	598	88	13		153642758	213	2240	1163	13		162266785
6677293	16272469	213	598	58	11		153563547	213	2240	719	11		157654129
6677293	16211076	213	598	50	10		149639450	213	2240	639	10		160461215
6677293	16253106	213	598	99	12		151450982	213	2240	1315	12		184430047
6677293	14579493	213	598	109	13		152719430	213	2240	1477	13		158526336
6677293	49650310	213	598	102	12		205040310	213	2240	1380	12		164491617
6677293	7770986	213	598	99	14		151786297	213	2240	1329	14		161103483
6677293	17791429	213	598	88	10		153439798	213	2240	1251	10		163703930
6677293	7461171	213	598	88	13		151237145	213	2240	1163	13		210637010
6677293	21057006	213	598	89	10		152310018	213	2240	1199	10		160832772
6677293	18021634	213	598	106	11		154706405	213	2240	1433	11		164405992
6677293	13955186	213	598	107	8		151410060	213	2240	1433	8		160900830
6677293	16210652	213	598	109	12		151430712	213	2240	1433	12		163170961
6677293	14579476	213	598	97	9		156058676	213	2240	1271	9		158758613
6677293	7459221	213	598	60	14		157233140	213	2240	779	14		155613133
6677293	18754874	213	598	95	13		157549916	213	2240	1297	13		168986822
6677293	35497190	213	598	95	9		147637242	213	2240	1265	9		160045833
6677293	9001623	213	598	88	7		161256149	213	2240	1199	7		160498475
6677293	15178444	213	598	49	11		150170162	213	2240	647	11		157356572
21057006	19514897	213	598	98	13		150196740	213	2240	1300	13		158507961
21057006	16250137	213	598	71	14		150458186	213	2240	939	14		157169241
21057006	18130267	213	598	55	12		147096727	213	2240	713	12		169369247
21057006	18752428	213	598	50	10		149042979	213	2240	639	10		158079446
21057006	18752426	213	598	55	10		147947608	213	2240	719	10		158049693
21057006	18130598	213	598	80	12		150594939	213	2240	1084	12		163304244
21057006	14579088	213	598	73	12		145711382	213	2240	953	12		169131891
21057006	18464147	213	598	74	11		155771540	213	2240	941	11		155824503
21057006	41522043	213	598	66	14		148531233	213	2240	867	14		163341676
21057006	14579494	213	598	69	13		153185606	213	2240	867	13		155319114
21057006	15197179	213	598	88	13		147867845	213	2240	1163	13		159299502
21057006	16272469	213	598	58	11		152749866	213	2240	719	11		193513166
21057006	16211076	213	598	50	10		145010396	213	2240	639	10		181025093
21057006	16253106	213	598	99	12		151560723	213	2240	1315	12		184086041
21057006	14579493	213	598	109	13		153118278	213	2240	1477	13		160470756
21057006	49650310	213	598	102	12		155513824	213	2240	1380	12		158616380
21057006	7770986	213	598	99	14		243436822	213	2240	1329	14		162881286
21057006	17791429	213	598	88	10		149302957	213	2240	1251	10		165813782
21057006	7461171	213	598	88	13		151813025	213	2240	1163	13		180043888
21057006	6677293	213	598	98	11		152602152	213	2240	1286	11		157192452
21057006	18021634	213	598	106	11		157778476	213	2240	1433	11		161074897
21057006	13955186	213	598	107	8		149819664	213	2240	1433	8		160248673
21057006	16210652	213	598	109	12		154153187	213	2240	1433	12		164837367
21057006	14579476	213	598	97	9		149919760	213	2240	1271	9		159726123
21057006	7459221	213	598	60	14		155579556	213	2240	779	14		160728517
21057006	18754874	213	598	95	13		151672653	213	2240	1297	13		160760400
21057006	35497190	213	598	95	9		153618069	213	2240	1265	9		156461769
21057006	9001623	213	598	88	7		151978555	213	2240	1199	7		163634728
21057006	15178444	213	598	49	11		146804874	213	2240	647	11		157156146
18021634	19514897	213	885	87	8		154454626	213	2240	1300	8		160035211
18021634	16250137	213	885	62	11		151762650	213	2240	939	11		156484041
18021634	18130267	213	885	47	11		149270618	213	2240	713	11		165672569
18021634	18752428	213	885	42	7		152672077	213	2240	639	7		158932283
18021634	18752426	213	885	48	7		148501485	213	2240	719	7		160735801
18021634	18130598	213	885	69	11		417294359	213	2240	1084	11		189889941
18021634	14579088	213	885	67	12		209665913	213	2240	953	12		167161813
18021634	18464147	213	885	64	11		162142282	213	2240	941	11		179484077
18021634	41522043	213	885	57	11		154331879	213	2240	867	11		158635619
18021634	14579494	213	885	60	13		156429022	213	2240	867	13		211947281
18021634	15197179	213	885	79	14		156579332	213	2240	1163	14		160792926
18021634	16272469	213	885	50	7		151307033	213	2240	719	7		247802694
18021634	16211076	213	885	42	7		204571002	213	2240	639	7		158118199
18021634	16253106	213	885	89	13		153906637	213	2240	1315	13		159131894
18021634	14579493	213	885	101	15		154031806	213	2240	1477	15		161978358
18021634	49650310	213	885	95	14		152341945	213	2240	1380	14		159387795
18021634	7770986	213	885	92	15		152863771	213	2240	1329	15		160195416
18021634	17791429	213	885	84	8		155706003	213	2240	1251	8		159709281
18021634	7461171	213	885	80	18		154182045	213	2240	1163	18		161348011
18021634	6677293	213	885	88	8		153471615	213	2240	1286	8		164365271
18021634	21057006	213	885	81	9		149578782	213	2240	1199	9		158210452
18021634	13955186	213	885	99	8		155441765	213	2240	1433	8		162838241
18021634	16210652	213	885	100	6		156152227	213	2240	1433	6		162129774
18021634	14579476	213	885	86	10		154714328	213	2240	1271	10		158059444
18021634	7459221	213	885	53	10		149835686	213	2240	779	10		158908418
18021634	18754874	213	885	85	11		154845445	213	2240	1297	11		167230545
18021634	35497190	213	885	84	9		152647299	213	2240	1265	9		160182705
18021634	9001623	213	885	81	5		152739490	213	2240	1199	5		162133521
18021634	15178444	213	885	44	9		165685473	213	2240	647	9		161791414
13955186	19514897	213	680	78	11		154786441	213	2240	1300	11		159175277
13955186	16250137	213	680	57	14		150798908	213	2240	939	14		158087822
13955186	18130267	213	680	45	11		183824605	213	2240	713	11		157682375
13955186	18752428	213	680	41	9		148993383	213	2240	639	9		154619785
13955186	18752426	213	680	45	9		149758517	213	2240	719	9		158464397
13955186	18130598	213	680	64	10		152422271	213	2240	1084	10		162603629
13955186	14579088	213	680	60	11		150448341	213	2240	953	11		158720144
13955186	18464147	213	680	61	14		153380630	213	2240	941	14		160004843
13955186	41522043	213	680	53	12		154895634	213	2240	867	12		156705911
13955186	14579494	213	680	56	14		149629797	213	2240	867	14		160339352
13955186	15197179	213	680	72	18		151396425	213	2240	1163	18		159724750
13955186	16272469	213	680	48	12		153932017	213	2240	719	12		155939668
13955186	16211076	213	680	41	9		148549689	213	2240	639	9		160342586
13955186	16253106	213	680	81	13		155102797	213	2240	1315	13		162951744
13955186	14579493	213	680	89	14		155602331	213	2240	1477	14		174517008
13955186	49650310	213	680	81	12		156914793	213	2240	1380	12		171858406
13955186	7770986	213	680	82	13		148728289	213	2240	1329	13		161900267
13955186	17791429	213	680	73	10		149964464	213	2240	1251	10		170030710
13955186	7461171	213	680	71	15		150645618	213	2240	1163	15		172932923
13955186	6677293	213	680	81	10		159324954	213	2240	1286	10		163673741
13955186	21057006	213	680	72	7		203964487	213	2240	1199	7		160618162
13955186	18021634	213	680	88	9		150603915	213	2240	1433	9		214857396
13955186	16210652	213	680	90	9		152790545	213	2240	1433	9		162749323
13955186	14579476	213	680	78	9		148875248	213	2240	1271	9		157670460
13955186	7459221	213	680	50	10		153288119	213	2240	779	10		156409159
13955186	18754874	213	680	77	13		154084703	213	2240	1297	13		160272978
13955186	35497190	213	680	78	8		150901388	213	2240	1265	8		162604961
13955186	9001623	213	680	71	10		152716547	213	2240	1199	10		158386298
13955186	15178444	213	680	41	9		189586820	213	2240	647	9		155779567
16210652	19514897	213	680	72	8		155412423	213	2240	1300	8		161537876
16210652	16250137	213	680	50	11		151817949	213	2240	939	11		159958348
16210652	18130267	213	680	40	10		151930360	213	2240	713	10		160073799
16210652	18752428	213	680	36	8		157757081	213	2240	639	8		159299361
16210652	18752426	213	680	40	8		151588802	213	2240	719	8		157432313
16210652	18130598	213	680	56	9		149002146	213	2240	1084	9		160284375
16210652	14579088	213	680	54	10		149899337	213	2240	953	10		159103561
16210652	18464147	213	680	56	10		149382626	213	2240	941	10		159669360
16210652	41522043	213	680	46	13		150481681	213	2240	867	13		157401464
16210652	14579494	213	680	49	13		152440560	213	2240	867	13		159412324
16210652	15197179	213	680	67	13		157403373	213	2240	1163	13		163498697
16210652	16272469	213	680	42	8		155717689	213	2240	719	8		159896147
16210652	16211076	213	680	36	8		153825341	213	2240	639	8		159243684
16210652	16253106	213	680	74	11		152530976	213	2240	1315	11		166025143
16210652	14579493	213	680	82	15		155198747	213	2240	1477	15		159716436
16210652	49650310	213	680	76	11		149651053	213	2240	1380	11		203557087
16210652	7770986	213	680	77	12		191517587	213	2240	1329	12		160845296
16210652	17791429	213	680	69	10		152188044	213	2240	1251	10		170528626
16210652	7461171	213	680	64	15		152910157	213	2240	1163	15		163310934
16210652	6677293	213	680	74	10		157632823	213	2240	1286	10		159934375
16210652	21057006	213	680	65	7		150788726	213	2240	1199	7		162383960
16210652	18021634	213	680	82	8		150998014	213	2240	1433	8		181251115
16210652	13955186	213	680	81	9		156889913	213	2240	1433	9		158358857
16210652	14579476	213	680	69	8		152274049	213	2240	1271	8		163555081
16210652	7459221	213	680	44	9		147775353	213	2240	779	9		160860771
16210652	18754874	213	680	72	11		152476686	213	2240	1297	11		207480588
16210652	35497190	213	680	71	7		152776654	213	2240	1265	7		163883134
16210652	9001623	213	680	67	8		153203881	213	2240	1199	8		160911267
16210652	15178444	213	680	37	9		153685757	213	2240	647	9		156209417
14579476	19514897	213	656	108	12		152762253	213	2240	1300	12		159380668
14579476	16250137	213	656	78	14		150341844	213	2240	939	14		154971865
14579476	18130267	213	656	62	16		157310138	213	2240	713	16		162334762
14579476	18752428	213	656	56	12		148691280	213	2240	639	12		157588209
14579476	18752426	213	656	62	14		150031972	213	2240	719	14		156138071
14579476	18130598	213	656	85	13		151651190	213	2240	1084	13		157055777
14579476	14579088	213	656	83	13		152782541	213	2240	953	13		158430394
14579476	18464147	213	656	82	11		152713515	213	2240	941	11		157575836
14579476	41522043	213	656	73	12		148724782	213	2240	867	12		159499179
14579476	14579494	213	656	76	12		151153618	213	2240	867	12		156808901
14579476	15197179	213	656	98	13		205790385	213	2240	1163	13		158451490
14579476	16272469	213	656	63	10		148386485	213	2240	719	10		157469553
14579476	16211076	213	656	56	12		148614950	213	2240	639	12		158250609
14579476	16253106	213	656	108	15		154536758	213	2240	1315	15		158874063
14579476	14579493	213	656	121	12		153778855	213	2240	1477	12		158488075
14579476	49650310	213	656	117	13		153215771	213	2240	1380	13		158525305
14579476	7770986	213	656	114	17		148900815	213	2240	1329	17		158390767
14579476	17791429	213	656	97	10		148646638	213	2240	1251	10		157211170
14579476	7461171	213	656	98	12		149990403	213	2240	1163	12		159114933
14579476	6677293	213	656	109	9		150095122	213	2240	1286	9		159266249
14579476	21057006	213	656	101	12		153303009	213	2240	1199	12		160856703
14579476	18021634	213	656	120	11		157925342	213	2240	1433	11		160241421
14579476	13955186	213	656	121	9		152610342	213	2240	1433	9		217047539
14579476	16210652	213	656	124	12		152832122	213	2240	1433	12		159530517
14579476	7459221	213	656	69	16		204787532	213	2240	779	16		158900412
14579476	18754874	213	656	103	11		152406918	213	2240	1297	11		158225923
14579476	35497190	213	656	104	11		155706807	213	2240	1265	11		157401974
14579476	9001623	213	656	98	8		152734813	213	2240	1199	8		162975820
14579476	15178444	213	656	52	10		152775164	213	2240	647	10		156655932
7459221	19514897	97	496	91	10		150805551	97	942	545	10		154257641
7459221	16250137	97	496	68	11		148093084	97	942	395	11		150383525
7459221	18130267	97	496	50	10		144419745	97	942	299	10		150831181
7459221	18752428	97	496	46	9		148676736	97	942	268	9		148885036
7459221	18752426	97	496	49	9		192987711	97	942	302	9		147004111
7459221	18130598	97	496	79	10		150926995	97	942	456	10		150561255
7459221	14579088	97	496	67	10		148824364	97	942	401	10		149675715
7459221	18464147	97	496	69	12		153982713	97	942	395	12		156573237
7459221	41522043	97	496	63	14		145807266	97	942	364	14		147656204
7459221	14579494	97	496	65	14		148190274	97	942	364	14		148275665
7459221	15197179	97	496	83	14		149772148	97	942	488	14		160941823
7459221	16272469	97	496	54	10		148949059	97	942	302	10		147657115
7459221	16211076	97	496	46	9		142757163	97	942	268	9		147680256
7459221	16253106	97	496	93	12		150083691	97	942	552	12		149852199
7459221	14579493	97	496	103	14		153028751	97	942	621	14		161463123
7459221	49650310	97	496	95	11		152236742	97	942	579	11		151793886
7459221	7770986	97	496	90	12		150176123	97	942	559	12		155410238
7459221	17791429	97	496	86	13		151678578	97	942	526	13		152633397
7459221	7461171	97	496	83	16		150707323	97	942	488	16		153082113
7459221	6677293	97	496	92	10		151819799	97	942	540	10		149117016
7459221	21057006	97	496	84	9		151048455	97	942	503	9		601506890
7459221	18021634	97	496	101	10		149505406	97	942	602	10		151672539
7459221	13955186	97	496	98	13		151041233	97	942	602	13		163041903
7459221	16210652	97	496	104	10		149980523	97	942	602	10		152152235
7459221	14579476	97	496	92	12		151971354	97	942	534	12		149870841
7459221	18754874	97	496	91	11		149191287	97	942	544	11		151599936
7459221	35497190	97	496	91	9		150409943	97	942	531	9		156916841
7459221	9001623	97	496	82	11		197574533	97	942	503	11		151102211
7459221	15178444	97	496	46	13		147797515	97	942	272	13		149138266
18754874	19514897	213	597	74	9		152939578	213	2240	1300	9		159342549
18754874	16250137	213	597	52	12		153501618	213	2240	939	12		163678194
18754874	18130267	213	597	41	10		145588844	213	2240	713	10		159303006
18754874	18752428	213	597	37	8		148806329	213	2240	639	8		162956831
18754874	18752426	213	597	42	8		146757284	213	2240	719	8		157035459
18754874	18130598	213	597	57	9		151245920	213	2240	1084	9		161404279
18754874	14579088	213	597	56	10		160904210	213	2240	953	10		163282404
18754874	18464147	213	597	55	11		152635364	213	2240	941	11		161622640
18754874	41522043	213	597	48	12		151419703	213	2240	867	12		158986101
18754874	14579494	213	597	50	14		160897382	213	2240	867	14		161284021
18754874	15197179	213	597	66	11		151481544	213	2240	1163	11		162144791
18754874	16272469	213	597	42	8		153716307	213	2240	719	8		157820572
18754874	16211076	213	597	37	8		151208623	213	2240	639	8		157320420
18754874	16253106	213	597	73	11		150005922	213	2240	1315	11		161904204
18754874	14579493	213	597	83	15		155027683	213	2240	1477	15		163426650
18754874	49650310	213	597	80	11		152842837	213	2240	1380	11		171946019
18754874	7770986	213	597	78	13		202824619	213	2240	1329	13		161469548
18754874	17791429	213	597	68	9		154480757	213	2240	1251	9		161106677
18754874	7461171	213	597	65	16		150777861	213	2240	1163	16		160291376
18754874	6677293	213	597	73	9		153146615	213	2240	1286	9		161852043
18754874	21057006	213	597	66	7		157110557	213	2240	1199	7		160200555
18754874	18021634	213	597	83	6		189959742	213	2240	1433	6		165661165
18754874	13955186	213	597	82	7		183625030	213	2240	1433	7		163205668
18754874	16210652	213	597	84	6		171323916	213	2240	1433	6		166897078
18754874	14579476	213	597	70	8		150417703	213	2240	1271	8		159946410
18754874	7459221	213	597	43	9		150726350	213	2240	779	9		157379228
18754874	35497190	213	597	69	8		152157244	213	2240	1265	8		155818442
18754874	9001623	213	597	69	6		152466263	213	2240	1199	6		162721656
18754874	15178444	213	597	37	10		214930762	213	2240	647	10		157199976
35497190	19514897	213	679	99	10		152202284	213	2240	1300	10		161253583
35497190	16250137	213	679	70	14		151419827	213	2240	939	14		159037783
35497190	18130267	213	679	55	12		150365240	213	2240	713	12		157753010
35497190	18752428	213	679	50	10		148877638	213	2240	639	10		155566216
35497190	18752426	213	679	56	11		153229761	213	2240	719	11		157880284
35497190	18130598	213	679	77	10		146045715	213	2240	1084	10		159425769
35497190	14579088	213	679	74	12		150791143	213	2240	953	12		162384853
35497190	18464147	213	679	73	12		153348927	213	2240	941	12		159427053
35497190	41522043	213	679	65	13		148051098	213	2240	867	13		160394881
35497190	14579494	213	679	67	13		173750411	213	2240	867	13		312121502
35497190	15197179	213	679	87	12		150601344	213	2240	1163	12		160619291
35497190	16272469	213	679	56	10		166790687	213	2240	719	10		228974557
35497190	16211076	213	679	50	10		149129504	213	2240	639	10		209025051
35497190	16253106	213	679	96	13		164699334	213	2240	1315	13		176458598
35497190	14579493	213	679	108	13		154997443	213	2240	1477	13		163236190
35497190	49650310	213	679	105	12		155119273	213	2240	1380	12		176653431
35497190	7770986	213	679	101	13		157538135	213	2240	1329	13		161171782
35497190	17791429	213	679	88	10		154800268	213	2240	1251	10		161648092
35497190	7461171	213	679	86	12		153150109	213	2240	1163	12		159516885
35497190	6677293	213	679	96	10		151084465	213	2240	1286	10		163629263
35497190	21057006	213	679	88	8		151963184	213	2240	1199	8		162257416
35497190	18021634	213	679	107	9		152006931	213	2240	1433	9		157060817
35497190	13955186	213	679	106	11		154599533	213	2240	1433	11		159830891
35497190	16210652	213	679	109	10		153722508	213	2240	1433	10		176601837
35497190	14579476	213	679	93	10		152048873	213	2240	1271	10		165647016
35497190	7459221	213	679	59	11		152499242	213	2240	779	11		156742524
35497190	18754874	213	679	94	12		152451586	213	2240	1297	12		164148158
35497190	9001623	213	679	89	6		154583588	213	2240	1199	6		172572783
35497190	15178444	213	679	48	10		153989202	213	2240	647	10		157695428
9001623	19514897	213	651	80	11		161904205	213	2240	1300	11		161017806
9001623	16250137	213	651	58	14		155719659	213	2240	939	14		159618329
9001623	18130267	213	651	46	11		148699004	213	2240	713	11		157121069
9001623	18752428	213	651	42	9		146803518	213	2240	639	9		153951991
9001623	18752426	213	651	46	9		150466988	213	2240	719	9		159681890
9001623	18130598	213	651	65	10		152327041	213	2240	1084	10		160285473
9001623	14579088	213	651	61	11		172535263	213	2240	953	11		168239288
9001623	18464147	213	651	63	14		148522945	213	2240	941	14		159091102
9001623	41522043	213	651	54	12		155435658	213	2240	867	12		160844164
9001623	14579494	213	651	57	15		150766263	213	2240	867	15		156751302
9001623	15197179	213	651	74	18		151754283	213	2240	1163	18		160204156
9001623	16272469	213	651	49	12		147285088	213	2240	719	12		160884686
9001623	16211076	213	651	42	9		149976372	213	2240	639	9		161207204
9001623	16253106	213	651	83	13		151692886	213	2240	1315	13		160950860
9001623	14579493	213	651	91	15		154880413	213	2240	1477	15		156637088
9001623	49650310	213	651	83	12		151309066	213	2240	1380	12		158996609
9001623	7770986	213	651	84	13		153353097	213	2240	1329	13		156972240
9001623	17791429	213	651	75	10		148837740	213	2240	1251	10		159983860
9001623	7461171	213	651	72	16		148233526	213	2240	1163	16		158436412
9001623	6677293	213	651	83	10		154708073	213	2240	1286	10		159476648
9001623	21057006	213	651	74	7		149770896	213	2240	1199	7		164698730
9001623	18021634	213	651	90	9		153117150	213	2240	1433	9		161430375
9001623	13955186	213	651	88	10		152424719	213	2240	1433	10		158239499
9001623	16210652	213	651	92	9		156772744	213	2240	1433	9		161938740
9001623	14579476	213	651	79	9		150807435	213	2240	1271	9		159424474
9001623	7459221	213	651	51	10		148284088	213	2240	779	10		156498536
9001623	18754874	213	651	79	13		156297037	213	2240	1297	13		161594956
9001623	35497190	213	651	79	8		154042131	213	2240	1265	8		158247409
9001623	15178444	213	651	42	10		149855946	213	2240	647	10		157170793
15178444	19514897	143	638	110	11		150800918	143	1438	833	11		153036400
15178444	16250137	143	638	79	13		247045883	143	1438	603	13		151429211
15178444	18130267	143	638	57	13		159175891	143	1438	457	13		148516993
15178444	18752428	143	638	53	12		147159071	143	1438	410	12		151478679
15178444	18752426	143	638	58	13		146307379	143	1438	462	13		199717423
15178444	18130598	143	638	95	14		146940828	143	1438	696	14		159155580
15178444	14579088	143	638	77	14		148664600	143	1438	613	14		155310212
15178444	18464147	143	638	75	12		154550897	143	1438	603	12		157066046
15178444	41522043	143	638	73	13		146519766	143	1438	556	13		154250028
15178444	14579494	143	638	75	12		146124180	143	1438	556	12		153727839
15178444	15197179	143	638	90	10		145716574	143	1438	744	10		152615222
15178444	16272469	143	638	61	9		149434142	143	1438	462	9		152916352
15178444	16211076	143	638	53	12		143703714	143	1438	410	12		157319902
15178444	16253106	143	638	102	12		157950518	143	1438	842	12		153118765
15178444	14579493	143	638	116	12		147724783	143	1438	947	12		155526031
15178444	49650310	143	638	112	13		157136128	143	1438	883	13		156171018
15178444	7770986	143	638	100	15		156017551	143	1438	853	15		156563510
15178444	17791429	143	638	92	12		149674087	143	1438	802	12		155391020
15178444	7461171	143	638	94	11		150322709	143	1438	744	11		158499069
15178444	6677293	143	638	99	12		149932442	143	1438	824	12		150471348
15178444	21057006	143	638	91	10		157961804	143	1438	767	10		151866350
15178444	18021634	143	638	114	10		147890915	143	1438	918	10		152465048
15178444	13955186	143	638	112	13		146561691	143	1438	918	13		154270817
15178444	16210652	143	638	117	9		157326462	143	1438	918	9		158671545
15178444	14579476	143	638	105	12		149767675	143	1438	814	12		151660392
15178444	7459221	143	638	63	13		208212572	143	1438	499	13		158497074
15178444	18754874	143	638	103	10		151842988	143	1438	830	10		156055241
15178444	35497190	143	638	101	10		146303986	143	1438	809	10		157490271
15178444	9001623	143	638	96	9		151223313	143	1438	767	9		153431033
