19514897	16250137	23	45	12	12		292231	57	557	501	12		176382
19514897	18130267	23	45	8	8		93869	57	557	450	8		67968
19514897	18752428	23	45	8	8		69758	57	557	450	8		84457
19514897	18752426	23	45	8	8		89798	57	557	450	8		89055
19514897	18130598	23	45	8	8		116494	57	557	450	8		107402
19514897	14579088	23	45	8	8		83917	57	557	557	8		85665
19514897	18464147	23	45	8	8		81041	57	557	557	8		88489
19514897	41522043	23	45	12	12		81494	57	557	501	12		80010
19514897	14579494	23	45	11	11		70654	57	557	557	11		76348
19514897	15197179	23	45	10	10		79067	57	557	557	10		88247
19514897	16272469	23	45	8	8		68564	57	557	506	8		78789
19514897	16211076	23	45	8	8		102728	57	557	450	8		79427
19514897	16253106	23	45	9	9		80228	57	557	557	9		82577
19514897	14579493	23	45	11	11		81675	57	557	557	11		81652
19514897	49650310	23	45	8	8		77574	57	557	557	8		69525
19514897	7770986	23	45	8	8		65748	57	557	557	8		86524
19514897	17791429	23	45	9	9		82440	57	557	506	9		78998
19514897	7461171	23	45	11	11		79114	57	557	557	11		75666
19514897	6677293	23	45	10	10		81535	57	557	557	10		98609
19514897	21057006	23	45	11	11		78076	57	557	444	11		81269
19514897	18021634	23	45	12	12		76978	57	557	500	12		80368
19514897	13955186	23	45	10	10		75963	57	557	500	10		79454
19514897	16210652	23	45	10	10		69739	57	557	500	10		81640
19514897	14579476	23	45	12	12		72599	57	557	500	12		74594
19514897	7459221	23	45	8	8		67729	57	557	387	8		83667
19514897	18754874	23	45	11	11		61123	57	557	500	11		64437
19514897	35497190	23	45	12	12		76381	57	557	444	12		78682
19514897	9001623	23	45	9	9		79455	57	557	455	9		83168
19514897	15178444	23	45	9	9		65920	57	557	455	9		81603
16250137	19514897	25	81	12	12		78541	51	500	500	12		79414
16250137	18130267	25	81	14	14		80857	51	500	402	14		84345
16250137	18752428	25	81	14	14		84777	51	500	402	14		89543
16250137	18752426	25	81	14	14		71696	51	500	402	14		76396
16250137	18130598	25	81	14	14		61076	51	500	402	14		63687
16250137	14579088	25	81	14	14		58782	51	500	500	14		88665
16250137	18464147	25	81	12	12		77828	51	500	500	12		71826
16250137	41522043	25	81	13	13		58533	51	500	449	13		56288
16250137	14579494	25	81	13	13		70870	51	500	500	13		70012
16250137	15197179	25	81	13	13		68579	51	500	500	13		78606
16250137	16272469	25	81	12	12		83638	51	500	453	12		71467
16250137	16211076	25	81	14	14		62543	51	500	402	14		66436
16250137	16253106	25	81	12	12		73862	51	500	500	12		61316
16250137	14579493	25	81	13	13		63529	51	500	500	13		72280
16250137	49650310	25	81	12	12		73289	51	500	500	12		73518
16250137	7770986	25	81	14	14		70625	51	500	500	14		68744
16250137	17791429	25	81	12	12		62629	51	500	455	12		67626
16250137	7461171	25	81	13	13		71174	51	500	500	13		74982
16250137	6677293	25	81	12	12		88206	51	500	500	12		85899
16250137	21057006	25	81	13	13		84577	51	500	398	13		79938
16250137	18021634	25	81	12	12		72647	51	500	449	12		66244
16250137	13955186	25	81	15	15		77121	51	500	449	15		53732
16250137	16210652	25	81	14	14		53576	51	500	449	14		74508
16250137	14579476	25	81	13	13		71384	51	500	449	13		74287
16250137	7459221	25	81	16	16		63627	51	500	347	16		74030
16250137	18754874	25	81	12	12		61413	51	500	449	12		67531
16250137	35497190	25	81	14	14		62394	51	500	398	14		74497
16250137	9001623	25	81	13	13		85997	51	500	408	13		78812
16250137	15178444	25	81	13	13		64410	51	500	408	13		66582
18130267	19514897	8	26	6	6		65869	8	79	79	6		67357
18130267	16250137	8	26	6	6		61016	8	79	71	6		57766
18130267	18752428	8	26	5	5		57723	8	79	63	5		63759
18130267	18752426	8	26	5	5		62188	8	79	63	5		71216
18130267	18130598	8	26	5	5		90392	8	79	63	5		88377
18130267	14579088	8	26	5	5		68783	8	79	79	5		64267
18130267	18464147	8	26	6	6		70123	8	79	79	6		79503
18130267	41522043	8	26	8	8		78747	8	79	71	8		86412
18130267	14579494	8	26	8	8		76094	8	79	79	8		74593
18130267	15197179	8	26	6	6		73822	8	79	79	6		139575
18130267	16272469	8	26	6	6		55531	8	79	71	6		62940
18130267	16211076	8	26	5	5		62388	8	79	63	5		77100
18130267	16253106	8	26	5	5		73360	8	79	79	5		74884
18130267	14579493	8	26	8	8		70096	8	79	79	8		68123
18130267	49650310	8	26	4	4		63447	8	79	79	4		68853
18130267	7770986	8	26	5	5		76239	8	79	79	5		85859
18130267	17791429	8	26	6	6		68356	8	79	72	6		73018
18130267	7461171	8	26	8	8		62454	8	79	79	8		61716
18130267	6677293	8	26	6	6		60771	8	79	79	6		75745
18130267	21057006	8	26	6	6		60971	8	79	63	6		68626
18130267	18021634	8	26	8	8		66477	8	79	71	8		61353
18130267	13955186	8	26	6	6		84513	8	79	71	6		74033
18130267	16210652	8	26	6	6		67708	8	79	71	6		64852
18130267	14579476	8	26	8	8		63642	8	79	71	8		69221
18130267	7459221	8	26	5	5		62840	8	79	55	5		72841
18130267	18754874	8	26	7	7		77169	8	79	71	7		71606
18130267	35497190	8	26	10	10		72406	8	79	63	10		68767
18130267	9001623	8	26	6	6		61904	8	79	64	6		62375
18130267	15178444	8	26	7	7		68244	8	79	64	7		79089
18752428	19514897	8	26	6	6		70079	8	79	79	6		66855
18752428	16250137	8	26	6	6		63704	8	79	71	6		66022
18752428	18130267	8	26	5	5		62003	8	79	63	5		66064
18752428	18752426	8	26	5	5		56546	8	79	63	5		61287
18752428	18130598	8	26	5	5		69446	8	79	63	5		83469
18752428	14579088	8	26	5	5		58248	8	79	79	5		64898
18752428	18464147	8	26	6	6		59678	8	79	79	6		63477
18752428	41522043	8	26	8	8		57586	8	79	71	8		58105
18752428	14579494	8	26	8	8		60935	8	79	79	8		78376
18752428	15197179	8	26	6	6		70384	8	79	79	6		79466
18752428	16272469	8	26	6	6		59039	8	79	71	6		86782
18752428	16211076	8	26	5	5		67616	8	79	63	5		64222
18752428	16253106	8	26	5	5		63986	8	79	79	5		85869
18752428	14579493	8	26	8	8		82445	8	79	79	8		73705
18752428	49650310	8	26	4	4		90704	8	79	79	4		98896
18752428	7770986	8	26	5	5		76896	8	79	79	5		75645
18752428	17791429	8	26	6	6		76423	8	79	72	6		64939
18752428	7461171	8	26	8	8		64529	8	79	79	8		67329
18752428	6677293	8	26	6	6		71333	8	79	79	6		53212
18752428	21057006	8	26	6	6		57553	8	79	63	6		61802
18752428	18021634	8	26	8	8		64260	8	79	71	8		71541
18752428	13955186	8	26	6	6		78370	8	79	71	6		88462
18752428	16210652	8	26	6	6		78479	8	79	71	6		74542
18752428	14579476	8	26	8	8		60562	8	79	71	8		72362
18752428	7459221	8	26	5	5		62121	8	79	55	5		70792
18752428	18754874	8	26	7	7		68330	8	79	71	7		66844
18752428	35497190	8	26	10	10		81446	8	79	63	10		94699
18752428	9001623	8	26	6	6		67619	8	79	64	6		57372
18752428	15178444	8	26	7	7		56591	8	79	64	7		68753
18752426	19514897	18	46	7	7		62268	31	301	301	7		63521
18752426	16250137	18	46	10	10		60421	31	301	271	10		63728
18752426	18130267	18	46	7	7		60744	31	301	245	7		65067
18752426	18752428	18	46	7	7		55807	31	301	245	7		61249
18752426	18130598	18	46	7	7		57588	31	301	245	7		60457
18752426	14579088	18	46	7	7		72076	31	301	301	7		111789
18752426	18464147	18	46	7	7		64294	31	301	301	7		72351
18752426	41522043	18	46	13	13		67057	31	301	271	13		70695
18752426	14579494	18	46	10	10		68216	31	301	301	10		67521
18752426	15197179	18	46	9	9		65987	31	301	301	9		64957
18752426	16272469	18	46	7	7		73755	31	301	275	7		69468
18752426	16211076	18	46	7	7		85276	31	301	245	7		84370
18752426	16253106	18	46	8	8		64640	31	301	301	8		73348
18752426	14579493	18	46	10	10		63174	31	301	301	10		66317
18752426	49650310	18	46	6	6		64859	31	301	301	6		68658
18752426	7770986	18	46	7	7		73516	31	301	301	7		84540
18752426	17791429	18	46	10	10		57012	31	301	273	10		52192
18752426	7461171	18	46	10	10		52239	31	301	301	10		79109
18752426	6677293	18	46	11	11		71212	31	301	301	11		69048
18752426	21057006	18	46	10	10		87677	31	301	240	10		80033
18752426	18021634	18	46	13	13		80407	31	301	270	13		69130
18752426	13955186	18	46	9	9		74582	31	301	270	9		83549
18752426	16210652	18	46	10	10		62624	31	301	270	10		86139
18752426	14579476	18	46	11	11		79868	31	301	270	11		90294
18752426	7459221	18	46	7	7		69615	31	301	209	7		67299
18752426	18754874	18	46	9	9		72027	31	301	270	9		64000
18752426	35497190	18	46	11	11		50481	31	301	240	11		53117
18752426	9001623	18	46	6	6		72264	31	301	247	6		76904
18752426	15178444	18	46	9	9		81310	31	301	247	9		63098
18130598	19514897	12	43	9	9		67640	25	245	245	9		70986
18130598	16250137	12	43	10	10		64571	25	245	220	10		67419
18130598	18130267	12	43	8	8		76388	25	245	197	8		84046
18130598	18752428	12	43	8	8		72851	25	245	197	8		68760
18130598	18752426	12	43	8	8		64547	25	245	197	8		69488
18130598	14579088	12	43	8	8		70011	25	245	245	8		70476
18130598	18464147	12	43	9	9		52245	25	245	245	9		52360
18130598	41522043	12	43	10	10		58840	25	245	220	10		72849
18130598	14579494	12	43	10	10		78684	25	245	245	10		84533
18130598	15197179	12	43	10	10		76442	25	245	245	10		69554
18130598	16272469	12	43	9	9		63622	25	245	222	9		67485
18130598	16211076	12	43	8	8		67118	25	245	197	8		66089
18130598	16253106	12	43	8	8		83465	25	245	245	8		86812
18130598	14579493	12	43	10	10		81062	25	245	245	10		68399
18130598	49650310	12	43	7	7		67127	25	245	245	7		74086
18130598	7770986	12	43	8	8		57733	25	245	245	8		61343
18130598	17791429	12	43	8	8		61686	25	245	223	8		85902
18130598	7461171	12	43	10	10		68378	25	245	245	10		72273
18130598	6677293	12	43	8	8		71398	25	245	245	8		70074
18130598	21057006	12	43	9	9		65245	25	245	195	9		69668
18130598	18021634	12	43	10	10		70676	25	245	220	10		81057
18130598	13955186	12	43	9	9		81506	25	245	220	9		77066
18130598	16210652	12	43	9	9		68057	25	245	220	9		65844
18130598	14579476	12	43	10	10		74923	25	245	220	10		61812
18130598	7459221	12	43	8	8		77546	25	245	170	8		77202
18130598	18754874	12	43	10	10		85080	25	245	220	10		82184
18130598	35497190	12	43	11	11		71644	25	245	195	11		69936
18130598	9001623	12	43	12	12		63130	25	245	200	12		72899
18130598	15178444	12	43	9	9		81758	25	245	200	9		78015
14579088	19514897	20	72	16	16		95487	35	342	342	16		81503
14579088	16250137	20	72	12	12		69525	35	342	307	12		52781
14579088	18130267	20	72	13	13		60235	35	342	276	13		71586
14579088	18752428	20	72	13	13		53288	35	342	276	13		58749
14579088	18752426	20	72	13	13		56252	35	342	276	13		63067
14579088	18130598	20	72	13	13		77217	35	342	276	13		68653
14579088	18464147	20	72	16	16		65918	35	342	342	16		74306
14579088	41522043	20	72	11	11		66226	35	342	307	11		66103
14579088	14579494	20	72	13	13		64720	35	342	342	13		71652
14579088	15197179	20	72	11	11		70908	35	342	342	11		71507
14579088	16272469	20	72	15	15		79512	35	342	311	15		82575
14579088	16211076	20	72	13	13		62538	35	342	276	13		62812
14579088	16253106	20	72	12	12		72882	35	342	342	12		62433
14579088	14579493	20	72	13	13		59696	35	342	342	13		72899
14579088	49650310	20	72	12	12		77622	35	342	342	12		73572
14579088	7770986	20	72	13	13		70803	35	342	342	13		69972
14579088	17791429	20	72	11	11		70281	35	342	311	11		62129
14579088	7461171	20	72	13	13		75167	35	342	342	13		71450
14579088	6677293	20	72	11	11		69764	35	342	342	11		70447
14579088	21057006	20	72	13	13		71580	35	342	272	13		73039
14579088	18021634	20	72	13	13		63006	35	342	307	13		77518
14579088	13955186	20	72	12	12		68082	35	342	307	12		71396
14579088	16210652	20	72	16	16		73329	35	342	307	16		73802
14579088	14579476	20	72	13	13		69913	35	342	307	13		75756
14579088	7459221	20	72	13	13		59807	35	342	237	13		64970
14579088	18754874	20	72	13	13		68867	35	342	307	13		70981
14579088	35497190	20	72	16	16		71623	35	342	272	16		79906
14579088	9001623	20	72	15	15		75631	35	342	280	15		74668
14579088	15178444	20	72	12	12		65102	35	342	280	12		65202
18464147	19514897	23	43	7	7		64696	56	547	547	7		69854
18464147	16250137	23	43	11	11		61200	56	547	492	11		58640
18464147	18130267	23	43	7	7		80430	56	547	442	7		68500
18464147	18752428	23	43	7	7		64482	56	547	442	7		71476
18464147	18752426	23	43	7	7		67464	56	547	442	7		70553
18464147	18130598	23	43	7	7		60671	56	547	442	7		79379
18464147	14579088	23	43	7	7		79013	56	547	547	7		77653
18464147	41522043	23	43	11	11		87162	56	547	492	11		91404
18464147	14579494	23	43	9	9		66052	56	547	547	9		65919
18464147	15197179	23	43	9	9		67068	56	547	547	9		82012
18464147	16272469	23	43	7	7		50141	56	547	497	7		59772
18464147	16211076	23	43	7	7		64479	56	547	442	7		63468
18464147	16253106	23	43	8	8		78716	56	547	547	8		69885
18464147	14579493	23	43	9	9		78684	56	547	547	9		79894
18464147	49650310	23	43	6	6		64392	56	547	547	6		74863
18464147	7770986	23	43	7	7		85029	56	547	547	7		68069
18464147	17791429	23	43	8	8		68832	56	547	497	8		72816
18464147	7461171	23	43	9	9		60796	56	547	547	9		67934
18464147	6677293	23	43	9	9		62957	56	547	547	9		70061
18464147	21057006	23	43	10	10		58974	56	547	436	10		62829
18464147	18021634	23	43	10	10		67746	56	547	491	10		75115
18464147	13955186	23	43	9	9		70260	56	547	491	9		74065
18464147	16210652	23	43	10	10		62922	56	547	491	10		68921
18464147	14579476	23	43	11	11		87596	56	547	491	11		93528
18464147	7459221	23	43	7	7		86246	56	547	380	7		73210
18464147	18754874	23	43	10	10		62579	56	547	491	10		72021
18464147	35497190	23	43	11	11		63646	56	547	436	11		67529
18464147	9001623	23	43	7	7		64688	56	547	447	7		86013
18464147	15178444	23	43	7	7		54101	56	547	447	7		57789
41522043	19514897	21	70	13	13		64672	35	342	342	13		90320
41522043	16250137	21	70	12	12		63238	35	342	307	12		67917
41522043	18130267	21	70	12	12		60124	35	342	276	12		63728
41522043	18752428	21	70	12	12		65866	35	342	276	12		71200
41522043	18752426	21	70	12	12		76609	35	342	276	12		82947
41522043	18130598	21	70	12	12		72667	35	342	276	12		70736
41522043	14579088	21	70	12	12		60425	35	342	342	12		65234
41522043	18464147	21	70	14	14		59878	35	342	342	14		82055
41522043	14579494	21	70	14	14		59863	35	342	342	14		57880
41522043	15197179	21	70	14	14		80744	35	342	342	14		68614
41522043	16272469	21	70	13	13		58661	35	342	311	13		65418
41522043	16211076	21	70	12	12		71858	35	342	276	12		70135
41522043	16253106	21	70	13	13		79776	35	342	342	13		56379
41522043	14579493	21	70	14	14		76221	35	342	342	14		89809
41522043	49650310	21	70	11	11		89363	35	342	342	11		68941
41522043	7770986	21	70	12	12		62335	35	342	342	12		67420
41522043	17791429	21	70	11	11		93044	35	342	311	11		88901
41522043	7461171	21	70	14	14		56734	35	342	342	14		62113
41522043	6677293	21	70	11	11		60635	35	342	342	11		65904
41522043	21057006	21	70	12	12		64694	35	342	272	12		66844
41522043	18021634	21	70	12	12		53363	35	342	307	12		75507
41522043	13955186	21	70	14	14		64326	35	342	307	14		66295
41522043	16210652	21	70	14	14		63589	35	342	307	14		68469
41522043	14579476	21	70	13	13		60640	35	342	307	13		67927
41522043	7459221	21	70	12	12		59716	35	342	237	12		68622
41522043	18754874	21	70	12	12		67239	35	342	307	12		80175
41522043	35497190	21	70	15	15		64055	35	342	272	15		56379
41522043	9001623	21	70	14	14		63538	35	342	280	14		73493
41522043	15178444	21	70	13	13		50517	35	342	280	13		69653
14579494	19514897	15	53	9	9		78581	43	421	421	9		71049
14579494	16250137	15	53	11	11		62482	43	421	378	11		67199
14579494	18130267	15	53	9	9		62446	43	421	339	9		82965
14579494	18752428	15	53	9	9		73594	43	421	339	9		87668
14579494	18752426	15	53	9	9		82969	43	421	339	9		70279
14579494	18130598	15	53	9	9		64007	43	421	339	9		70589
14579494	14579088	15	53	9	9		78231	43	421	421	9		71266
14579494	18464147	15	53	10	10		60668	43	421	421	10		69780
14579494	41522043	15	53	13	13		69767	43	421	378	13		83634
14579494	15197179	15	53	10	10		67882	43	421	421	10		73262
14579494	16272469	15	53	10	10		81544	43	421	382	10		66691
14579494	16211076	15	53	9	9		58372	43	421	339	9		63900
14579494	16253106	15	53	9	9		65984	43	421	421	9		76024
14579494	14579493	15	53	11	11		83618	43	421	421	11		90737
14579494	49650310	15	53	10	10		97944	43	421	421	10		63435
14579494	7770986	15	53	9	9		69378	43	421	421	9		67279
14579494	17791429	15	53	9	9		54971	43	421	383	9		57055
14579494	7461171	15	53	11	11		76231	43	421	421	11		69353
14579494	6677293	15	53	12	12		65775	43	421	421	12		75694
14579494	21057006	15	53	10	10		62230	43	421	335	10		67500
14579494	18021634	15	53	9	9		63214	43	421	378	9		64922
14579494	13955186	15	53	11	11		92616	43	421	378	11		89189
14579494	16210652	15	53	11	11		79254	43	421	378	11		73879
14579494	14579476	15	53	11	11		67952	43	421	378	11		67931
14579494	7459221	15	53	10	10		63020	43	421	292	10		73355
14579494	18754874	15	53	10	10		59082	43	421	378	10		72119
14579494	35497190	15	53	12	12		65095	43	421	335	12		66060
14579494	9001623	15	53	9	9		80909	43	421	344	9		76691
14579494	15178444	15	53	10	10		58928	43	421	344	10		61436
15197179	19514897	26	48	9	9		64065	81	793	793	9		77321
15197179	16250137	26	48	12	12		73129	81	793	713	12		70464
15197179	18130267	26	48	9	9		72809	81	793	639	9		70135
15197179	18752428	26	48	9	9		60987	81	793	639	9		64820
15197179	18752426	26	48	9	9		63064	81	793	639	9		57663
15197179	18130598	26	48	9	9		52251	81	793	639	9		56497
15197179	14579088	26	48	9	9		68995	81	793	793	9		74670
15197179	18464147	26	48	9	9		69825	81	793	793	9		76739
15197179	41522043	26	48	13	13		63913	81	793	713	13		65978
15197179	14579494	26	48	12	12		60210	81	793	793	12		97539
15197179	16272469	26	48	9	9		85132	81	793	719	9		72302
15197179	16211076	26	48	9	9		67887	81	793	639	9		70025
15197179	16253106	26	48	10	10		71823	81	793	793	10		74333
15197179	14579493	26	48	12	12		78682	81	793	793	12		69410
15197179	49650310	26	48	8	8		54227	81	793	793	8		61965
15197179	7770986	26	48	9	9		74499	81	793	793	9		71533
15197179	17791429	26	48	10	10		58306	81	793	721	10		67974
15197179	7461171	26	48	12	12		70103	81	793	793	12		76159
15197179	6677293	26	48	11	11		67773	81	793	793	11		71825
15197179	21057006	26	48	12	12		67623	81	793	632	12		70621
15197179	18021634	26	48	12	12		70330	81	793	712	12		72207
15197179	13955186	26	48	11	11		71036	81	793	712	11		89374
15197179	16210652	26	48	11	11		82667	81	793	712	11		78773
15197179	14579476	26	48	13	13		69450	81	793	712	13		67764
15197179	7459221	26	48	9	9		70320	81	793	551	9		70638
15197179	18754874	26	48	11	11		74575	81	793	712	11		93348
15197179	35497190	26	48	13	13		74333	81	793	632	13		72298
15197179	9001623	26	48	8	8		75435	81	793	647	8		87864
15197179	15178444	26	48	10	10		87322	81	793	647	10		82452
16272469	19514897	24	48	7	7		79324	49	477	477	7		93552
16272469	16250137	24	48	11	11		64569	49	477	429	11		81833
16272469	18130267	24	48	7	7		66861	49	477	387	7		69828
16272469	18752428	24	48	7	7		59535	49	477	387	7		72460
16272469	18752426	24	48	7	7		73525	49	477	387	7		88897
16272469	18130598	24	48	7	7		86113	49	477	387	7		85468
16272469	14579088	24	48	7	7		64375	49	477	477	7		74363
16272469	18464147	24	48	7	7		61306	49	477	477	7		66592
16272469	41522043	24	48	12	12		66456	49	477	429	12		73840
16272469	14579494	24	48	11	11		76825	49	477	477	11		68772
16272469	15197179	24	48	9	9		61911	49	477	477	9		57857
16272469	16211076	24	48	7	7		57570	49	477	387	7		51217
16272469	16253106	24	48	8	8		58802	49	477	477	8		61859
16272469	14579493	24	48	11	11		69370	49	477	477	11		87796
16272469	49650310	24	48	9	9		73790	49	477	477	9		73484
16272469	7770986	24	48	7	7		63959	49	477	477	7		69117
16272469	17791429	24	48	9	9		63614	49	477	433	9		71044
16272469	7461171	24	48	11	11		81591	49	477	477	11		83046
16272469	6677293	24	48	10	10		72422	49	477	477	10		70594
16272469	21057006	24	48	10	10		78033	49	477	380	10		75323
16272469	18021634	24	48	13	13		73461	49	477	428	13		61638
16272469	13955186	24	48	9	9		67007	49	477	428	9		71096
16272469	16210652	24	48	11	11		84256	49	477	428	11		71625
16272469	14579476	24	48	12	12		70674	49	477	428	12		75957
16272469	7459221	24	48	7	7		62835	49	477	331	7		70026
16272469	18754874	24	48	10	10		76466	49	477	428	10		69999
16272469	35497190	24	48	12	12		66830	49	477	380	12		68685
16272469	9001623	24	48	9	9		67000	49	477	391	9		67987
16272469	15178444	24	48	9	9		57022	49	477	391	9		78786
16211076	19514897	5	25	7	7		62059	5	47	47	7		70278
16211076	16250137	5	25	10	10		65791	5	47	43	10		62511
16211076	18130267	5	25	7	7		79234	5	47	40	7		80326
16211076	18752428	5	25	7	7		76619	5	47	40	7		82250
16211076	18752426	5	25	7	7		57561	5	47	40	7		74806
16211076	18130598	5	25	7	7		78607	5	47	40	7		80796
16211076	14579088	5	25	7	7		79204	5	47	47	7		64898
16211076	18464147	5	25	7	7		63148	5	47	47	7		70208
16211076	41522043	5	25	9	9		56275	5	47	43	9		60202
16211076	14579494	5	25	9	9		62699	5	47	47	9		77192
16211076	15197179	5	25	9	9		66485	5	47	47	9		85026
16211076	16272469	5	25	7	7		58882	5	47	44	7		66481
16211076	16253106	5	25	8	8		67755	5	47	47	8		60609
16211076	14579493	5	25	9	9		61125	5	47	47	9		65990
16211076	49650310	5	25	6	6		66965	5	47	47	6		64584
16211076	7770986	5	25	7	7		66978	5	47	47	7		66452
16211076	17791429	5	25	6	6		69540	5	47	42	6		66611
16211076	7461171	5	25	9	9		64202	5	47	47	9		65358
16211076	6677293	5	25	7	7		62158	5	47	47	7		81247
16211076	21057006	5	25	10	10		54934	5	47	38	10		59124
16211076	18021634	5	25	9	9		61599	5	47	42	9		58944
16211076	13955186	5	25	9	9		72414	5	47	42	9		70987
16211076	16210652	5	25	8	8		62742	5	47	42	8		65283
16211076	14579476	5	25	9	9		78905	5	47	42	9		70863
16211076	7459221	5	25	7	7		56908	5	47	33	7		66191
16211076	18754874	5	25	9	9		74486	5	47	42	9		68325
16211076	35497190	5	25	9	9		66650	5	47	38	9		69566
16211076	9001623	5	25	6	6		82024	5	47	39	6		88127
16211076	15178444	5	25	7	7		71226	5	47	39	7		69196
16253106	19514897	27	49	7	7		59745	81	793	793	7		71205
16253106	16250137	27	49	10	10		70630	81	793	713	10		75679
16253106	18130267	27	49	7	7		84152	81	793	639	7		89118
16253106	18752428	27	49	7	7		65240	81	793	639	7		70393
16253106	18752426	27	49	7	7		68540	81	793	639	7		84502
16253106	18130598	27	49	7	7		88458	81	793	639	7		82904
16253106	14579088	27	49	7	7		92699	81	793	793	7		64799
16253106	18464147	27	49	7	7		67898	81	793	793	7		77850
16253106	41522043	27	49	12	12		64034	81	793	713	12		64061
16253106	14579494	27	49	9	9		69569	81	793	793	9		70714
16253106	15197179	27	49	9	9		87677	81	793	793	9		88982
16253106	16272469	27	49	7	7		88641	81	793	719	7		71566
16253106	16211076	27	49	7	7		68209	81	793	639	7		70547
16253106	14579493	27	49	9	9		79126	81	793	793	9		71858
16253106	49650310	27	49	7	7		52535	81	793	793	7		88125
16253106	7770986	27	49	7	7		81613	81	793	793	7		71263
16253106	17791429	27	49	9	9		73988	81	793	721	9		69083
16253106	7461171	27	49	9	9		62155	81	793	793	9		72394
16253106	6677293	27	49	10	10		79526	81	793	793	10		90344
16253106	21057006	27	49	10	10		67001	81	793	632	10		70017
16253106	18021634	27	49	13	13		65975	81	793	712	13		68680
16253106	13955186	27	49	9	9		67716	81	793	712	9		75848
16253106	16210652	27	49	11	11		84897	81	793	712	11		84658
16253106	14579476	27	49	10	10		68769	81	793	712	10		76738
16253106	7459221	27	49	7	7		70136	81	793	551	7		74310
16253106	18754874	27	49	9	9		59859	81	793	712	9		82448
16253106	35497190	27	49	10	10		66607	81	793	632	10		80121
16253106	9001623	27	49	9	9		70114	81	793	647	9		79788
16253106	15178444	27	49	10	10		78658	81	793	647	10		91966
14579493	19514897	25	81	11	11		81224	68	668	668	11		70698
14579493	16250137	25	81	13	13		67044	68	668	600	13		89393
14579493	18130267	25	81	14	14		72592	68	668	536	14		71355
14579493	18752428	25	81	14	14		63385	68	668	536	14		69998
14579493	18752426	25	81	14	14		66874	68	668	536	14		78912
14579493	18130598	25	81	14	14		56970	68	668	536	14		60816
14579493	14579088	25	81	14	14		54178	68	668	668	14		83717
14579493	18464147	25	81	12	12		72167	68	668	668	12		63364
14579493	41522043	25	81	13	13		77330	68	668	600	13		67190
14579493	14579494	25	81	13	13		69816	68	668	668	13		69905
14579493	15197179	25	81	12	12		84588	68	668	668	12		91043
14579493	16272469	25	81	11	11		78764	68	668	604	11		85382
14579493	16211076	25	81	14	14		87132	68	668	536	14		73163
14579493	16253106	25	81	13	13		64195	68	668	668	13		81967
14579493	49650310	25	81	12	12		59564	68	668	668	12		69107
14579493	7770986	25	81	14	14		63348	68	668	668	14		74984
14579493	17791429	25	81	12	12		91098	68	668	608	12		76023
14579493	7461171	25	81	13	13		64338	68	668	668	13		65080
14579493	6677293	25	81	11	11		64191	68	668	668	11		80046
14579493	21057006	25	81	13	13		79255	68	668	532	13		71568
14579493	18021634	25	81	12	12		69150	68	668	600	12		70317
14579493	13955186	25	81	16	16		69720	68	668	600	16		69539
14579493	16210652	25	81	14	14		72306	68	668	600	14		72498
14579493	14579476	25	81	13	13		77437	68	668	600	13		76633
14579493	7459221	25	81	17	17		70305	68	668	464	17		67798
14579493	18754874	25	81	12	12		81447	68	668	600	12		70684
14579493	35497190	25	81	14	14		63315	68	668	532	14		81535
14579493	9001623	25	81	11	11		84330	68	668	544	11		89175
14579493	15178444	25	81	14	14		64027	68	668	544	14		74384
49650310	19514897	25	62	12	12		71676	76	746	746	12		70632
49650310	16250137	25	62	13	13		75466	76	746	670	13		71893
49650310	18130267	25	62	11	11		76110	76	746	599	11		70187
49650310	18752428	25	62	11	11		63733	76	746	599	11		66020
49650310	18752426	25	62	11	11		68977	76	746	599	11		67906
49650310	18130598	25	62	11	11		66878	76	746	599	11		70952
49650310	14579088	25	62	11	11		86376	76	746	746	11		87519
49650310	18464147	25	62	12	12		64633	76	746	746	12		70676
49650310	41522043	25	62	15	15		73897	76	746	670	15		76072
49650310	14579494	25	62	14	14		66148	76	746	746	14		70742
49650310	15197179	25	62	13	13		60748	76	746	746	13		60194
49650310	16272469	25	62	12	12		54582	76	746	675	12		77165
49650310	16211076	25	62	11	11		71197	76	746	599	11		67427
49650310	16253106	25	62	11	11		67937	76	746	746	11		68404
49650310	14579493	25	62	14	14		79328	76	746	746	14		98905
49650310	7770986	25	62	11	11		80817	76	746	746	11		67647
49650310	17791429	25	62	11	11		55793	76	746	679	11		81368
49650310	7461171	25	62	14	14		88662	76	746	746	14		89797
49650310	6677293	25	62	12	12		79930	76	746	746	12		78219
49650310	21057006	25	62	13	13		59835	76	746	594	13		74734
49650310	18021634	25	62	11	11		76684	76	746	670	11		72044
49650310	13955186	25	62	12	12		96789	76	746	670	12		80888
49650310	16210652	25	62	11	11		90203	76	746	670	11		101235
49650310	14579476	25	62	15	15		71138	76	746	670	15		59263
49650310	7459221	25	62	10	10		70426	76	746	518	10		66771
49650310	18754874	25	62	11	11		67660	76	746	670	11		69324
49650310	35497190	25	62	17	17		82081	76	746	594	17		79677
49650310	9001623	25	62	13	13		67854	76	746	608	13		63638
49650310	15178444	25	62	13	13		75503	76	746	608	13		71456
7770986	19514897	37	98	16	16		69430	76	746	746	16		72516
7770986	16250137	37	98	14	14		86250	76	746	670	14		90059
7770986	18130267	37	98	15	15		62652	76	746	599	15		80045
7770986	18752428	37	98	15	15		67046	76	746	599	15		71733
7770986	18752426	37	98	15	15		73195	76	746	599	15		72239
7770986	18130598	37	98	15	15		87761	76	746	599	15		81570
7770986	14579088	37	98	15	15		76889	76	746	746	15		81710
7770986	18464147	37	98	18	18		68699	76	746	746	18		68430
7770986	41522043	37	98	16	16		67284	76	746	670	16		69176
7770986	14579494	37	98	17	17		63415	76	746	746	17		70457
7770986	15197179	37	98	15	15		83618	76	746	746	15		81798
7770986	16272469	37	98	18	18		60488	76	746	675	18		73369
7770986	16211076	37	98	15	15		63988	76	746	599	15		66686
7770986	16253106	37	98	15	15		76013	76	746	746	15		76760
7770986	14579493	37	98	17	17		68655	76	746	746	17		71937
7770986	49650310	37	98	14	14		65367	76	746	746	14		66523
7770986	17791429	37	98	12	12		70288	76	746	679	12		78175
7770986	7461171	37	98	17	17		58974	76	746	746	17		78722
7770986	6677293	37	98	14	14		69879	76	746	746	14		76033
7770986	21057006	37	98	15	15		66992	76	746	594	15		84379
7770986	18021634	37	98	17	17		68020	76	746	670	17		75887
7770986	13955186	37	98	18	18		96375	76	746	670	18		72162
7770986	16210652	37	98	19	19		85413	76	746	670	19		82534
7770986	14579476	37	98	15	15		84640	76	746	670	15		86226
7770986	7459221	37	98	16	16		73009	76	746	518	16		70621
7770986	18754874	37	98	15	15		84968	76	746	670	15		95440
7770986	35497190	37	98	14	14		73069	76	746	594	14		71957
7770986	9001623	37	98	17	17		65228	76	746	608	17		73899
7770986	15178444	37	98	15	15		70399	76	746	608	15		70445
17791429	19514897	23	79	11	11		69123	76	746	746	11		90788
17791429	16250137	23	79	13	13		70922	76	746	670	13		73890
17791429	18130267	23	79	15	15		62503	76	746	599	15		77822
17791429	18752428	23	79	15	15		64079	76	746	599	15		61760
17791429	18752426	23	79	15	15		66424	76	746	599	15		87633
17791429	18130598	23	79	15	15		84395	76	746	599	15		70862
17791429	14579088	23	79	15	15		65942	76	746	746	15		72596
17791429	18464147	23	79	11	11		68254	76	746	746	11		72801
17791429	41522043	23	79	14	14		66164	76	746	670	14		76683
17791429	14579494	23	79	15	15		85848	76	746	746	15		76583
17791429	15197179	23	79	12	12		71396	76	746	746	12		75060
17791429	16272469	23	79	11	11		76962	76	746	675	11		69743
17791429	16211076	23	79	15	15		69501	76	746	599	15		67130
17791429	16253106	23	79	12	12		73513	76	746	746	12		94541
17791429	14579493	23	79	15	15		86957	76	746	746	15		101995
17791429	49650310	23	79	11	11		70008	76	746	746	11		71499
17791429	7770986	23	79	15	15		69763	76	746	746	15		74542
17791429	7461171	23	79	15	15		65359	76	746	746	15		77552
17791429	6677293	23	79	13	13		78785	76	746	746	13		54699
17791429	21057006	23	79	13	13		71226	76	746	594	13		72184
17791429	18021634	23	79	12	12		78906	76	746	670	12		66796
17791429	13955186	23	79	17	17		67729	76	746	670	17		94075
17791429	16210652	23	79	11	11		81105	76	746	670	11		76241
17791429	14579476	23	79	13	13		69499	76	746	670	13		76418
17791429	7459221	23	79	18	18		65878	76	746	518	18		74187
17791429	18754874	23	79	12	12		89737	76	746	670	12		95283
17791429	35497190	23	79	15	15		60309	76	746	594	15		67475
17791429	9001623	23	79	11	11		68196	76	746	608	11		70438
17791429	15178444	23	79	14	14		71333	76	746	608	14		68757
7461171	19514897	32	86	13	13		71532	76	746	746	13		87848
7461171	16250137	32	86	13	13		75496	76	746	670	13		67510
7461171	18130267	32	86	12	12		74180	76	746	599	12		77218
7461171	18752428	32	86	12	12		65262	76	746	599	12		69005
7461171	18752426	32	86	12	12		67275	76	746	599	12		69842
7461171	18130598	32	86	12	12		51309	76	746	599	12		73485
7461171	14579088	32	86	12	12		71523	76	746	746	12		71955
7461171	18464147	32	86	12	12		60640	76	746	746	12		70622
7461171	41522043	32	86	13	13		70649	76	746	670	13		56207
7461171	14579494	32	86	11	11		50082	76	746	746	11		60188
7461171	15197179	32	86	11	11		79552	76	746	746	11		69991
7461171	16272469	32	86	13	13		67622	76	746	675	13		69912
7461171	16211076	32	86	12	12		64839	76	746	599	12		69752
7461171	16253106	32	86	11	11		86939	76	746	746	11		89171
7461171	14579493	32	86	11	11		94775	76	746	746	11		71489
7461171	49650310	32	86	13	13		74492	76	746	746	13		68672
7461171	7770986	32	86	12	12		68186	76	746	746	12		71200
7461171	17791429	32	86	12	12		77283	76	746	679	12		63636
7461171	6677293	32	86	12	12		60678	76	746	746	12		75768
7461171	21057006	32	86	12	12		90360	76	746	594	12		81459
7461171	18021634	32	86	11	11		77510	76	746	670	11		69357
7461171	13955186	32	86	14	14		70144	76	746	670	14		85913
7461171	16210652	32	86	17	17		79062	76	746	670	17		71543
7461171	14579476	32	86	14	14		75276	76	746	670	14		71927
7461171	7459221	32	86	13	13		66776	76	746	518	13		65956
7461171	18754874	32	86	13	13		70269	76	746	670	13		81985
7461171	35497190	32	86	12	12		61316	76	746	594	12		67620
7461171	9001623	32	86	17	17		73111	76	746	608	17		64609
7461171	15178444	32	86	10	10		67834	76	746	608	10		68768
6677293	19514897	22	64	11	11		85053	81	793	793	11		87958
6677293	16250137	22	64	14	14		71337	81	793	713	14		84993
6677293	18130267	22	64	10	10		73699	81	793	639	10		75616
6677293	18752428	22	64	10	10		65801	81	793	639	10		68565
6677293	18752426	22	64	10	10		78965	81	793	639	10		92690
6677293	18130598	22	64	10	10		65686	81	793	639	10		71805
6677293	14579088	22	64	10	10		72009	81	793	793	10		83658
6677293	18464147	22	64	11	11		78304	81	793	793	11		77477
6677293	41522043	22	64	14	14		65729	81	793	713	14		78922
6677293	14579494	22	64	13	13		86971	81	793	793	13		70484
6677293	15197179	22	64	13	13		76204	81	793	793	13		74477
6677293	16272469	22	64	11	11		69745	81	793	719	11		70896
6677293	16211076	22	64	10	10		67012	81	793	639	10		91587
6677293	16253106	22	64	9	9		71675	81	793	793	9		68183
6677293	14579493	22	64	13	13		65338	81	793	793	13		80494
6677293	49650310	22	64	10	10		86958	81	793	793	10		88774
6677293	7770986	22	64	10	10		81381	81	793	793	10		83510
6677293	17791429	22	64	10	10		71063	81	793	721	10		74323
6677293	7461171	22	64	13	13		68751	81	793	793	13		72007
6677293	21057006	22	64	14	14		67218	81	793	632	14		79500
6677293	18021634	22	64	11	11		74731	81	793	712	11		75839
6677293	13955186	22	64	11	11		85972	81	793	712	11		88785
6677293	16210652	22	64	10	10		66621	81	793	712	10		73473
6677293	14579476	22	64	12	12		65886	81	793	712	12		72823
6677293	7459221	22	64	12	12		71251	81	793	551	12		74155
6677293	18754874	22	64	12	12		75737	81	793	712	12		77753
6677293	35497190	22	64	14	14		92097	81	793	632	14		88405
6677293	9001623	22	64	10	10		64079	81	793	647	10		64547
6677293	15178444	22	64	11	11		69100	81	793	647	11		73226
21057006	19514897	22	64	11	11		81579	81	793	793	11		79214
21057006	16250137	22	64	14	14		66902	81	793	713	14		67794
21057006	18130267	22	64	10	10		70276	81	793	639	10		71499
21057006	18752428	22	64	10	10		78884	81	793	639	10		84891
21057006	18752426	22	64	10	10		80233	81	793	639	10		70770
21057006	18130598	22	64	10	10		70957	81	793	639	10		89518
21057006	14579088	22	64	10	10		63048	81	793	793	10		75478
21057006	18464147	22	64	11	11		78260	81	793	793	11		86615
21057006	41522043	22	64	14	14		79063	81	793	713	14		81412
21057006	14579494	22	64	13	13		64309	81	793	793	13		65401
21057006	15197179	22	64	13	13		70640	81	793	793	13		97609
21057006	16272469	22	64	11	11		66176	81	793	719	11		77920
21057006	16211076	22	64	10	10		93169	81	793	639	10		75422
21057006	16253106	22	64	9	9		78179	81	793	793	9		79795
21057006	14579493	22	64	13	13		87008	81	793	793	13		75378
21057006	49650310	22	64	10	10		74572	81	793	793	10		73868
21057006	7770986	22	64	10	10		81812	81	793	793	10		95018
21057006	17791429	22	64	10	10		71631	81	793	721	10		63344
21057006	7461171	22	64	13	13		59158	81	793	793	13		73469
21057006	6677293	22	64	11	11		77864	81	793	793	11		75648
21057006	18021634	22	64	11	11		76265	81	793	712	11		72184
21057006	13955186	22	64	11	11		68828	81	793	712	11		75367
21057006	16210652	22	64	10	10		73712	81	793	712	10		70604
21057006	14579476	22	64	12	12		66933	81	793	712	12		78579
21057006	7459221	22	64	12	12		74355	81	793	551	12		74207
21057006	18754874	22	64	12	12		68483	81	793	712	12		86357
21057006	35497190	22	64	14	14		62594	81	793	632	14		72970
21057006	9001623	22	64	10	10		71495	81	793	647	10		72853
21057006	15178444	22	64	11	11		81374	81	793	647	11		80640
18021634	19514897	32	55	7	7		75244	81	793	793	7		73780
18021634	16250137	32	55	10	10		70824	81	793	713	10		72046
18021634	18130267	32	55	7	7		66516	81	793	639	7		72369
18021634	18752428	32	55	7	7		78490	81	793	639	7		71363
18021634	18752426	32	55	7	7		67510	81	793	639	7		73879
18021634	18130598	32	55	7	7		72853	81	793	639	7		64971
18021634	14579088	32	55	7	7		74346	81	793	793	7		87945
18021634	18464147	32	55	7	7		92112	81	793	793	7		80171
18021634	41522043	32	55	11	11		64670	81	793	713	11		69369
18021634	14579494	32	55	9	9		66342	81	793	793	9		72253
18021634	15197179	32	55	9	9		73567	81	793	793	9		96807
18021634	16272469	32	55	7	7		82200	81	793	719	7		75707
18021634	16211076	32	55	7	7		70507	81	793	639	7		73599
18021634	16253106	32	55	8	8		70970	81	793	793	8		67833
18021634	14579493	32	55	9	9		64453	81	793	793	9		65284
18021634	49650310	32	55	7	7		70015	81	793	793	7		104386
18021634	7770986	32	55	7	7		81752	81	793	793	7		88200
18021634	17791429	32	55	8	8		76839	81	793	721	8		69290
18021634	7461171	32	55	9	9		64670	81	793	793	9		68130
18021634	6677293	32	55	9	9		97789	81	793	793	9		84062
18021634	21057006	32	55	10	10		66896	81	793	632	10		74515
18021634	13955186	32	55	9	9		70137	81	793	712	9		70992
18021634	16210652	32	55	13	13		70446	81	793	712	13		93852
18021634	14579476	32	55	11	11		72881	81	793	712	11		83100
18021634	7459221	32	55	7	7		67315	81	793	551	7		70692
18021634	18754874	32	55	9	9		78713	81	793	712	9		73186
18021634	35497190	32	55	11	11		64787	81	793	632	11		82054
18021634	9001623	32	55	7	7		89981	81	793	647	7		62979
18021634	15178444	32	55	9	9		68295	81	793	647	9		73032
13955186	19514897	25	52	12	12		69592	81	793	793	12		70751
13955186	16250137	25	52	14	14		70360	81	793	713	14		70729
13955186	18130267	25	52	9	9		58620	81	793	639	9		76024
13955186	18752428	25	52	9	9		71068	81	793	639	9		74497
13955186	18752426	25	52	9	9		67970	81	793	639	9		66022
13955186	18130598	25	52	9	9		67525	81	793	639	9		71158
13955186	14579088	25	52	9	9		56854	81	793	793	9		74866
13955186	18464147	25	52	12	12		72712	81	793	793	12		74842
13955186	41522043	25	52	12	12		70794	81	793	713	12		72374
13955186	14579494	25	52	11	11		70449	81	793	793	11		68032
13955186	15197179	25	52	15	15		55009	81	793	793	15		55003
13955186	16272469	25	52	12	12		72541	81	793	719	12		72664
13955186	16211076	25	52	9	9		64911	81	793	639	9		72500
13955186	16253106	25	52	10	10		68994	81	793	793	10		76105
13955186	14579493	25	52	11	11		66848	81	793	793	11		77530
13955186	49650310	25	52	9	9		89716	81	793	793	9		91383
13955186	7770986	25	52	9	9		88348	81	793	793	9		92345
13955186	17791429	25	52	9	9		75741	81	793	721	9		66680
13955186	7461171	25	52	11	11		67655	81	793	793	11		72106
13955186	6677293	25	52	10	10		74067	81	793	793	10		79289
13955186	21057006	25	52	12	12		59672	81	793	632	12		85197
13955186	18021634	25	52	14	14		92507	81	793	712	14		65141
13955186	16210652	25	52	12	12		65979	81	793	712	12		77517
13955186	14579476	25	52	12	12		87731	81	793	712	12		78300
13955186	7459221	25	52	9	9		82436	81	793	551	9		86615
13955186	18754874	25	52	15	15		89820	81	793	712	15		76409
13955186	35497190	25	52	13	13		66283	81	793	632	13		70095
13955186	9001623	25	52	13	13		75970	81	793	647	13		63455
13955186	15178444	25	52	9	9		50227	81	793	647	9		63479
16210652	19514897	25	46	8	8		67533	81	793	793	8		73175
16210652	16250137	25	46	11	11		68390	81	793	713	11		76844
16210652	18130267	25	46	8	8		75985	81	793	639	8		84695
16210652	18752428	25	46	8	8		74710	81	793	639	8		71538
16210652	18752426	25	46	8	8		66453	81	793	639	8		67122
16210652	18130598	25	46	8	8		71602	81	793	639	8		70254
16210652	14579088	25	46	8	8		70270	81	793	793	8		83828
16210652	18464147	25	46	8	8		69642	81	793	793	8		54727
16210652	41522043	25	46	13	13		63159	81	793	713	13		67596
16210652	14579494	25	46	11	11		71910	81	793	793	11		69455
16210652	15197179	25	46	10	10		72199	81	793	793	10		79635
16210652	16272469	25	46	8	8		72489	81	793	719	8		69243
16210652	16211076	25	46	8	8		64583	81	793	639	8		68256
16210652	16253106	25	46	9	9		68727	81	793	793	9		75001
16210652	14579493	25	46	11	11		73146	81	793	793	11		65933
16210652	49650310	25	46	8	8		68450	81	793	793	8		84227
16210652	7770986	25	46	8	8		59879	81	793	793	8		65259
16210652	17791429	25	46	10	10		76702	81	793	721	10		77796
16210652	7461171	25	46	11	11		63876	81	793	793	11		86733
16210652	6677293	25	46	11	11		90171	81	793	793	11		91030
16210652	21057006	25	46	11	11		63167	81	793	632	11		76748
16210652	18021634	25	46	12	12		81882	81	793	712	12		92345
16210652	13955186	25	46	10	10		68161	81	793	712	10		78319
16210652	14579476	25	46	13	13		75387	81	793	712	13		98696
16210652	7459221	25	46	8	8		64534	81	793	551	8		56285
16210652	18754874	25	46	10	10		56175	81	793	712	10		72116
16210652	35497190	25	46	14	14		67690	81	793	632	14		92767
16210652	9001623	25	46	11	11		87706	81	793	647	11		98059
16210652	15178444	25	46	9	9		77908	81	793	647	9		67592
14579476	19514897	24	71	10	10		66568	81	793	793	10		83092
14579476	16250137	24	71	14	14		75725	81	793	713	14		75825
14579476	18130267	24	71	12	12		81576	81	793	639	12		99314
14579476	18752428	24	71	12	12		74811	81	793	639	12		67597
14579476	18752426	24	71	12	12		72374	81	793	639	12		75473
14579476	18130598	24	71	12	12		63715	81	793	639	12		65910
14579476	14579088	24	71	12	12		66531	81	793	793	12		94450
14579476	18464147	24	71	11	11		89526	81	793	793	11		82175
14579476	41522043	24	71	12	12		50928	81	793	713	12		74661
14579476	14579494	24	71	12	12		62796	81	793	793	12		72340
14579476	15197179	24	71	13	13		63614	81	793	793	13		64930
14579476	16272469	24	71	10	10		89948	81	793	719	10		93022
14579476	16211076	24	71	12	12		75422	81	793	639	12		69690
14579476	16253106	24	71	12	12		80626	81	793	793	12		74930
14579476	14579493	24	71	12	12		55383	81	793	793	12		63711
14579476	49650310	24	71	11	11		67877	81	793	793	11		71467
14579476	7770986	24	71	12	12		90517	81	793	793	12		85013
14579476	17791429	24	71	10	10		86668	81	793	721	10		76725
14579476	7461171	24	71	12	12		67110	81	793	793	12		82127
14579476	6677293	24	71	10	10		65060	81	793	793	10		79828
14579476	21057006	24	71	15	15		79078	81	793	632	15		83557
14579476	18021634	24	71	14	14		84319	81	793	712	14		78260
14579476	13955186	24	71	13	13		70408	81	793	712	13		63345
14579476	16210652	24	71	13	13		62828	81	793	712	13		73150
14579476	7459221	24	71	14	14		71893	81	793	551	14		68532
14579476	18754874	24	71	13	13		79917	81	793	712	13		85498
14579476	35497190	24	71	13	13		64491	81	793	632	13		65400
14579476	9001623	24	71	11	11		74486	81	793	647	11		97602
14579476	15178444	24	71	10	10		78158	81	793	647	10		72211
7459221	19514897	18	59	10	10		70461	34	333	333	10		71175
7459221	16250137	18	59	11	11		67081	34	333	299	11		93841
7459221	18130267	18	59	9	9		48349	34	333	268	9		53183
7459221	18752428	18	59	9	9		64776	34	333	268	9		69220
7459221	18752426	18	59	9	9		69093	34	333	268	9		65798
7459221	18130598	18	59	9	9		74956	34	333	268	9		66810
7459221	14579088	18	59	9	9		64927	34	333	333	9		62957
7459221	18464147	18	59	10	10		63161	34	333	333	10		84507
7459221	41522043	18	59	14	14		75997	34	333	299	14		71830
7459221	14579494	18	59	12	12		66942	34	333	333	12		67436
7459221	15197179	18	59	11	11		58308	34	333	333	11		63901
7459221	16272469	18	59	10	10		65501	34	333	302	10		79604
7459221	16211076	18	59	9	9		287215	34	333	268	9		132603
7459221	16253106	18	59	9	9		78888	34	333	333	9		69540
7459221	14579493	18	59	12	12		124520	34	333	333	12		136329
7459221	49650310	18	59	8	8		86067	34	333	333	8		59611
7459221	7770986	18	59	9	9		90419	34	333	333	9		75610
7459221	17791429	18	59	12	12		78155	34	333	303	12		68549
7459221	7461171	18	59	12	12		70103	34	333	333	12		101941
7459221	6677293	18	59	10	10		243152	34	333	333	10		97721
7459221	21057006	18	59	11	11		64190	34	333	265	11		74960
7459221	18021634	18	59	11	11		65641	34	333	299	11		72414
7459221	13955186	18	59	11	11		66920	34	333	299	11		72246
7459221	16210652	18	59	10	10		59047	34	333	299	10		68626
7459221	14579476	18	59	13	13		80193	34	333	299	13		95600
7459221	18754874	18	59	11	11		67090	34	333	299	11		70390
7459221	35497190	18	59	13	13		69192	34	333	265	13		72653
7459221	9001623	18	59	13	13		83128	34	333	272	13		69789
7459221	15178444	18	59	13	13		57810	34	333	272	13		60885
18754874	19514897	22	47	8	8		83143	81	793	793	8		87980
18754874	16250137	22	47	12	12		81346	81	793	713	12		68585
18754874	18130267	22	47	8	8		66633	81	793	639	8		87979
18754874	18752428	22	47	8	8		63987	81	793	639	8		86978
18754874	18752426	22	47	8	8		89145	81	793	639	8		87310
18754874	18130598	22	47	8	8		89788	81	793	639	8		71577
18754874	14579088	22	47	8	8		65070	81	793	793	8		68842
18754874	18464147	22	47	8	8		75802	81	793	793	8		60706
18754874	41522043	22	47	12	12		63346	81	793	713	12		73882
18754874	14579494	22	47	12	12		72489	81	793	793	12		73059
18754874	15197179	22	47	11	11		89257	81	793	793	11		83800
18754874	16272469	22	47	8	8		63511	81	793	719	8		69919
18754874	16211076	22	47	8	8		72794	81	793	639	8		71069
18754874	16253106	22	47	10	10		69528	81	793	793	10		78268
18754874	14579493	22	47	12	12		71777	81	793	793	12		71416
18754874	49650310	22	47	8	8		69536	81	793	793	8		85797
18754874	7770986	22	47	8	8		51641	81	793	793	8		58813
18754874	17791429	22	47	9	9		73308	81	793	721	9		72458
18754874	7461171	22	47	12	12		69539	81	793	793	12		73286
18754874	6677293	22	47	10	10		67512	81	793	793	10		69722
18754874	21057006	22	47	11	11		71641	81	793	632	11		86801
18754874	18021634	22	47	10	10		81902	81	793	712	10		88845
18754874	13955186	22	47	10	10		85858	81	793	712	10		94117
18754874	16210652	22	47	10	10		68820	81	793	712	10		82558
18754874	14579476	22	47	12	12		64695	81	793	712	12		69574
18754874	7459221	22	47	8	8		87505	81	793	551	8		84768
18754874	35497190	22	47	12	12		70474	81	793	632	12		73602
18754874	9001623	22	47	9	9		64945	81	793	647	9		67207
18754874	15178444	22	47	10	10		65976	81	793	647	10		77103
35497190	19514897	25	63	10	10		86478	81	793	793	10		89520
35497190	16250137	25	63	14	14		65149	81	793	713	14		73118
35497190	18130267	25	63	10	10		60661	81	793	639	10		72321
35497190	18752428	25	63	10	10		70693	81	793	639	10		70480
35497190	18752426	25	63	10	10		79337	81	793	639	10		72500
35497190	18130598	25	63	10	10		78636	81	793	639	10		80447
35497190	14579088	25	63	10	10		71036	81	793	793	10		76991
35497190	18464147	25	63	11	11		64161	81	793	793	11		73040
35497190	41522043	25	63	13	13		85337	81	793	713	13		92915
35497190	14579494	25	63	12	12		84703	81	793	793	12		82278
35497190	15197179	25	63	12	12		76631	81	793	793	12		84677
35497190	16272469	25	63	10	10		63124	81	793	719	10		67813
35497190	16211076	25	63	10	10		60869	81	793	639	10		94328
35497190	16253106	25	63	10	10		94839	81	793	793	10		86166
35497190	14579493	25	63	12	12		65630	81	793	793	12		79001
35497190	49650310	25	63	9	9		68012	81	793	793	9		68704
35497190	7770986	25	63	10	10		68359	81	793	793	10		89842
35497190	17791429	25	63	10	10		86986	81	793	721	10		85303
35497190	7461171	25	63	12	12		72823	81	793	793	12		76039
35497190	6677293	25	63	11	11		73815	81	793	793	11		66510
35497190	21057006	25	63	13	13		64804	81	793	632	13		86900
35497190	18021634	25	63	13	13		88972	81	793	712	13		82628
35497190	13955186	25	63	12	12		65209	81	793	712	12		73636
35497190	16210652	25	63	12	12		64061	81	793	712	12		78480
35497190	14579476	25	63	12	12		72846	81	793	712	12		76783
35497190	7459221	25	63	10	10		65275	81	793	551	10		69495
35497190	18754874	25	63	13	13		62211	81	793	712	13		73711
35497190	9001623	25	63	9	9		72063	81	793	647	9		76748
35497190	15178444	25	63	10	10		66090	81	793	647	10		68630
9001623	19514897	24	53	12	12		80154	81	793	793	12		77413
9001623	16250137	24	53	14	14		65294	81	793	713	14		68468
9001623	18130267	24	53	9	9		65562	81	793	639	9		72048
9001623	18752428	24	53	9	9		61379	81	793	639	9		71195
9001623	18752426	24	53	9	9		49220	81	793	639	9		69695
9001623	18130598	24	53	9	9		71835	81	793	639	9		78127
9001623	14579088	24	53	9	9		62337	81	793	793	9		76601
9001623	18464147	24	53	12	12		71279	81	793	793	12		72213
9001623	41522043	24	53	12	12		99765	81	793	713	12		151835
9001623	14579494	24	53	12	12		110305	81	793	793	12		169216
9001623	15197179	24	53	15	15		65314	81	793	793	15		84953
9001623	16272469	24	53	12	12		149985	81	793	719	12		126999
9001623	16211076	24	53	9	9		81870	81	793	639	9		118943
9001623	16253106	24	53	10	10		115136	81	793	793	10		82735
9001623	14579493	24	53	12	12		85266	81	793	793	12		75797
9001623	49650310	24	53	9	9		75846	81	793	793	9		86312
9001623	7770986	24	53	9	9		151233	81	793	793	9		91615
9001623	17791429	24	53	9	9		87971	81	793	721	9		88097
9001623	7461171	24	53	12	12		64770	81	793	793	12		65838
9001623	6677293	24	53	10	10		70330	81	793	793	10		73937
9001623	21057006	24	53	12	12		65258	81	793	632	12		70988
9001623	18021634	24	53	14	14		83108	81	793	712	14		82971
9001623	13955186	24	53	11	11		71828	81	793	712	11		74703
9001623	16210652	24	53	12	12		74400	81	793	712	12		69951
9001623	14579476	24	53	12	12		68195	81	793	712	12		72859
9001623	7459221	24	53	9	9		82023	81	793	551	9		79568
9001623	18754874	24	53	15	15		75935	81	793	712	15		75443
9001623	35497190	24	53	13	13		72954	81	793	632	13		70832
9001623	15178444	24	53	10	10		71663	81	793	647	10		71887
15178444	19514897	23	67	9	9		60245	52	509	509	9		51496
15178444	16250137	23	67	13	13		73960	52	509	457	13		88598
15178444	18130267	23	67	12	12		69805	52	509	410	12		67590
15178444	18752428	23	67	12	12		57251	52	509	410	12		63836
15178444	18752426	23	67	12	12		58523	52	509	410	12		61436
15178444	18130598	23	67	12	12		51685	52	509	410	12		75930
15178444	14579088	23	67	12	12		60865	52	509	509	12		71388
15178444	18464147	23	67	11	11		62750	52	509	509	11		64128
15178444	41522043	23	67	13	13		60376	52	509	457	13		73070
15178444	14579494	23	67	11	11		61957	52	509	509	11		63896
15178444	15197179	23	67	10	10		67236	52	509	509	10		80212
15178444	16272469	23	67	9	9		83920	52	509	462	9		64143
15178444	16211076	23	67	12	12		67090	52	509	410	12		76549
15178444	16253106	23	67	10	10		62217	52	509	509	10		64432
15178444	14579493	23	67	11	11		86480	52	509	509	11		72718
15178444	49650310	23	67	10	10		71409	52	509	509	10		71405
15178444	7770986	23	67	12	12		68386	52	509	509	12		66408
15178444	17791429	23	67	12	12		60256	52	509	463	12		69999
15178444	7461171	23	67	11	11		63654	52	509	509	11		62121
15178444	6677293	23	67	11	11		63300	52	509	509	11		87495
15178444	21057006	23	67	11	11		80855	52	509	405	11		84862
15178444	18021634	23	67	11	11		62089	52	509	457	11		66077
15178444	13955186	23	67	13	13		72556	52	509	457	13		70879
15178444	16210652	23	67	12	12		70824	52	509	457	12		83959
15178444	14579476	23	67	13	13		79515	52	509	457	13		74178
15178444	7459221	23	67	12	12		66143	52	509	353	12		64228
15178444	18754874	23	67	11	11		63070	52	509	457	11		72967
15178444	35497190	23	67	12	12		66929	52	509	405	12		71589
15178444	9001623	23	67	9	9		75181	52	509	416	9		68658
