19514897	16250137	57	224	40	12		533595	57	557	501	12		232988
19514897	18130267	57	224	35	8		230959	57	557	450	8		161036
19514897	18752428	57	224	35	8		160425	57	557	450	8		200025
19514897	18752426	57	224	35	8		162079	57	557	450	8		164787
19514897	18130598	57	224	35	8		156948	57	557	450	8		165393
19514897	14579088	57	224	45	8		167476	57	557	557	8		147381
19514897	18464147	57	224	45	8		185520	57	557	557	8		156716
19514897	41522043	57	224	40	12		152792	57	557	501	12		225451
19514897	14579494	57	224	45	11		153202	57	557	557	11		220395
19514897	15197179	57	224	45	10		184921	57	557	557	10		201311
19514897	16272469	57	224	40	8		204284	57	557	506	8		161902
19514897	16211076	57	224	35	8		186374	57	557	450	8		161482
19514897	16253106	57	224	45	9		149445	57	557	557	9		197241
19514897	14579493	57	224	45	11		162502	57	557	557	11		213318
19514897	49650310	57	224	45	8		158169	57	557	557	8		197761
19514897	7770986	57	224	45	8		154416	57	557	557	8		194649
19514897	17791429	57	224	40	9		156485	57	557	506	9		159949
19514897	7461171	57	224	45	11		157044	57	557	557	11		166756
19514897	6677293	57	224	45	10		157717	57	557	557	10		177087
19514897	21057006	57	224	35	11		201663	57	557	444	11		157343
19514897	18021634	57	224	41	12		203695	57	557	500	12		315306
19514897	13955186	57	224	40	10		225030	57	557	500	10		180891
19514897	16210652	57	224	42	10		403538	57	557	500	10		335900
19514897	14579476	57	224	40	12		141612	57	557	500	12		141324
19514897	7459221	57	224	32	8		151456	57	557	387	8		145373
19514897	18754874	57	224	40	11		143969	57	557	500	11		174849
19514897	35497190	57	224	37	12		144376	57	557	444	12		143065
19514897	9001623	57	224	35	9		146900	57	557	455	9		186278
19514897	15178444	57	224	35	9		135809	57	557	455	9		156803
16250137	19514897	51	247	81	12		180521	51	500	500	12		153966
16250137	18130267	51	247	64	14		154105	51	500	402	14		138325
16250137	18752428	51	247	64	14		137995	51	500	402	14		158659
16250137	18752426	51	247	64	14		183741	51	500	402	14		147094
16250137	18130598	51	247	64	14		143612	51	500	402	14		142458
16250137	14579088	51	247	81	14		138909	51	500	500	14		141120
16250137	18464147	51	247	81	12		145879	51	500	500	12		143389
16250137	41522043	51	247	70	13		137749	51	500	449	13		246740
16250137	14579494	51	247	81	13		134797	51	500	500	13		177066
16250137	15197179	51	247	81	13		139944	51	500	500	13		147421
16250137	16272469	51	247	75	12		156096	51	500	453	12		176890
16250137	16211076	51	247	64	14		142215	51	500	402	14		136371
16250137	16253106	51	247	81	12		189388	51	500	500	12		152894
16250137	14579493	51	247	81	13		140136	51	500	500	13		149291
16250137	49650310	51	247	81	12		189443	51	500	500	12		163658
16250137	7770986	51	247	81	14		146753	51	500	500	14		191571
16250137	17791429	51	247	67	12		141148	51	500	455	12		155039
16250137	7461171	51	247	81	13		184148	51	500	500	13		162224
16250137	6677293	51	247	81	12		144495	51	500	500	12		195255
16250137	21057006	51	247	65	13		144652	51	500	398	13		152094
16250137	18021634	51	247	73	12		151779	51	500	449	12		151506
16250137	13955186	51	247	71	15		181733	51	500	449	15		157824
16250137	16210652	51	247	77	14		137453	51	500	449	14		149507
16250137	14579476	51	247	75	13		183445	51	500	449	13		148512
16250137	7459221	51	247	59	16		201146	51	500	347	16		170857
16250137	18754874	51	247	70	12		141725	51	500	449	12		206480
16250137	35497190	51	247	64	14		140686	51	500	398	14		140870
16250137	9001623	51	247	61	13		142495	51	500	408	13		173163
16250137	15178444	51	247	61	13		135648	51	500	408	13		139612
18130267	19514897	8	79	26	6		132876	8	79	79	6		137248
18130267	16250137	8	79	23	6		134365	8	79	71	6		181114
18130267	18752428	8	79	21	5		129757	8	79	63	5		133636
18130267	18752426	8	79	21	5		140355	8	79	63	5		135320
18130267	18130598	8	79	21	5		180811	8	79	63	5		146405
18130267	14579088	8	79	26	5		134058	8	79	79	5		136356
18130267	18464147	8	79	26	6		122151	8	79	79	6		236544
18130267	41522043	8	79	23	8		506144	8	79	71	8		1405817
18130267	14579494	8	79	26	8		969919	8	79	79	8		524176
18130267	15197179	8	79	26	6		203094	8	79	79	6		133586
18130267	16272469	8	79	24	6		136693	8	79	71	6		242925
18130267	16211076	8	79	21	5		138428	8	79	63	5		133468
18130267	16253106	8	79	26	5		171492	8	79	79	5		143641
18130267	14579493	8	79	26	8		669491	8	79	79	8		142774
18130267	49650310	8	79	26	4		341293	8	79	79	4		133676
18130267	7770986	8	79	26	5		148648	8	79	79	5		207028
18130267	17791429	8	79	23	6		146735	8	79	72	6		142171
18130267	7461171	8	79	26	8		149774	8	79	79	8		136671
18130267	6677293	8	79	26	6		151041	8	79	79	6		187500
18130267	21057006	8	79	20	6		152957	8	79	63	6		136796
18130267	18021634	8	79	24	8		164337	8	79	71	8		145759
18130267	13955186	8	79	23	6		141824	8	79	71	6		142177
18130267	16210652	8	79	25	6		236705	8	79	71	6		135359
18130267	14579476	8	79	23	8		158048	8	79	71	8		173482
18130267	7459221	8	79	17	5		138859	8	79	55	5		134487
18130267	18754874	8	79	23	7		222970	8	79	71	7		166053
18130267	35497190	8	79	20	10		253845	8	79	63	10		129651
18130267	9001623	8	79	21	6		133528	8	79	64	6		98497
18130267	15178444	8	79	21	7		225652	8	79	64	7		149850
18752428	19514897	8	79	26	6		160192	8	79	79	6		216246
18752428	16250137	8	79	23	6		152417	8	79	71	6		98326
18752428	18130267	8	79	21	5		98976	8	79	63	5		174247
18752428	18752426	8	79	21	5		144702	8	79	63	5		140933
18752428	18130598	8	79	21	5		136995	8	79	63	5		136318
18752428	14579088	8	79	26	5		146023	8	79	79	5		141118
18752428	18464147	8	79	26	6		209274	8	79	79	6		202712
18752428	41522043	8	79	23	8		340175	8	79	71	8		211555
18752428	14579494	8	79	26	8		154215	8	79	79	8		180745
18752428	15197179	8	79	26	6		154701	8	79	79	6		100825
18752428	16272469	8	79	24	6		281785	8	79	71	6		207782
18752428	16211076	8	79	21	5		163750	8	79	63	5		155273
18752428	16253106	8	79	26	5		105506	8	79	79	5		252907
18752428	14579493	8	79	26	8		172395	8	79	79	8		165311
18752428	49650310	8	79	26	4		165288	8	79	79	4		233588
18752428	7770986	8	79	26	5		235283	8	79	79	5		191025
18752428	17791429	8	79	23	6		212385	8	79	72	6		200479
18752428	7461171	8	79	26	8		172929	8	79	79	8		173711
18752428	6677293	8	79	26	6		174173	8	79	79	6		277187
18752428	21057006	8	79	20	6		232260	8	79	63	6		176128
18752428	18021634	8	79	24	8		230897	8	79	71	8		210553
18752428	13955186	8	79	23	6		283713	8	79	71	6		162018
18752428	16210652	8	79	25	6		173656	8	79	71	6		221948
18752428	14579476	8	79	23	8		187056	8	79	71	8		258356
18752428	7459221	8	79	17	5		256925	8	79	55	5		141662
18752428	18754874	8	79	23	7		210332	8	79	71	7		152799
18752428	35497190	8	79	20	10		219128	8	79	63	10		216637
18752428	9001623	8	79	21	6		219177	8	79	64	6		164021
18752428	15178444	8	79	21	7		172914	8	79	64	7		230904
18752426	19514897	31	174	46	7		193873	31	301	301	7		289035
18752426	16250137	31	174	41	10		197391	31	301	271	10		340615
18752426	18130267	31	174	36	7		389930	31	301	245	7		374058
18752426	18752428	31	174	36	7		243796	31	301	245	7		283785
18752426	18130598	31	174	36	7		222065	31	301	245	7		309874
18752426	14579088	31	174	46	7		194596	31	301	301	7		106638
18752426	18464147	31	174	46	7		227129	31	301	301	7		209888
18752426	41522043	31	174	41	13		208561	31	301	271	13		238754
18752426	14579494	31	174	46	10		351338	31	301	301	10		295579
18752426	15197179	31	174	46	9		291830	31	301	301	9		231288
18752426	16272469	31	174	41	7		251915	31	301	275	7		159735
18752426	16211076	31	174	36	7		203444	31	301	245	7		210775
18752426	16253106	31	174	46	8		244400	31	301	301	8		215566
18752426	14579493	31	174	46	10		236588	31	301	301	10		221555
18752426	49650310	31	174	46	6		211752	31	301	301	6		213113
18752426	7770986	31	174	46	7		245184	31	301	301	7		176228
18752426	17791429	31	174	41	10		225121	31	301	273	10		185706
18752426	7461171	31	174	46	10		178622	31	301	301	10		246359
18752426	6677293	31	174	46	11		238647	31	301	301	11		210629
18752426	21057006	31	174	35	10		177923	31	301	240	10		254805
18752426	18021634	31	174	43	13		227629	31	301	270	13		199821
18752426	13955186	31	174	41	9		248349	31	301	270	9		245207
18752426	16210652	31	174	43	10		183560	31	301	270	10		260119
18752426	14579476	31	174	41	11		213327	31	301	270	11		246841
18752426	7459221	31	174	31	7		210848	31	301	209	7		207058
18752426	18754874	31	174	41	9		237856	31	301	270	9		243531
18752426	35497190	31	174	37	11		212259	31	301	240	11		215465
18752426	9001623	31	174	36	6		216964	31	301	247	6		227202
18752426	15178444	31	174	36	9		222703	31	301	247	9		191520
18130598	19514897	25	118	43	9		289420	25	245	245	9		306774
18130598	16250137	25	118	37	10		305479	25	245	220	10		242506
18130598	18130267	25	118	34	8		305573	25	245	197	8		184489
18130598	18752428	25	118	34	8		188245	25	245	197	8		248542
18130598	18752426	25	118	34	8		236385	25	245	197	8		208323
18130598	14579088	25	118	43	8		218997	25	245	245	8		208563
18130598	18464147	25	118	43	9		281721	25	245	245	9		309520
18130598	41522043	25	118	37	10		280265	25	245	220	10		171776
18130598	14579494	25	118	43	10		187624	25	245	245	10		266350
18130598	15197179	25	118	43	10		166153	25	245	245	10		225868
18130598	16272469	25	118	40	9		232656	25	245	222	9		219140
18130598	16211076	25	118	34	8		245750	25	245	197	8		175890
18130598	16253106	25	118	43	8		218113	25	245	245	8		208076
18130598	14579493	25	118	43	10		219944	25	245	245	10		212039
18130598	49650310	25	118	43	7		248767	25	245	245	7		253012
18130598	7770986	25	118	43	8		213029	25	245	245	8		233794
18130598	17791429	25	118	37	8		208179	25	245	223	8		301820
18130598	7461171	25	118	43	10		159400	25	245	245	10		226928
18130598	6677293	25	118	43	8		205987	25	245	245	8		371926
18130598	21057006	25	118	33	9		167062	25	245	195	9		270916
18130598	18021634	25	118	39	10		193845	25	245	220	10		224040
18130598	13955186	25	118	37	9		188447	25	245	220	9		317044
18130598	16210652	25	118	41	9		171449	25	245	220	9		189579
18130598	14579476	25	118	39	10		233088	25	245	220	10		100983
18130598	7459221	25	118	30	8		217931	25	245	170	8		185076
18130598	18754874	25	118	38	10		186407	25	245	220	10		169368
18130598	35497190	25	118	34	11		289580	25	245	195	11		241492
18130598	9001623	25	118	34	12		151048	25	245	200	12		179140
18130598	15178444	25	118	34	9		192823	25	245	200	9		206710
14579088	19514897	35	197	72	16		183054	35	342	342	16		153601
14579088	16250137	35	197	63	12		191580	35	342	307	12		191474
14579088	18130267	35	197	55	13		183976	35	342	276	13		112389
14579088	18752428	35	197	55	13		111942	35	342	276	13		126354
14579088	18752426	35	197	55	13		105915	35	342	276	13		112289
14579088	18130598	35	197	55	13		99793	35	342	276	13		118316
14579088	18464147	35	197	72	16		103717	35	342	342	16		112271
14579088	41522043	35	197	63	11		104720	35	342	307	11		102795
14579088	14579494	35	197	72	13		120756	35	342	342	13		99364
14579088	15197179	35	197	72	11		181351	35	342	342	11		116239
14579088	16272469	35	197	64	15		228864	35	342	311	15		149582
14579088	16211076	35	197	55	13		141753	35	342	276	13		144399
14579088	16253106	35	197	72	12		192545	35	342	342	12		145992
14579088	14579493	35	197	72	13		149446	35	342	342	13		146853
14579088	49650310	35	197	72	12		174784	35	342	342	12		152059
14579088	7770986	35	197	72	13		159383	35	342	342	13		196387
14579088	17791429	35	197	62	11		149668	35	342	311	11		138488
14579088	7461171	35	197	72	13		143942	35	342	342	13		192717
14579088	6677293	35	197	72	11		151748	35	342	342	11		154824
14579088	21057006	35	197	58	13		184674	35	342	272	13		568814
14579088	18021634	35	197	66	13		387582	35	342	307	13		213641
14579088	13955186	35	197	61	12		208591	35	342	307	12		203012
14579088	16210652	35	197	69	16		238596	35	342	307	16		180190
14579088	14579476	35	197	67	13		210348	35	342	307	13		242170
14579088	7459221	35	197	51	13		534183	35	342	237	13		927682
14579088	18754874	35	197	64	13		1146361	35	342	307	13		798841
14579088	35497190	35	197	56	16		409866	35	342	272	16		1108857
14579088	9001623	35	197	54	15		1984940	35	342	280	15		2353314
14579088	15178444	35	197	54	12		917125	35	342	280	12		967741
18464147	19514897	56	225	43	7		800922	56	547	547	7		229239
18464147	16250137	56	225	38	11		147552	56	547	492	11		439036
18464147	18130267	56	225	34	7		208231	56	547	442	7		584439
18464147	18752428	56	225	34	7		670222	56	547	442	7		230480
18464147	18752426	56	225	34	7		122885	56	547	442	7		117589
18464147	18130598	56	225	34	7		323613	56	547	442	7		112711
18464147	14579088	56	225	43	7		103944	56	547	547	7		106277
18464147	41522043	56	225	38	11		114211	56	547	492	11		125742
18464147	14579494	56	225	43	9		131229	56	547	547	9		214888
18464147	15197179	56	225	43	9		145238	56	547	547	9		133845
18464147	16272469	56	225	39	7		120327	56	547	497	7		178687
18464147	16211076	56	225	34	7		104598	56	547	442	7		133675
18464147	16253106	56	225	43	8		111110	56	547	547	8		117377
18464147	14579493	56	225	43	9		112251	56	547	547	9		129057
18464147	49650310	56	225	43	6		153227	56	547	547	6		125394
18464147	7770986	56	225	43	7		125242	56	547	547	7		159117
18464147	17791429	56	225	38	8		119802	56	547	497	8		143474
18464147	7461171	56	225	43	9		157937	56	547	547	9		124974
18464147	6677293	56	225	43	9		137797	56	547	547	9		128863
18464147	21057006	56	225	34	10		135384	56	547	436	10		121104
18464147	18021634	56	225	40	10		112147	56	547	491	10		158297
18464147	13955186	56	225	38	9		151764	56	547	491	9		127396
18464147	16210652	56	225	40	10		117988	56	547	491	10		146681
18464147	14579476	56	225	37	11		118917	56	547	491	11		119585
18464147	7459221	56	225	31	7		109158	56	547	380	7		147584
18464147	18754874	56	225	38	10		126024	56	547	491	10		121663
18464147	35497190	56	225	35	11		128513	56	547	436	11		146711
18464147	9001623	56	225	34	7		117726	56	547	447	7		120152
18464147	15178444	56	225	34	7		183199	56	547	447	7		142182
41522043	19514897	35	207	70	13		128929	35	342	342	13		135550
41522043	16250137	35	207	61	12		137103	35	342	307	12		140386
41522043	18130267	35	207	51	12		120393	35	342	276	12		148699
41522043	18752428	35	207	51	12		121451	35	342	276	12		127452
41522043	18752426	35	207	51	12		104246	35	342	276	12		139991
41522043	18130598	35	207	51	12		122061	35	342	276	12		126284
41522043	14579088	35	207	70	12		158836	35	342	342	12		135732
41522043	18464147	35	207	70	14		156266	35	342	342	14		174889
41522043	14579494	35	207	70	14		155347	35	342	342	14		129771
41522043	15197179	35	207	70	14		128301	35	342	342	14		153355
41522043	16272469	35	207	60	13		129757	35	342	311	13		154050
41522043	16211076	35	207	51	12		105626	35	342	276	12		146109
41522043	16253106	35	207	70	13		326024	35	342	342	13		185818
41522043	14579493	35	207	70	14		164991	35	342	342	14		233162
41522043	49650310	35	207	70	11		280794	35	342	342	11		194305
41522043	7770986	35	207	70	12		216382	35	342	342	12		120386
41522043	17791429	35	207	62	11		102256	35	342	311	11		121199
41522043	7461171	35	207	70	14		150271	35	342	342	14		119139
41522043	6677293	35	207	70	11		105851	35	342	342	11		123073
41522043	21057006	35	207	55	12		116342	35	342	272	12		107482
41522043	18021634	35	207	65	12		111261	35	342	307	12		110008
41522043	13955186	35	207	61	14		142769	35	342	307	14		126279
41522043	16210652	35	207	67	14		150075	35	342	307	14		132898
41522043	14579476	35	207	63	13		143671	35	342	307	13		129175
41522043	7459221	35	207	48	12		119314	35	342	237	12		126918
41522043	18754874	35	207	64	12		137232	35	342	307	12		119271
41522043	35497190	35	207	54	15		153847	35	342	272	15		139011
41522043	9001623	35	207	52	14		104064	35	342	280	14		109576
41522043	15178444	35	207	52	13		110129	35	342	280	13		99284
14579494	19514897	43	147	53	9		124279	43	421	421	9		129138
14579494	16250137	43	147	47	11		117051	43	421	378	11		102642
14579494	18130267	43	147	43	9		141678	43	421	339	9		116551
14579494	18752428	43	147	43	9		102819	43	421	339	9		102898
14579494	18752426	43	147	43	9		99849	43	421	339	9		105802
14579494	18130598	43	147	43	9		141888	43	421	339	9		188487
14579494	14579088	43	147	53	9		163732	43	421	421	9		161826
14579494	18464147	43	147	53	10		110508	43	421	421	10		151547
14579494	41522043	43	147	47	13		177320	43	421	378	13		149401
14579494	15197179	43	147	53	10		194583	43	421	421	10		713304
14579494	16272469	43	147	49	10		560041	43	421	382	10		225900
14579494	16211076	43	147	43	9		431922	43	421	339	9		104967
14579494	16253106	43	147	53	9		104223	43	421	421	9		122572
14579494	14579493	43	147	53	11		107853	43	421	421	11		117052
14579494	49650310	43	147	53	10		104225	43	421	421	10		109735
14579494	7770986	43	147	53	9		97692	43	421	421	9		112243
14579494	17791429	43	147	46	9		94916	43	421	383	9		98760
14579494	7461171	43	147	53	11		100917	43	421	421	11		105046
14579494	6677293	43	147	53	12		98021	43	421	421	12		108048
14579494	21057006	43	147	41	10		95570	43	421	335	10		100365
14579494	18021634	43	147	49	9		96052	43	421	378	9		102231
14579494	13955186	43	147	47	11		100685	43	421	378	11		106628
14579494	16210652	43	147	51	11		137722	43	421	378	11		113377
14579494	14579476	43	147	47	11		92928	43	421	378	11		117445
14579494	7459221	43	147	36	10		115770	43	421	292	10		120428
14579494	18754874	43	147	46	10		106755	43	421	378	10		139873
14579494	35497190	43	147	42	12		92806	43	421	335	12		96004
14579494	9001623	43	147	42	9		93686	43	421	344	9		102157
14579494	15178444	43	147	42	10		90814	43	421	344	10		103848
15197179	19514897	81	252	48	9		93510	81	793	793	9		125315
15197179	16250137	81	252	43	12		101555	81	793	713	12		114129
15197179	18130267	81	252	38	9		204501	81	793	639	9		112750
15197179	18752428	81	252	38	9		121902	81	793	639	9		101813
15197179	18752426	81	252	38	9		101778	81	793	639	9		103597
15197179	18130598	81	252	38	9		101431	81	793	639	9		108686
15197179	14579088	81	252	48	9		97831	81	793	793	9		105657
15197179	18464147	81	252	48	9		105984	81	793	793	9		120893
15197179	41522043	81	252	43	13		107011	81	793	713	13		188273
15197179	14579494	81	252	48	12		101791	81	793	793	12		137190
15197179	16272469	81	252	43	9		120121	81	793	719	9		132850
15197179	16211076	81	252	38	9		115223	81	793	639	9		100140
15197179	16253106	81	252	48	10		132672	81	793	793	10		109264
15197179	14579493	81	252	48	12		110469	81	793	793	12		113582
15197179	49650310	81	252	48	8		103612	81	793	793	8		101869
15197179	7770986	81	252	48	9		97321	81	793	793	9		102572
15197179	17791429	81	252	43	10		100952	81	793	721	10		102359
15197179	7461171	81	252	48	12		156741	81	793	793	12		117200
15197179	6677293	81	252	48	11		96694	81	793	793	11		111608
15197179	21057006	81	252	37	12		102729	81	793	632	12		103984
15197179	18021634	81	252	43	12		101295	81	793	712	12		102629
15197179	13955186	81	252	43	11		102640	81	793	712	11		104944
15197179	16210652	81	252	45	11		100910	81	793	712	11		117764
15197179	14579476	81	252	43	13		128177	81	793	712	13		126502
15197179	7459221	81	252	33	9		117296	81	793	551	9		163106
15197179	18754874	81	252	43	11		129441	81	793	712	11		111896
15197179	35497190	81	252	39	13		131658	81	793	632	13		112263
15197179	9001623	81	252	38	8		118150	81	793	647	8		125643
15197179	15178444	81	252	38	10		97114	81	793	647	10		102470
16272469	19514897	49	234	48	7		95863	49	477	477	7		95337
16272469	16250137	49	234	42	11		94504	49	477	429	11		97354
16272469	18130267	49	234	37	7		98085	49	477	387	7		143055
16272469	18752428	49	234	37	7		101775	49	477	387	7		99571
16272469	18752426	49	234	37	7		104390	49	477	387	7		104048
16272469	18130598	49	234	37	7		100552	49	477	387	7		95164
16272469	14579088	49	234	48	7		95875	49	477	477	7		92198
16272469	18464147	49	234	48	7		94701	49	477	477	7		100143
16272469	41522043	49	234	42	12		92789	49	477	429	12		97320
16272469	14579494	49	234	48	11		91575	49	477	477	11		125455
16272469	15197179	49	234	48	9		97507	49	477	477	9		126603
16272469	16211076	49	234	37	7		116851	49	477	387	7		112990
16272469	16253106	49	234	48	8		118717	49	477	477	8		106128
16272469	14579493	49	234	48	11		124174	49	477	477	11		108800
16272469	49650310	49	234	48	9		107645	49	477	477	9		103983
16272469	7770986	49	234	48	7		98155	49	477	477	7		99147
16272469	17791429	49	234	42	9		97216	49	477	433	9		98509
16272469	7461171	49	234	48	11		91761	49	477	477	11		100376
16272469	6677293	49	234	48	10		91648	49	477	477	10		97724
16272469	21057006	49	234	37	10		109240	49	477	380	10		117988
16272469	18021634	49	234	45	13		97174	49	477	428	13		105482
16272469	13955186	49	234	42	9		96215	49	477	428	9		99854
16272469	16210652	49	234	45	11		107760	49	477	428	11		99342
16272469	14579476	49	234	43	12		97810	49	477	428	12		102242
16272469	7459221	49	234	34	7		101427	49	477	331	7		145594
16272469	18754874	49	234	42	10		94540	49	477	428	10		115657
16272469	35497190	49	234	39	12		125683	49	477	380	12		131297
16272469	9001623	49	234	37	9		108779	49	477	391	9		96026
16272469	15178444	49	234	37	9		139247	49	477	391	9		126622
16211076	19514897	5	47	25	7		101368	5	47	47	7		103481
16211076	16250137	5	47	22	10		101785	5	47	43	10		93993
16211076	18130267	5	47	20	7		87414	5	47	40	7		91227
16211076	18752428	5	47	20	7		90467	5	47	40	7		93162
16211076	18752426	5	47	20	7		92966	5	47	40	7		94151
16211076	18130598	5	47	20	7		96847	5	47	40	7		102266
16211076	14579088	5	47	25	7		92679	5	47	47	7		98466
16211076	18464147	5	47	25	7		94388	5	47	47	7		104262
16211076	41522043	5	47	22	9		93381	5	47	43	9		99588
16211076	14579494	5	47	25	9		97386	5	47	47	9		99420
16211076	15197179	5	47	25	9		108455	5	47	47	9		96860
16211076	16272469	5	47	23	7		94215	5	47	44	7		98133
16211076	16253106	5	47	25	8		109215	5	47	47	8		102871
16211076	14579493	5	47	25	9		120353	5	47	47	9		103571
16211076	49650310	5	47	25	6		118489	5	47	47	6		125489
16211076	7770986	5	47	25	7		107480	5	47	47	7		118260
16211076	17791429	5	47	22	6		100846	5	47	42	6		123345
16211076	7461171	5	47	25	9		94050	5	47	47	9		92387
16211076	6677293	5	47	25	7		91833	5	47	47	7		91304
16211076	21057006	5	47	20	10		91849	5	47	38	10		99763
16211076	18021634	5	47	22	9		90597	5	47	42	9		97234
16211076	13955186	5	47	22	9		93993	5	47	42	9		87765
16211076	16210652	5	47	23	8		96256	5	47	42	8		98898
16211076	14579476	5	47	23	9		93694	5	47	42	9		95405
16211076	7459221	5	47	18	7		90599	5	47	33	7		98259
16211076	18754874	5	47	22	9		100007	5	47	42	9		98734
16211076	35497190	5	47	20	9		94574	5	47	38	9		93451
16211076	9001623	5	47	20	6		90314	5	47	39	6		95145
16211076	15178444	5	47	20	7		93127	5	47	39	7		116711
16253106	19514897	81	263	49	7		94279	81	793	793	7		120749
16253106	16250137	81	263	43	10		129829	81	793	713	10		100355
16253106	18130267	81	263	39	7		148007	81	793	639	7		107494
16253106	18752428	81	263	39	7		138588	81	793	639	7		99486
16253106	18752426	81	263	39	7		104232	81	793	639	7		101960
16253106	18130598	81	263	39	7		102672	81	793	639	7		105624
16253106	14579088	81	263	49	7		110393	81	793	793	7		115319
16253106	18464147	81	263	49	7		104701	81	793	793	7		105307
16253106	41522043	81	263	43	12		99227	81	793	713	12		105861
16253106	14579494	81	263	49	9		105646	81	793	793	9		104861
16253106	15197179	81	263	49	9		102412	81	793	793	9		1047173
16253106	16272469	81	263	45	7		299452	81	793	719	7		743499
16253106	16211076	81	263	39	7		115970	81	793	639	7		135777
16253106	14579493	81	263	49	9		408282	81	793	793	9		390968
16253106	49650310	81	263	49	7		133876	81	793	793	7		104119
16253106	7770986	81	263	49	7		244809	81	793	793	7		151909
16253106	17791429	81	263	43	9		175899	81	793	721	9		119972
16253106	7461171	81	263	49	9		107598	81	793	793	9		130366
16253106	6677293	81	263	49	10		108449	81	793	793	10		118521
16253106	21057006	81	263	38	10		102208	81	793	632	10		111727
16253106	18021634	81	263	46	13		136593	81	793	712	13		118213
16253106	13955186	81	263	43	9		122974	81	793	712	9		119048
16253106	16210652	81	263	45	11		111450	81	793	712	11		140121
16253106	14579476	81	263	44	10		103249	81	793	712	10		191631
16253106	7459221	81	263	34	7		134385	81	793	551	7		123516
16253106	18754874	81	263	43	9		114604	81	793	712	9		168357
16253106	35497190	81	263	39	10		112908	81	793	632	10		99743
16253106	9001623	81	263	39	9		118548	81	793	647	9		149056
16253106	15178444	81	263	39	10		110975	81	793	647	10		114205
14579493	19514897	68	247	81	11		99511	68	668	668	11		114460
14579493	16250137	68	247	70	13		99141	68	668	600	13		107374
14579493	18130267	68	247	64	14		87654	68	668	536	14		96883
14579493	18752428	68	247	64	14		96505	68	668	536	14		91204
14579493	18752426	68	247	64	14		118364	68	668	536	14		96021
14579493	18130598	68	247	64	14		101367	68	668	536	14		101739
14579493	14579088	68	247	81	14		116851	68	668	668	14		137583
14579493	18464147	68	247	81	12		102368	68	668	668	12		127593
14579493	41522043	68	247	70	13		120974	68	668	600	13		164814
14579493	14579494	68	247	81	13		114681	68	668	668	13		135779
14579493	15197179	68	247	81	12		107377	68	668	668	12		115153
14579493	16272469	68	247	75	11		102187	68	668	604	11		114590
14579493	16211076	68	247	64	14		106049	68	668	536	14		110166
14579493	16253106	68	247	81	13		99226	68	668	668	13		100896
14579493	49650310	68	247	81	12		143032	68	668	668	12		100500
14579493	7770986	68	247	81	14		102660	68	668	668	14		104026
14579493	17791429	68	247	68	12		101781	68	668	608	12		118024
14579493	7461171	68	247	81	13		122045	68	668	668	13		98502
14579493	6677293	68	247	81	11		98557	68	668	668	11		107579
14579493	21057006	68	247	65	13		97358	68	668	532	13		100922
14579493	18021634	68	247	73	12		93614	68	668	600	12		102829
14579493	13955186	68	247	71	16		155414	68	668	600	16		99452
14579493	16210652	68	247	77	14		121149	68	668	600	14		120148
14579493	14579476	68	247	74	13		167867	68	668	600	13		127894
14579493	7459221	68	247	59	17		102685	68	668	464	17		133679
14579493	18754874	68	247	70	12		104829	68	668	600	12		118985
14579493	35497190	68	247	64	14		105273	68	668	532	14		106496
14579493	9001623	68	247	62	11		104738	68	668	544	11		101160
14579493	15178444	68	247	62	14		91586	68	668	544	14		110968
49650310	19514897	76	245	62	12		97903	76	746	746	12		102615
49650310	16250137	76	245	54	13		95540	76	746	670	13		99760
49650310	18130267	76	245	49	11		105179	76	746	599	11		110294
49650310	18752428	76	245	49	11		101543	76	746	599	11		96345
49650310	18752426	76	245	49	11		98979	76	746	599	11		104282
49650310	18130598	76	245	49	11		102251	76	746	599	11		100662
49650310	14579088	76	245	62	11		109918	76	746	746	11		107635
49650310	18464147	76	245	62	12		120167	76	746	746	12		123103
49650310	41522043	76	245	54	15		116139	76	746	670	15		122329
49650310	14579494	76	245	62	14		121399	76	746	746	14		127472
49650310	15197179	76	245	62	13		151790	76	746	746	13		112087
49650310	16272469	76	245	57	12		102904	76	746	675	12		107056
49650310	16211076	76	245	49	11		95470	76	746	599	11		109341
49650310	16253106	76	245	62	11		103047	76	746	746	11		113382
49650310	14579493	76	245	62	14		103970	76	746	746	14		104899
49650310	7770986	76	245	62	11		98784	76	746	746	11		108398
49650310	17791429	76	245	54	11		101436	76	746	679	11		106263
49650310	7461171	76	245	62	14		142615	76	746	746	14		114529
49650310	6677293	76	245	62	12		115028	76	746	746	12		115412
49650310	21057006	76	245	48	13		102012	76	746	594	13		107300
49650310	18021634	76	245	57	11		102267	76	746	670	11		116701
49650310	13955186	76	245	54	12		107571	76	746	670	12		128347
49650310	16210652	76	245	59	11		117273	76	746	670	11		112836
49650310	14579476	76	245	55	15		110201	76	746	670	15		107899
49650310	7459221	76	245	42	10		149927	76	746	518	10		124607
49650310	18754874	76	245	56	11		108307	76	746	670	11		114861
49650310	35497190	76	245	48	17		120961	76	746	594	17		106544
49650310	9001623	76	245	49	13		98531	76	746	608	13		113322
49650310	15178444	76	245	49	13		116386	76	746	608	13		112439
7770986	19514897	76	365	98	16		98898	76	746	746	16		107894
7770986	16250137	76	365	85	14		115097	76	746	670	14		108011
7770986	18130267	76	365	77	15		100154	76	746	599	15		108040
7770986	18752428	76	365	77	15		96188	76	746	599	15		112971
7770986	18752426	76	365	77	15		102479	76	746	599	15		115606
7770986	18130598	76	365	77	15		100630	76	746	599	15		107971
7770986	14579088	76	365	98	15		103421	76	746	746	15		114121
7770986	18464147	76	365	98	18		109843	76	746	746	18		113089
7770986	41522043	76	365	85	16		123449	76	746	670	16		111258
7770986	14579494	76	365	98	17		106512	76	746	746	17		110733
7770986	15197179	76	365	98	15		100664	76	746	746	15		111021
7770986	16272469	76	365	90	18		134544	76	746	675	18		109214
7770986	16211076	76	365	77	15		97213	76	746	599	15		106089
7770986	16253106	76	365	98	15		118171	76	746	746	15		117996
7770986	14579493	76	365	98	17		103364	76	746	746	17		122870
7770986	49650310	76	365	98	14		115181	76	746	746	14		115631
7770986	17791429	76	365	86	12		105220	76	746	679	12		120241
7770986	7461171	76	365	98	17		106565	76	746	746	17		109842
7770986	6677293	76	365	98	14		104521	76	746	746	14		126200
7770986	21057006	76	365	77	15		108869	76	746	594	15		115044
7770986	18021634	76	365	90	17		110652	76	746	670	17		119546
7770986	13955186	76	365	86	18		111103	76	746	670	18		112832
7770986	16210652	76	365	92	19		105714	76	746	670	19		117857
7770986	14579476	76	365	87	15		120364	76	746	670	15		115420
7770986	7459221	76	365	67	16		104369	76	746	518	16		144950
7770986	18754874	76	365	88	15		111897	76	746	670	15		122801
7770986	35497190	76	365	75	14		102990	76	746	594	14		104294
7770986	9001623	76	365	78	17		102385	76	746	608	17		136044
7770986	15178444	76	365	78	15		99646	76	746	608	15		111564
17791429	19514897	76	225	79	11		122570	76	746	746	11		111701
17791429	16250137	76	225	69	13		101039	76	746	670	13		106572
17791429	18130267	76	225	63	15		97006	76	746	599	15		109363
17791429	18752428	76	225	63	15		97934	76	746	599	15		92876
17791429	18752426	76	225	63	15		91441	76	746	599	15		101718
17791429	18130598	76	225	63	15		102708	76	746	599	15		112540
17791429	14579088	76	225	79	15		101423	76	746	746	15		104927
17791429	18464147	76	225	79	11		95017	76	746	746	11		113263
17791429	41522043	76	225	69	14		97171	76	746	670	14		100011
17791429	14579494	76	225	79	15		95861	76	746	746	15		98518
17791429	15197179	76	225	79	12		104620	76	746	746	12		111014
17791429	16272469	76	225	73	11		107017	76	746	675	11		118264
17791429	16211076	76	225	63	15		99844	76	746	599	15		108230
17791429	16253106	76	225	79	12		108120	76	746	746	12		125325
17791429	14579493	76	225	79	15		106948	76	746	746	15		127669
17791429	49650310	76	225	79	11		108113	76	746	746	11		116583
17791429	7770986	76	225	79	15		105900	76	746	746	15		100408
17791429	7461171	76	225	79	15		96772	76	746	746	15		105345
17791429	6677293	76	225	79	13		101122	76	746	746	13		103571
17791429	21057006	76	225	60	13		98921	76	746	594	13		101651
17791429	18021634	76	225	71	12		109607	76	746	670	12		113550
17791429	13955186	76	225	71	17		105565	76	746	670	17		107294
17791429	16210652	76	225	76	11		97514	76	746	670	11		103365
17791429	14579476	76	225	71	13		94036	76	746	670	13		101038
17791429	7459221	76	225	53	18		95299	76	746	518	18		101019
17791429	18754874	76	225	71	12		107692	76	746	670	12		296091
17791429	35497190	76	225	62	15		439578	76	746	594	15		427034
17791429	9001623	76	225	61	11		102807	76	746	608	11		300054
17791429	15178444	76	225	61	14		223958	76	746	608	14		177607
7461171	19514897	76	316	86	13		104520	76	746	746	13		106111
7461171	16250137	76	316	74	13		94530	76	746	670	13		96165
7461171	18130267	76	316	68	12		103951	76	746	599	12		127030
7461171	18752428	76	316	68	12		109015	76	746	599	12		118750
7461171	18752426	76	316	68	12		206987	76	746	599	12		141036
7461171	18130598	76	316	68	12		140943	76	746	599	12		109035
7461171	14579088	76	316	86	12		114791	76	746	746	12		114681
7461171	18464147	76	316	86	12		139798	76	746	746	12		211315
7461171	41522043	76	316	74	13		107299	76	746	670	13		132863
7461171	14579494	76	316	86	11		111328	76	746	746	11		117612
7461171	15197179	76	316	86	11		121069	76	746	746	11		114075
7461171	16272469	76	316	80	13		109253	76	746	675	13		137969
7461171	16211076	76	316	68	12		109004	76	746	599	12		106596
7461171	16253106	76	316	86	11		109218	76	746	746	11		114131
7461171	14579493	76	316	86	11		109863	76	746	746	11		136544
7461171	49650310	76	316	86	13		105325	76	746	746	13		111175
7461171	7770986	76	316	86	12		105332	76	746	746	12		108600
7461171	17791429	76	316	73	12		128901	76	746	679	12		113010
7461171	6677293	76	316	86	12		109211	76	746	746	12		135499
7461171	21057006	76	316	67	12		117218	76	746	594	12		111337
7461171	18021634	76	316	79	11		107389	76	746	670	11		116778
7461171	13955186	76	316	75	14		108840	76	746	670	14		204847
7461171	16210652	76	316	80	17		101005	76	746	670	17		129956
7461171	14579476	76	316	80	14		112730	76	746	670	14		135811
7461171	7459221	76	316	61	13		247240	76	746	518	13		115621
7461171	18754874	76	316	74	13		113093	76	746	670	13		228640
7461171	35497190	76	316	68	12		107513	76	746	594	12		103857
7461171	9001623	76	316	67	17		103820	76	746	608	17		250571
7461171	15178444	76	316	67	10		116590	76	746	608	10		114144
6677293	19514897	81	214	64	11		113173	81	793	793	11		111652
6677293	16250137	81	214	56	14		110194	81	793	713	14		112798
6677293	18130267	81	214	50	10		180389	81	793	639	10		171592
6677293	18752428	81	214	50	10		114584	81	793	639	10		111529
6677293	18752426	81	214	50	10		100469	81	793	639	10		105667
6677293	18130598	81	214	50	10		114760	81	793	639	10		122286
6677293	14579088	81	214	64	10		109711	81	793	793	10		143173
6677293	18464147	81	214	64	11		112752	81	793	793	11		112660
6677293	41522043	81	214	56	14		214430	81	793	713	14		124214
6677293	14579494	81	214	64	13		119099	81	793	793	13		618684
6677293	15197179	81	214	64	13		197441	81	793	793	13		452457
6677293	16272469	81	214	58	11		301955	81	793	719	11		204243
6677293	16211076	81	214	50	10		190058	81	793	639	10		206430
6677293	16253106	81	214	64	9		100679	81	793	793	9		112432
6677293	14579493	81	214	64	13		105437	81	793	793	13		114674
6677293	49650310	81	214	64	10		114518	81	793	793	10		126077
6677293	7770986	81	214	64	10		118793	81	793	793	10		121115
6677293	17791429	81	214	55	10		110698	81	793	721	10		111015
6677293	7461171	81	214	64	13		103673	81	793	793	13		110341
6677293	21057006	81	214	51	14		106288	81	793	632	14		112522
6677293	18021634	81	214	57	11		115009	81	793	712	11		118545
6677293	13955186	81	214	58	11		109555	81	793	712	11		112754
6677293	16210652	81	214	60	10		110263	81	793	712	10		111697
6677293	14579476	81	214	58	12		108646	81	793	712	12		112947
6677293	7459221	81	214	46	12		111220	81	793	551	12		122395
6677293	18754874	81	214	56	12		114000	81	793	712	12		120773
6677293	35497190	81	214	51	14		124453	81	793	632	14		121964
6677293	9001623	81	214	49	10		138986	81	793	647	10		171346
6677293	15178444	81	214	49	11		135176	81	793	647	11		119670
21057006	19514897	81	214	64	11		125103	81	793	793	11		341889
21057006	16250137	81	214	56	14		200010	81	793	713	14		135074
21057006	18130267	81	214	50	10		116205	81	793	639	10		107057
21057006	18752428	81	214	50	10		104120	81	793	639	10		101342
21057006	18752426	81	214	50	10		95818	81	793	639	10		118387
21057006	18130598	81	214	50	10		117872	81	793	639	10		103585
21057006	14579088	81	214	64	10		98405	81	793	793	10		113668
21057006	18464147	81	214	64	11		108614	81	793	793	11		112790
21057006	41522043	81	214	56	14		100791	81	793	713	14		107255
21057006	14579494	81	214	64	13		104360	81	793	793	13		127957
21057006	15197179	81	214	64	13		110153	81	793	793	13		110430
21057006	16272469	81	214	58	11		97126	81	793	719	11		112942
21057006	16211076	81	214	50	10		101325	81	793	639	10		112007
21057006	16253106	81	214	64	9		99065	81	793	793	9		134974
21057006	14579493	81	214	64	13		133860	81	793	793	13		122241
21057006	49650310	81	214	64	10		169734	81	793	793	10		114521
21057006	7770986	81	214	64	10		107453	81	793	793	10		175273
21057006	17791429	81	214	55	10		101226	81	793	721	10		148657
21057006	7461171	81	214	64	13		96725	81	793	793	13		166567
21057006	6677293	81	214	64	11		115417	81	793	793	11		105443
21057006	18021634	81	214	57	11		166282	81	793	712	11		109237
21057006	13955186	81	214	58	11		109221	81	793	712	11		103693
21057006	16210652	81	214	60	10		102164	81	793	712	10		114704
21057006	14579476	81	214	58	12		104375	81	793	712	12		106824
21057006	7459221	81	214	46	12		99666	81	793	551	12		103996
21057006	18754874	81	214	56	12		103643	81	793	712	12		103786
21057006	35497190	81	214	51	14		107905	81	793	632	14		102864
21057006	9001623	81	214	49	10		98717	81	793	647	10		136090
21057006	15178444	81	214	49	11		111104	81	793	647	11		105658
18021634	19514897	81	315	55	7		104703	81	793	793	7		112015
18021634	16250137	81	315	47	10		109841	81	793	713	10		102220
18021634	18130267	81	315	42	7		106812	81	793	639	7		109670
18021634	18752428	81	315	42	7		113348	81	793	639	7		114143
18021634	18752426	81	315	42	7		167310	81	793	639	7		106402
18021634	18130598	81	315	42	7		108465	81	793	639	7		106677
18021634	14579088	81	315	55	7		108783	81	793	793	7		102685
18021634	18464147	81	315	55	7		96083	81	793	793	7		99823
18021634	41522043	81	315	47	11		101828	81	793	713	11		109119
18021634	14579494	81	315	55	9		106375	81	793	793	9		107690
18021634	15197179	81	315	55	9		102854	81	793	793	9		110446
18021634	16272469	81	315	50	7		99964	81	793	719	7		103660
18021634	16211076	81	315	42	7		97300	81	793	639	7		104083
18021634	16253106	81	315	55	8		99329	81	793	793	8		120635
18021634	14579493	81	315	55	9		115027	81	793	793	9		106682
18021634	49650310	81	315	55	7		119764	81	793	793	7		110800
18021634	7770986	81	315	55	7		107229	81	793	793	7		105967
18021634	17791429	81	315	49	8		105383	81	793	721	8		115926
18021634	7461171	81	315	55	9		108791	81	793	793	9		141513
18021634	6677293	81	315	55	9		114566	81	793	793	9		109976
18021634	21057006	81	315	43	10		109526	81	793	632	10		108009
18021634	13955186	81	315	49	9		109099	81	793	712	9		153510
18021634	16210652	81	315	50	13		102595	81	793	712	13		103185
18021634	14579476	81	315	48	11		112718	81	793	712	11		113898
18021634	7459221	81	315	38	7		101619	81	793	551	7		102272
18021634	18754874	81	315	49	9		97383	81	793	712	9		105581
18021634	35497190	81	315	42	11		100388	81	793	632	11		108586
18021634	9001623	81	315	44	7		97887	81	793	647	7		107523
18021634	15178444	81	315	44	9		111021	81	793	647	9		114731
13955186	19514897	81	243	52	12		101474	81	793	793	12		114228
13955186	16250137	81	243	45	14		102616	81	793	713	14		103417
13955186	18130267	81	243	41	9		113674	81	793	639	9		123417
13955186	18752428	81	243	41	9		96538	81	793	639	9		106170
13955186	18752426	81	243	41	9		118525	81	793	639	9		120197
13955186	18130598	81	243	41	9		109289	81	793	639	9		138274
13955186	14579088	81	243	52	9		108100	81	793	793	9		116018
13955186	18464147	81	243	52	12		115677	81	793	793	12		115490
13955186	41522043	81	243	45	12		104452	81	793	713	12		115238
13955186	14579494	81	243	52	11		109168	81	793	793	11		120260
13955186	15197179	81	243	52	15		111358	81	793	793	15		127175
13955186	16272469	81	243	48	12		112824	81	793	719	12		116743
13955186	16211076	81	243	41	9		119200	81	793	639	9		113298
13955186	16253106	81	243	52	10		119958	81	793	793	10		117327
13955186	14579493	81	243	52	11		115061	81	793	793	11		119736
13955186	49650310	81	243	52	9		107738	81	793	793	9		127175
13955186	7770986	81	243	52	9		113536	81	793	793	9		200017
13955186	17791429	81	243	45	9		112053	81	793	721	9		114661
13955186	7461171	81	243	52	11		105639	81	793	793	11		121092
13955186	6677293	81	243	52	10		109757	81	793	793	10		104022
13955186	21057006	81	243	40	12		107784	81	793	632	12		107809
13955186	18021634	81	243	47	14		109755	81	793	712	14		109163
13955186	16210652	81	243	49	12		108469	81	793	712	12		116914
13955186	14579476	81	243	47	12		123434	81	793	712	12		139178
13955186	7459221	81	243	37	9		97479	81	793	551	9		92332
13955186	18754874	81	243	46	15		97485	81	793	712	15		104347
13955186	35497190	81	243	42	13		109146	81	793	632	13		113920
13955186	9001623	81	243	41	13		105851	81	793	647	13		108447
13955186	15178444	81	243	41	9		99264	81	793	647	9		102617
16210652	19514897	81	243	46	8		103610	81	793	793	8		106012
16210652	16250137	81	243	40	11		92602	81	793	713	11		102784
16210652	18130267	81	243	36	8		107293	81	793	639	8		109006
16210652	18752428	81	243	36	8		97886	81	793	639	8		103247
16210652	18752426	81	243	36	8		93886	81	793	639	8		103579
16210652	18130598	81	243	36	8		109044	81	793	639	8		110403
16210652	14579088	81	243	46	8		101909	81	793	793	8		130843
16210652	18464147	81	243	46	8		106684	81	793	793	8		113857
16210652	41522043	81	243	40	13		103844	81	793	713	13		104881
16210652	14579494	81	243	46	11		96704	81	793	793	11		140173
16210652	15197179	81	243	46	10		108608	81	793	793	10		114898
16210652	16272469	81	243	42	8		122589	81	793	719	8		112567
16210652	16211076	81	243	36	8		1700240	81	793	639	8		118453
16210652	16253106	81	243	46	9		114121	81	793	793	9		122382
16210652	14579493	81	243	46	11		109705	81	793	793	11		112296
16210652	49650310	81	243	46	8		132285	81	793	793	8		108311
16210652	7770986	81	243	46	8		105630	81	793	793	8		106791
16210652	17791429	81	243	41	10		121745	81	793	721	10		128732
16210652	7461171	81	243	46	11		140552	81	793	793	11		104173
16210652	6677293	81	243	46	11		96311	81	793	793	11		118332
16210652	21057006	81	243	34	11		100604	81	793	632	11		115736
16210652	18021634	81	243	42	12		108043	81	793	712	12		115887
16210652	13955186	81	243	41	10		112979	81	793	712	10		109929
16210652	14579476	81	243	41	13		122195	81	793	712	13		115010
16210652	7459221	81	243	31	8		109833	81	793	551	8		110391
16210652	18754874	81	243	41	10		104559	81	793	712	10		130735
16210652	35497190	81	243	37	14		116306	81	793	632	14		123610
16210652	9001623	81	243	37	11		99237	81	793	647	11		106462
16210652	15178444	81	243	37	9		94863	81	793	647	9		107754
14579476	19514897	81	234	71	10		107679	81	793	793	10		124359
14579476	16250137	81	234	64	14		103693	81	793	713	14		111269
14579476	18130267	81	234	56	12		112948	81	793	639	12		144778
14579476	18752428	81	234	56	12		129064	81	793	639	12		108948
14579476	18752426	81	234	56	12		101034	81	793	639	12		131053
14579476	18130598	81	234	56	12		108444	81	793	639	12		145302
14579476	14579088	81	234	71	12		112852	81	793	793	12		117847
14579476	18464147	81	234	71	11		106483	81	793	793	11		123235
14579476	41522043	81	234	64	12		113364	81	793	713	12		113240
14579476	14579494	81	234	71	12		109869	81	793	793	12		99699
14579476	15197179	81	234	71	13		103313	81	793	793	13		106055
14579476	16272469	81	234	63	10		97519	81	793	719	10		100983
14579476	16211076	81	234	56	12		101492	81	793	639	12		113705
14579476	16253106	81	234	71	12		112709	81	793	793	12		109906
14579476	14579493	81	234	71	12		102676	81	793	793	12		105216
14579476	49650310	81	234	71	11		102363	81	793	793	11		108589
14579476	7770986	81	234	71	12		104545	81	793	793	12		104933
14579476	17791429	81	234	60	10		106983	81	793	721	10		113159
14579476	7461171	81	234	71	12		109135	81	793	793	12		105207
14579476	6677293	81	234	71	10		104740	81	793	793	10		132932
14579476	21057006	81	234	59	15		109720	81	793	632	15		106264
14579476	18021634	81	234	63	14		107532	81	793	712	14		108228
14579476	13955186	81	234	64	13		119413	81	793	712	13		155117
14579476	16210652	81	234	67	13		103271	81	793	712	13		108121
14579476	7459221	81	234	53	14		98694	81	793	551	14		109612
14579476	18754874	81	234	62	13		106323	81	793	712	13		107914
14579476	35497190	81	234	58	13		110870	81	793	632	13		116303
14579476	9001623	81	234	52	11		109127	81	793	647	11		120406
14579476	15178444	81	234	52	10		101361	81	793	647	10		102086
7459221	19514897	34	176	59	10		99600	34	333	333	10		101545
7459221	16250137	34	176	51	11		99452	34	333	299	11		106404
7459221	18130267	34	176	46	9		95183	34	333	268	9		101706
7459221	18752428	34	176	46	9		115603	34	333	268	9		113066
7459221	18752426	34	176	46	9		100381	34	333	268	9		102906
7459221	18130598	34	176	46	9		95955	34	333	268	9		102657
7459221	14579088	34	176	59	9		106918	34	333	333	9		104195
7459221	18464147	34	176	59	10		98861	34	333	333	10		115979
7459221	41522043	34	176	51	14		106847	34	333	299	14		107653
7459221	14579494	34	176	59	12		98150	34	333	333	12		100947
7459221	15197179	34	176	59	11		106923	34	333	333	11		100434
7459221	16272469	34	176	54	10		108278	34	333	302	10		102253
7459221	16211076	34	176	46	9		103908	34	333	268	9		104602
7459221	16253106	34	176	59	9		107229	34	333	333	9		114677
7459221	14579493	34	176	59	12		114001	34	333	333	12		113708
7459221	49650310	34	176	59	8		98369	34	333	333	8		103410
7459221	7770986	34	176	59	9		98502	34	333	333	9		98728
7459221	17791429	34	176	51	12		97895	34	333	303	12		93941
7459221	7461171	34	176	59	12		97662	34	333	333	12		101384
7459221	6677293	34	176	59	10		113473	34	333	333	10		109181
7459221	21057006	34	176	45	11		97799	34	333	265	11		99469
7459221	18021634	34	176	54	11		98703	34	333	299	11		109548
7459221	13955186	34	176	51	11		100561	34	333	299	11		98420
7459221	16210652	34	176	57	10		97346	34	333	299	10		102165
7459221	14579476	34	176	53	13		119193	34	333	299	13		114417
7459221	18754874	34	176	53	11		117273	34	333	299	11		107718
7459221	35497190	34	176	46	13		101390	34	333	265	13		105611
7459221	9001623	34	176	46	13		100559	34	333	272	13		113567
7459221	15178444	34	176	46	13		96647	34	333	272	13		119644
18754874	19514897	81	214	47	8		117830	81	793	793	8		119521
18754874	16250137	81	214	42	12		101823	81	793	713	12		107019
18754874	18130267	81	214	37	8		99745	81	793	639	8		102087
18754874	18752428	81	214	37	8		97870	81	793	639	8		108234
18754874	18752426	81	214	37	8		97754	81	793	639	8		104207
18754874	18130598	81	214	37	8		104212	81	793	639	8		117891
18754874	14579088	81	214	47	8		97847	81	793	793	8		107825
18754874	18464147	81	214	47	8		100854	81	793	793	8		104460
18754874	41522043	81	214	42	12		103756	81	793	713	12		101939
18754874	14579494	81	214	47	12		94840	81	793	793	12		109564
18754874	15197179	81	214	47	11		110765	81	793	793	11		121371
18754874	16272469	81	214	42	8		97621	81	793	719	8		108329
18754874	16211076	81	214	37	8		98000	81	793	639	8		104063
18754874	16253106	81	214	47	10		122323	81	793	793	10		123461
18754874	14579493	81	214	47	12		101511	81	793	793	12		106281
18754874	49650310	81	214	47	8		97449	81	793	793	8		153559
18754874	7770986	81	214	47	8		125175	81	793	793	8		112496
18754874	17791429	81	214	42	9		99181	81	793	721	9		146108
18754874	7461171	81	214	47	12		101639	81	793	793	12		104407
18754874	6677293	81	214	47	10		100912	81	793	793	10		114438
18754874	21057006	81	214	37	11		108243	81	793	632	11		109801
18754874	18021634	81	214	43	10		105109	81	793	712	10		105397
18754874	13955186	81	214	42	10		104110	81	793	712	10		109210
18754874	16210652	81	214	44	10		103932	81	793	712	10		107320
18754874	14579476	81	214	42	12		101555	81	793	712	12		188807
18754874	7459221	81	214	32	8		101567	81	793	551	8		101434
18754874	35497190	81	214	37	12		105827	81	793	632	12		108832
18754874	9001623	81	214	37	9		103111	81	793	647	9		106393
18754874	15178444	81	214	37	10		110003	81	793	647	10		111990
35497190	19514897	81	243	63	10		136615	81	793	793	10		124268
35497190	16250137	81	243	57	14		116076	81	793	713	14		110987
35497190	18130267	81	243	50	10		102886	81	793	639	10		111368
35497190	18752428	81	243	50	10		99467	81	793	639	10		132298
35497190	18752426	81	243	50	10		108425	81	793	639	10		113346
35497190	18130598	81	243	50	10		107521	81	793	639	10		113188
35497190	14579088	81	243	63	10		99706	81	793	793	10		102305
35497190	18464147	81	243	63	11		99557	81	793	793	11		110106
35497190	41522043	81	243	57	13		102159	81	793	713	13		103493
35497190	14579494	81	243	63	12		96979	81	793	793	12		115842
35497190	15197179	81	243	63	12		126433	81	793	793	12		105658
35497190	16272469	81	243	56	10		100748	81	793	719	10		112420
35497190	16211076	81	243	50	10		100955	81	793	639	10		106399
35497190	16253106	81	243	63	10		116493	81	793	793	10		104356
35497190	14579493	81	243	63	12		103750	81	793	793	12		125574
35497190	49650310	81	243	63	9		116904	81	793	793	9		103254
35497190	7770986	81	243	63	10		94581	81	793	793	10		111551
35497190	17791429	81	243	55	10		108466	81	793	721	10		104623
35497190	7461171	81	243	63	12		105494	81	793	793	12		110031
35497190	6677293	81	243	63	11		117242	81	793	793	11		142579
35497190	21057006	81	243	51	13		107508	81	793	632	13		114539
35497190	18021634	81	243	57	13		109896	81	793	712	13		112296
35497190	13955186	81	243	56	12		98730	81	793	712	12		108153
35497190	16210652	81	243	59	12		95197	81	793	712	12		118542
35497190	14579476	81	243	57	12		114416	81	793	712	12		134262
35497190	7459221	81	243	45	10		107092	81	793	551	10		103748
35497190	18754874	81	243	56	13		101448	81	793	712	13		113306
35497190	9001623	81	243	48	9		100582	81	793	647	9		103478
35497190	15178444	81	243	48	10		96839	81	793	647	10		107356
9001623	19514897	81	233	53	12		117491	81	793	793	12		121010
9001623	16250137	81	233	46	14		103532	81	793	713	14		112021
9001623	18130267	81	233	42	9		104508	81	793	639	9		124585
9001623	18752428	81	233	42	9		100493	81	793	639	9		106222
9001623	18752426	81	233	42	9		123734	81	793	639	9		113958
9001623	18130598	81	233	42	9		115353	81	793	639	9		116887
9001623	14579088	81	233	53	9		99232	81	793	793	9		108169
9001623	18464147	81	233	53	12		128783	81	793	793	12		114102
9001623	41522043	81	233	46	12		103748	81	793	713	12		109542
9001623	14579494	81	233	53	12		125852	81	793	793	12		117596
9001623	15197179	81	233	53	15		101402	81	793	793	15		139790
9001623	16272469	81	233	49	12		96717	81	793	719	12		101041
9001623	16211076	81	233	42	9		98093	81	793	639	9		96348
9001623	16253106	81	233	53	10		101000	81	793	793	10		104856
9001623	14579493	81	233	53	12		112335	81	793	793	12		121374
9001623	49650310	81	233	53	9		110489	81	793	793	9		103289
9001623	7770986	81	233	53	9		99874	81	793	793	9		107807
9001623	17791429	81	233	46	9		103808	81	793	721	9		106621
9001623	7461171	81	233	53	12		97864	81	793	793	12		105667
9001623	6677293	81	233	53	10		105141	81	793	793	10		116878
9001623	21057006	81	233	41	12		101803	81	793	632	12		109388
9001623	18021634	81	233	48	14		124889	81	793	712	14		106719
9001623	13955186	81	233	46	11		104881	81	793	712	11		111786
9001623	16210652	81	233	50	12		109753	81	793	712	12		124890
9001623	14579476	81	233	48	12		143322	81	793	712	12		115795
9001623	7459221	81	233	37	9		94832	81	793	551	9		102608
9001623	18754874	81	233	47	15		97213	81	793	712	15		112217
9001623	35497190	81	233	42	13		94915	81	793	632	13		106696
9001623	15178444	81	233	42	10		97943	81	793	647	10		111149
15178444	19514897	52	226	67	9		112528	52	509	509	9		107931
15178444	16250137	52	226	59	13		97726	52	509	457	13		101501
15178444	18130267	52	226	53	12		98426	52	509	410	12		108236
15178444	18752428	52	226	53	12		95555	52	509	410	12		104751
15178444	18752426	52	226	53	12		92506	52	509	410	12		104179
15178444	18130598	52	226	53	12		117819	52	509	410	12		114049
15178444	14579088	52	226	67	12		100482	52	509	509	12		106259
15178444	18464147	52	226	67	11		95692	52	509	509	11		107653
15178444	41522043	52	226	59	13		95757	52	509	457	13		122085
15178444	14579494	52	226	67	11		97296	52	509	509	11		110344
15178444	15197179	52	226	67	10		106729	52	509	509	10		111503
15178444	16272469	52	226	61	9		100760	52	509	462	9		109197
15178444	16211076	52	226	53	12		126331	52	509	410	12		109887
15178444	16253106	52	226	67	10		97361	52	509	509	10		104621
15178444	14579493	52	226	67	11		139218	52	509	509	11		112020
15178444	49650310	52	226	67	10		107685	52	509	509	10		114300
15178444	7770986	52	226	67	12		477838	52	509	509	12		638572
15178444	17791429	52	226	58	12		97084	52	509	463	12		504803
15178444	7461171	52	226	67	11		539618	52	509	509	11		266125
15178444	6677293	52	226	67	11		103609	52	509	509	11		175198
15178444	21057006	52	226	52	11		230482	52	509	405	11		122332
15178444	18021634	52	226	61	11		95843	52	509	457	11		110633
15178444	13955186	52	226	59	13		108622	52	509	457	13		115229
15178444	16210652	52	226	64	12		99908	52	509	457	12		100444
15178444	14579476	52	226	61	13		97272	52	509	457	13		106410
15178444	7459221	52	226	46	12		97870	52	509	353	12		107946
15178444	18754874	52	226	59	11		95577	52	509	457	11		119028
15178444	35497190	52	226	53	12		105507	52	509	405	12		106746
15178444	9001623	52	226	52	9		99496	52	509	416	9		102161
