NEW
19514897
4
18464147
415
18130598
533
41522043
777
16250137
854
NEW
16250137
3
41522043
238
18752426
265
14579088
411
NEW
18130267
-1
NEW
18752428
0
NEW
18752426
2
18130598
192
19514897
465
NEW
18130598
-1
NEW
14579088
1
19514897
983
NEW
18464147
4
18130598
226
19514897
250
41522043
473
16250137
550
NEW
41522043
2
16250137
97
19514897
589
NEW
14579494
4
14579088
250
16250137
806
18464147
848
19514897
1101
NEW
15197179
6
19514897
100
41522043
309
18464147
322
16250137
386
18130598
440
14579088
482
NEW
16272469
6
19514897
129
18464147
137
18130598
239
41522043
486
16250137
563
14579088
659
NEW
16211076
0
NEW
16253106
5
18130598
135
19514897
377
41522043
510
16250137
587
14579088
683
NEW
14579493
5
14579088
267
41522043
746
16250137
823
18464147
865
19514897
1118
NEW
49650310
6
18464147
142
19514897
242
18130598
368
41522043
612
16250137
689
14579088
785
NEW
7770986
5
18464147
505
18130598
713
19514897
758
41522043
960
16250137
1037
NEW
17791429
3
41522043
154
16250137
251
19514897
645
NEW
7461171
7
14579088
268
41522043
747
16250137
824
18464147
866
18752426
936
18130598
1074
19514897
1119
NEW
6677293
3
41522043
57
16250137
154
19514897
532
NEW
21057006
3
41522043
54
16250137
151
19514897
535
NEW
18021634
5
18464147
540
18130598
748
19514897
793
41522043
995
16250137
1072
NEW
13955186
5
18464147
124
18130598
332
19514897
377
41522043
579
16250137
656
NEW
16210652
5
18464147
455
18130598
663
19514897
708
41522043
910
16250137
987
NEW
14579476
4
41522043
411
14579088
427
16250137
488
18752426
600
NEW
7459221
5
18464147
467
18130598
675
19514897
720
41522043
922
16250137
999
NEW
18754874
6
19514897
582
18464147
594
41522043
640
18130598
712
16250137
737
14579088
1058
NEW
35497190
4
41522043
1044
16250137
1121
18752426
1233
14579088
1281
NEW
9001623
6
18464147
718
19514897
816
18130598
944
41522043
1186
16250137
1263
14579088
1359
NEW
15178444
7
14579088
464
41522043
898
16250137
975
18464147
1062
18752426
1087
18130598
1270
19514897
1315
